0
1.3218754869586138
1.3795182538978774
0.6933910747279624
0.5198376725409211
1.3137847813068748
0.0883694462776663
1.3944984501057638
1.1813316840392365
1.5497664758421825
0.451364752578174
1.6062938558185267
1.6178245576295545
2.0627306206056413
1.8622806304412791
2.7022859288162095
1.9861073389554456
2.8352418051281405
2.4108392253712108
2.8871855568591305
2.698717486952887
3.2551162066534545
2.665648614249964
2.8667465509520205
3.2099987272144173
2.7258660295044947
2.3521838945545723
2.8375542486908265
1.8246231467483733
3.2446278196576572
2.5032254955489712
2.8534803453221262
3.052496857048795
1.8752728236453022
2.042511737216627
2.0317229372883028
2.66417931077578
1.8119614313895633
2.522058856863385
2.07202035379015
2.4518312533592885
3.2105624155418075
2.844517550291867
2.9084658453697467
2.7313789206290036
2.6239150942641776
2.3380548883182657
1.693265432537516
2.602861474718541
2.048255832683311
2.260341333570258
3.125760579742601
2.281472361849562
2.616798732630072
2.956211279958892
2.2392175168965816
2.5076918069927903
2.9568282971014566
3.0587681959360236
3.487851997469892
2.6312290934458846
3.508538976565724
3.1400387883875753
2.6769035790620355
2.6797196643604146
2.2483026442928598
2.0745466460718234
1.9657561988424468
2.7493463453904363
2.2409045709272153
2.9474225259442806
2.5365765379890295
2.817391048324567
3.4042680928453803
3.42768293321063
3.421266660869019
3.2085580654647505
3.5757916738040203
2.3798641375486413
3.1201886303254422
1.9946433717077738
3.0760436034491256
3.484277330421987
3.6798143556934724
4.390554356471862
3.8667953596469156
3.7132031926459956
2.810516856662329
3.0230305822530172
2.770217202809252
2.2953320339127834
2.727759852005901
1.7835486561182918
1.755680123614581
1.293370877092315
0.8151700757451233
1.023601611684566
0.8600423826372862
1.3221252913219235
0.9523381496243226
0.9622722321061622
0.7114519731482405
0.8688709317042094
0.790291850222145
1.80111207012033
1.017627466300822
1.1212741527330574
1.4764140550863865
1.4912113242429805
1.3518520454194005
1.8462649364055927
1.938009556473023
2.0254023186460395
1.177288130827705
2.334590065467351
1.8835087713189798
1.1235023925275702
1.375863701354145
0.45113656862618867
0.8410243397860775
0.502384959453189
0.873801070937131
0.22869199963132114
-0.2609754064582447
-0.1890552236086428
-0.8805329892177308
-0.6441287356162311
-1.1022555525208653
-1.872833193553902
-0.939786571593933
-2.040600088394572
-2.3828939184776714
-2.768402680219308
-2.320863178601859
-2.463080410255922
-1.9152314254443155
-3.2770351418917256
-2.483093633023022
-3.2576264577089673
-2.825393624542331
-2.6761511650178718
-3.609987940172057
-3.6305656029767794
-4.142908216988269
-3.985031669403987
-3.5818206201806135
-3.570481264852366
-3.6635509631638192
-3.336582291557791
-4.278053949772371
-4.304822708377529
-3.683981257895943
-3.5607686147930853
-3.5283437702459675
-2.5245746599976373
-3.3065803731449552
-3.4159189746440863
-3.047574889303878
-3.753264815011077
-3.5515562423845912
-4.590786970415372
-4.4050747412426
-4.699705146018666
-4.362293641410035
-4.430284112756452
-4.470074692045539
-3.978164920367599
-4.11954516850423
-4.296266949609568
-4.421354207691492
-4.417730005453729
-3.936566787772522
-2.993341309430788
-3.946012911154712
-3.80011279031489
-3.983047714184599
-3.197077700154431
-3.54931307762869
-3.674853018110564
-3.160978705093336
-3.5052490695549765
-2.5528432201151814
-2.6042415469782667
-3.06317421890803
-2.93645766930306
-3.60141579349965
-2.732002857464909
-2.565920669556059
-2.58797803393646
-2.5316683779640456
-2.176391113748293
-1.089448144027337
-1.6538553211095797
-1.6125599824563297
-1.992554296355637
-1.6759676648843764
-1.7123639789300804
-1.6776012291202809
-2.2727046166453375
-2.6174699628903526
-1.4985665652636888
-1.6205324026417427
-1.5709455230470037
-1.8736706492314181
-1.0519525557014702
-1.6676564837147427
-2.1975587391049882
-2.5324832755894215
-2.499652252951361
-3.082670472458787
-3.6694274556348523
-5.195729743482105
-3.2296044494728346
-1.0364622209164556
-1.670316167859239
-2.472432396196465
-3.099850366683047
-5.284270045074784
-6.771569446073482
-7.405140854617429
-5.407624422552953
-5.988151137180208
-8.095270644357585
-8.19737909110489
-8.602507401298018
-10.127119876109054
-11.171684712683565
-13.007059197357863
-14.306518320780821
-15.671664500007504
-16.07773661873974
-17.667890809303856
-17.879688925738662
-15.78693942652085
-12.735892790993152
-13.346400959290872
-14.55286796183394
-12.732364801676674
-11.91725488760704
-10.358056383384165
-8.051808082089366
-9.141090551976971
-10.156260990590699
-9.557375099982744
-11.370540880470957
-12.105721523409049
-13.092854561178495
-15.237094687711863
-17.614750889062766
-19.167496284686624
-20.228610450253754
-23.344307964931406
-28.025605659089063
-31.724646774150074
-33.63840253461798
-34.05147917102679
-37.339354588377375
-38.60302555401087
-36.73886310004766
-37.079228880342654
-36.99506729692229
-34.9200401430243
-33.52594958147433
-33.112962003538634
-31.458174798870026
-29.24407212249754
-26.323120174182108
-24.085395824613222
-24.948463167102638
-25.53628358140045
-25.84622619407113
-25.46537933007943
-25.508512883543833
-27.850580801566878
-31.840663117570422
-33.81470369397273
-32.91223960536117
-31.987829435208095
-31.05626052410542
-29.121446848878517
-29.213695392929154
-32.39382830077235
-36.60975815069597
-39.720194453188626
-41.15532715148461
-42.91615834085282
-44.50218580816976
-44.614730228549284
-44.66283253776451
-44.1865482071007
-45.13809153483944
-46.92575287601526
-46.259173647766396
-46.20226452918008
-44.15006908981461
-40.28275768945779
-38.38457215767059
-36.00995779181393
-36.1757876722007
-35.864208638576855
-38.176123463282245
-39.40174259572616
-42.86653728045316
-44.29357411102932
-44.886639432949245
-46.99035903657355
-46.19399169035558
-45.93374577528411
-44.114157654841755
-39.75451137813563
-36.270225853570146
-34.12233651614454
-32.229835284115325
-30.903253151840055
-27.831684941764376
-27.80960196286074
-29.093972314469685
-27.501679220189004
-26.536680062452934
-27.684818938769
-27.82435241205931
-27.18961072123656
-26.029383962648385
-27.332312248177992
-27.478359057014217
-30.986038510832387
-31.864109003033793
-32.814761020232574
-32.999836603483004
-33.934289091757606
-32.29045799994655
-29.742321505736463
-28.419582668762565
-27.129612222242763
-26.860694478242753
-27.715326490399434
-26.043072201137967
-27.07929396080525
-28.38680155480492
-29.128675105283467
-30.636633854490096
-32.978575649592365
-32.8853779351947
-32.08069000281122
-30.07585173022225
-28.325842115583423
-28.90874203536906
-27.896214006682705
-27.008841362277977
-28.303539490088973
-30.756553995286957
-32.11972411258266
-30.26672630096128
-31.04003562147088
-30.455122911020908
-29.1681863825765
-26.633807746323253
-23.375028301192764
-20.19501397442186
-18.725827097203215
-17.045149178661447
-16.85418849661515
-15.972900900967286
-15.772552267691628
-15.96265528848765
-15.894795260029463
-13.753025561851409
-11.877561901263865
-13.646728343589348
-14.92063604480331
-15.496302094994881
-17.590259932587564
-17.98422560898069
-14.937236577514941
-12.757703860022566
-9.967081704847644
-9.127025574739397
-5.9622424930299065
-2.6752092061647925
-0.6242770717678218
-0.3539694622128241
-0.9261501715476086
-2.1712849037041595
-2.768804533641803
-3.325342850718473
-5.577952395168942
-3.36936551076982
-2.671236045642882
-2.357443863280816
-2.3767740710246796
-2.653455914316252
-5.297168055783509
-8.613075177719029
-10.824125934725034
-13.961688034979604
-15.52555169752643
-14.467164477322399
-15.464747025857156
-13.167893463326058
-12.41966500122212
-13.39582563798714
-13.5264727739608
-15.24691625059905
-14.140900471246532
-13.212060426637423
-12.389042303534412
-15.624782354313108
-11.345737855188439
-13.148905730543069
-17.40043067454426
-17.07421349284338
-14.717686856091873
-14.63324748760772
-13.476376831966185
-8.73311022219691
-9.076448955144137
-9.672335548564897
-8.6613399474278
-11.307325994328458
-8.142416997484332
-5.532207025096528
-7.149199448243657
-3.166571206180774
-1.5690786759686715
-6.302496116439939
-3.45059541843771
0.05122056012530196
-3.6374740210416854
-8.703808879864148
-8.26182381988011
-12.47787120369809
-16.235783698945895
-13.50082688100532
-15.144881992512111
-17.746368859366484
-12.357275569201805
-11.813383846423747
-17.030279933056676
-11.5772280543684
-10.7041727662653
-10.9752098053549
-8.981355787229369
-8.7564265349079
-8.825141521391163
-7.911990337083848
-5.479836785607084
-7.8894140723162804
-6.118867930236355
-10.167715823711617
-9.134708494254966
-7.387943535714677
-8.352018511664985
-9.079789480135378
-7.916265315378283
-11.710969961881432
-10.548250227216066
-12.81105276197165
-16.12965546037821
-16.00036608606282
-17.645880361277193
-18.601812416585602
-21.678815143475536
-23.592941798009175
-23.321240599503312
-29.98025328997521
-30.3744887892325
-25.708221248028643
-27.610564423537063
-29.391280239083798
-27.77404228163509
-28.95629328094088
-30.352389366508124
-27.060485449006823
-27.704824491694808
-25.854392022328188
-22.963335275769495
-22.771610142170317
-19.27467299605704
-18.86328959047623
-20.160758412422012
-17.562607954343108
-17.55168760524415
-18.48894173212819
-20.669811860313132
-19.130068482955036
-19.911463528547905
-21.785617136444078
-18.946385505447616
-16.66159645714209
-21.35677798682657
-18.74383375581306
-13.905724327324627
-20.262993267610153
-20.284085066509874
-13.516960582526035
-17.842699202189507
-20.11959868772205
-14.89734866056835
-24.587642659629058
-27.119520206274213
-20.29346257998114
-24.017261555091846
-27.03368833924607
-23.895018337199136
-25.759580062742764
-26.88647207748505
-24.288121917018696
-26.03140814414829
-27.03566331356377
-22.54057612053679
-31.777436326846342
-31.117327443640274
-26.82699486784549
-32.258979030003196
-30.192861038799062
-28.832454736636265
-31.69111775802153
-31.821011962229804
-29.370777060529296
-29.15765222322671
-33.6361110148588
-32.746068633844246
-33.31771718601771
-35.91866028567267
-35.81431415311687
-29.844608204695962
-28.605322044565334
-27.088638851671764
-22.153508710389303
-18.596134154149272
-14.010626473539688
-12.930638781912418
-14.324276284573493
-16.15086683976333
-16.161667283451546
-14.237953257332904
-15.621587849805168
-17.058830356644346
-19.742450154808306
-19.2466230957516
-21.721619751303827
-30.682848768876585
-29.342030815301886
-27.560399611627464
-31.797940598800203
-34.27882213250153
-32.533182881354136
-36.00698620364515
-35.33597860845495
-36.69788503111387
-37.255668690916465
-41.59585679008444
-43.18229744382738
-40.96085896781712
-40.989200597734836
-40.64117668645327
-37.857530684153545
-38.62940755685326
-44.420816543352224
-43.73723650344884
-40.12482054300338
-43.69936316976554
-41.581022327612324
-42.91756843016306
-42.67421334880575
-39.24012179207165
-41.55394716920415
-46.06809603779017
-43.2153171679048
-39.685426972114996
-42.429073752940724
-43.55175668703472
-43.08295097417231
-39.23120045231942
-36.11875860877666
-40.44036701538828
-40.83216898663602
-37.68018718752944
-37.89898446098577
-39.661332289546884
-34.37922446537949
-37.59799774795449
-37.39771421503489
-33.57436924932897
-36.75684222704521
-34.60606328342459
-32.585481454281684
-31.516255428685408
-30.754144201136484
-29.351108026289598
-23.728093534602145
-25.801482958398577
-22.34615039524482
-17.282794098224407
-20.176346898324216
-20.45650126116958
-16.084688375685822
-15.983625269094102
-13.379379619592283
-11.853195756543403
-12.726209815123951
-14.0678197595482
-16.429803379907355
-15.274535129931465
-15.701786969143516
-15.767306897501731
-10.527025406364517
-10.699040112767783
-9.160089167817198
-15.537436969819273
-9.38442658326463
-12.602894338294767
-9.780174626023909
-10.52849896993782
-8.711961938578497
-9.399728706008432
-12.33962178437453
-17.858083231192882
-17.00008807905224
-16.930517418614254
-19.09003898040804
-26.096700317899014
-31.063772991989815
-28.447730119610803
-30.99611935586315
-28.932483528295933
-28.517937363285956
-29.110605810053116
-27.523603544269292
-28.753187623951135
-26.03820252393632
-28.97921008393884
-23.170598956702865
-23.21508477436747
-20.16533078608342
-19.923345638486424
-18.86688224338683
-18.87719207302263
-14.93487009499341
-12.60741647149276
-9.936006640138427
-8.359732577227193
-7.43780119795573
-12.00064627327444
-14.642663256029355
-19.199450010626478
-15.3451606493506
-18.450731386933878
-17.699399655339043
-11.364660087026223
-5.502327195083007
-3.0285582113614193
3.9420473791515755
9.995363309446383
11.321346364294257
16.47836171040862
20.726740083276752
19.934594347956335
17.48791237538856
16.11189542705558
14.248705448949039
13.885730175599319
7.267901175768781
13.111770410350054
12.328210366973389
20.4927582394852
24.61807423500767
30.6971795294854
32.14110619588291
33.41930332000025
34.53022747637916
34.76318602786585
40.33747071793516
35.95249899133333
40.98905353418553
34.9649747058302
34.56075228460911
32.57156619800142
28.760765320839706
25.517266042182506
21.404229908591915
22.82371631714778
19.902305314783334
23.408477170244343
21.82124866275333
27.842895598417545
25.401594441581768
22.382769306317353
20.339321531870475
19.88660309107137
18.562263066530928
13.439268397914647
15.77358020638787
11.67963035332776
11.242248065295902
11.45129120340951
7.51353431392216
10.177749125257002
9.942169856606416
12.521078740240217
11.740567866135045
17.6462354010876
17.72198913671327
17.106263632560093
15.32613358864538
14.841834841812009
8.085162368858272
2.6981254705916484
-1.3245671225452202
-6.038023254978299
-12.793587694382317
-13.518284871024058
-16.348025164168135
-20.52155653603265
-20.296458191089663
-16.112446556243814
-15.478425013216912
-4.127504629758416
-1.3327502403171962
10.289483457280184
4.757491244282126
15.81542116058186
9.173307128829272
21.69006794293397
11.713657892052073
19.733682123509368
11.8897585401841
20.59158055517546
10.90781792454414
12.628778112514867
8.360245729501301
13.136741184736323
8.316602334117864
12.11886655658266
6.853082825723819
12.285604849271149
10.906007605119996
14.155643706648739
12.421979784901232
19.158186171197038
24.977600043157608
27.33955091588637
30.820730130464767
34.59659074037733
34.01849677489337
32.612262178164
35.560329063938234
31.168332530454656
29.12672489753262
30.15164323958074
26.112602459943197
29.219386529624536
26.384043813284595
32.81689019097233
33.33820452816366
41.03052403992683
37.44200600342622
48.32330635433124
43.30235075699291
45.94975013316967
49.993571943375684
48.138834458235884
47.361143803052414
36.86173366211902
44.284203668398945
31.075594970266565
34.13646616585502
18.345519396169024
23.707109419321597
9.162151947940178
18.449573298360455
8.750480693208182
18.880163085733525
8.514648336968492
15.270108476716858
7.770122455460963
11.361444539940234
6.52341416537827
10.655820340296103
8.107821488353682
5.556791062930738
5.292529308113149
-0.656782170371998
2.831130231299147
-4.411364193564555
1.4298106474673313
-7.30788385155072
1.5513226586796542
-6.481627449133488
-5.582353636591684
-11.198594375475482
-11.981373388768162
-15.010110683045111
-22.12175439594821
-28.61185329566162
-28.88080174980496
-38.03026104431357
-42.598780513648634
-48.04551082953262
-48.36896741578884
-51.76531642254466
