0
0.7637931856076045
1.1529111638777312
0.5158149263570497
1.3767098357945775
1.730094755293599
1.038204113280032
1.3197744269606126
0.9544454268128093
1.8357265193263812
1.1267215686511152
1.0909533299205278
1.255859300801074
0.8946900520507977
0.9926758954994629
-0.15400232569311378
0.5540394730260614
0.36927243823676204
1.0108122402717288
1.5631632012299663
0.8732986303404255
2.281711608541106
1.0931087703572202
1.9890290285483658
0.6457407212282692
0.5456751858919647
0.38731176089952624
0.3350750885610305
1.1046974258294153
1.0381186266977411
0.8293034700672646
1.1652021256231748
0.7406696213152733
0.68945404999872
0.2838636524405481
0.8182742507374452
0.1871355292497014
-0.10911628237303228
0.2832435160584069
-0.39009231695609237
-0.09422763403411116
0.44596275686571646
-0.5641826778817164
0.6279202790412688
-0.6410902999303032
-0.13733441705786836
-0.4927908321414285
0.09286680048038748
-0.49868719707742837
-0.09238930386911667
0.38413800897856976
0.4507783157931104
0.8208586729577869
1.0308239612547503
0.21431305297529235
0.21357757943258238
0.3386820046104877
-0.037685473625304555
-0.22894494096260118
-0.5574503528179997
-0.15471030705090394
-1.0432084290213084
-0.8506604391066168
-1.6533503591876189
-0.6849313506018138
-0.7266597444933658
-0.8930556138124185
-1.3118182726405085
-0.7019026378033584
-1.0941804492140954
-0.06577021201735
-0.45619598715965826
0.03354733220250389
-0.46830986655091034
-0.4514295255782145
-0.5595827607991345
-0.3538116247889
-0.26651162372349535
-0.1753483531650838
0.44626611748974376
-0.6578964461522196
0.025010193143388815
-0.17287196084130477
-0.7978964436838462
-0.37617773010930294
-0.46203632112186127
-0.6243410220695922
0.06371672301881781
0.11128308163686829
0.5521262280636099
0.4297152571812817
0.32787489465407893
1.3505364101722488
0.27831226624875716
0.8302269842366492
0.8312699443206906
0.22240475279452754
0.5423666512970896
0.4337662819116058
-0.28434461476054795
0.3961436607734339
0.16117210730173032
-0.5749563718268572
0.21550931718173297
-1.203663008717989
0.3544811365730774
-0.7490016969779316
-0.0919216450145144
0.32555099883755845
0.29901855036365005
0.8221228864675679
0.9841790980302667
0.9315875920555671
0.9512967664189212
1.3430461953513477
1.3296068784191473
0.8802660924396539
0.554784252168178
1.279869259907283
0.5060213149792205
1.16353749777248
1.569050361103165
0.23198416328813432
1.1276091849786745
0.45758881095782244
-0.14194791447381838
-0.30459906788565694
0.011274785112039748
0.4216185647343927
-0.17624179904198278
-0.4139237823595686
-0.13874240001182192
0.34342569324088257
-0.41362225652068935
-0.25691042891147514
-0.6554231720081984
-0.2633035247143467
-2.0449339819364365
-1.769653476473775
-1.525239356751399
-1.7196519726860495
-1.2336333564507822
-1.8580691486560956
-2.119346703924902
-2.5177958158423173
-2.3861353060101416
-2.2913031087916864
-2.7933189379409162
-2.641404823324023
-3.3858874851566036
-3.9656151704486517
-3.674397034055937
-3.207124301333798
-4.12623264391685
-4.247414805767786
-3.7692107959237267
-3.5063098472300274
-3.3762114698963788
-2.7891621345619164
-2.0202046648112493
-2.7235906001805734
-1.99471130971206
-1.5144305532066964
-2.1943240125779253
-2.481100381619422
-2.7678150092531446
-3.260345208675152
-3.471623875951142
-3.0193369285400196
-3.3694060836855813
-2.660158447420504
-3.3813824450105936
-2.829031768036158
-3.587709132511281
-3.6363927114132006
-3.8800502559624057
-4.054248589445241
-4.324055282680066
-3.3164189577844954
-4.664731245546962
-4.371592399292431
-4.222759923256211
-4.644061412291155
-4.104513784320262
-3.91661787388699
-4.657962038417524
-4.229901393113574
-4.842470889722701
-4.649675117301927
-3.942901081987517
-4.941683161570785
-5.176092132757246
-5.723877657044356
-5.295061421430059
-5.585436084058266
-5.680559020784328
-4.625067413060112
-4.812434565358213
-4.765732420976881
-5.625225464005411
-5.889034114525198
-5.707867847441488
-4.833353408371865
-4.205674964457885
-1.092894256933238
0.48224982632460867
1.8304585459134195
2.916046573548722
2.7760401767616
4.538848516199952
7.620261022918432
5.8502180110779936
2.385764062996282
-0.6081604595641306
0.314572077856762
4.310929700281029
8.791679480265252
10.047385166979122
10.680058603259171
9.345144691415296
9.963856272427023
12.149223371372003
11.519399918850068
12.884600031168638
13.082460155283192
12.157664759100232
12.395475302407563
10.754032845889103
9.222181443641263
9.927800227388266
11.656347524206573
12.421636965108293
11.653864271781067
9.749606885908888
8.18245494182312
3.955175005514424
2.2048880240557005
2.357934341607083
-0.5072720750760924
-2.359347375628254
-2.084880210360884
0.0759086455685678
0.8825609423151181
2.3073327721266983
3.340665159381235
4.651404259244256
6.95283413460677
8.121439143523078
5.60572833454409
3.0291656744191133
-0.2587851006876183
-0.4558744526289795
0.9000306909274783
2.8513527832937786
4.588756391087216
4.628171810364432
6.570840768420591
8.548441125239508
9.707082281814563
9.353594269930618
6.258726103734406
3.675973579718527
1.644352279577842
-1.6337866067217985
-4.12889857971233
-5.135211552332402
-6.495483877277119
-7.550205773616609
-6.874391184990962
-6.4619381850185755
-5.036760766147531
-5.00627623179186
-3.2497147985075596
-1.5882343075534116
0.2944060616580022
1.723702921820552
3.182305958319477
6.449148945822098
10.477628493692047
11.01409348347348
10.889608725707808
9.083891099106946
8.131995696402786
10.844389435755648
11.645493818210507
14.697594514584194
15.390121855169987
16.565327738501562
15.412689655343181
14.787557728639579
14.262088436637939
13.304377367497842
12.472882453070993
11.814736692186372
12.96077101592948
14.040209557975603
15.639291705758906
15.84812906814611
17.59209830421076
17.359564283403326
18.479135856314933
20.80625033097119
20.1477683883042
22.1449476195399
24.149409250055133
23.215845029230433
24.38742641137653
24.900368652017203
23.501079861365437
24.73135886924424
23.66106418173991
20.654992058289253
20.981535725342724
21.33047108118761
21.77492475200216
22.16393410203848
22.999437970984214
23.168511872086285
23.292800950524352
23.859030004799394
24.516153360479848
23.457597331877828
23.849214913688503
21.619352329788345
20.835247014692406
19.198476207089673
18.381870157535765
18.16564239079857
19.034245186405965
22.516979214713686
22.369579582673097
19.886535186064663
18.940068645654193
17.787062265299525
17.798543901067504
17.834286695946847
17.284768350603315
16.60417373726248
14.909809186925774
16.377203750672575
15.627933173777649
14.903966609071468
13.128543072681602
12.311149622124777
10.314226125460314
9.062178891526374
9.218941821281879
9.941299708387977
10.119385656482018
12.130607320535884
12.902014243848171
14.1999551664482
14.708696830615377
17.164756065984225
18.617018073048623
21.443711117015464
24.50397158212987
26.008309902298837
25.62681197304222
25.990153833528534
27.988902789014
27.26111434196035
27.450714399330842
29.49268498619913
28.10870995179291
26.88341741276456
24.043543123971777
21.125396349771563
20.394714806170747
19.566145277526918
17.921157608560023
17.14967390655153
16.815709098147956
15.478956878601373
16.02072185390915
16.48865334417921
17.442803038617463
17.91903377396625
18.323958764189143
19.986020725913612
23.705452235764824
27.884454893462824
27.734114917920365
27.579401757052874
26.46356941711384
25.0849087114646
26.697234837331486
26.469216892723907
29.128520068453295
28.956158534152088
27.858693121692
26.46240506933243
24.061865835754848
22.59760681589993
20.915864929852418
21.485065844045497
21.188789715983663
23.31855988097996
25.358249874472886
27.341284347455993
27.42692936438796
24.484286706026765
28.567060788332896
29.564984611557865
26.145302542060836
33.34507890406762
36.3605150505272
36.255144944552576
37.44141454656047
39.13196692946348
34.58224853937666
36.248128617826325
34.54242127338682
36.38463905415637
34.931444826078625
36.49838315962106
36.32251968302482
35.16034086039297
34.345784547035805
33.78776096234956
29.52708444667866
29.81801104297286
29.935008397158096
32.85179040875023
36.61799666113717
35.96102408054267
36.53943341639479
38.97318261776142
39.497943032832225
40.179072458562096
39.209834884348716
42.0428664716859
42.61707594120204
39.7572130442898
38.334506832591266
36.317650781615676
34.13787936992185
39.14956329593169
37.04135750968983
33.757331486954584
35.3664713608253
34.42815378457393
27.76149484122481
33.00008846199334
30.25522893643935
23.078017171173162
26.728653156956277
24.566630073685484
22.78362857582549
26.293192294215892
21.04412625181499
25.030272597416737
31.180779025951882
28.32131128188671
26.513666623611826
31.147482025328898
30.2747878844778
27.138678526634244
32.348990517560246
34.80896378119913
30.67460154355227
36.96343737398154
37.78682381868513
34.11734781409821
40.790313524835646
44.79540813004134
40.2848644683813
41.41039486390063
48.0993040629056
46.44073102757736
43.97190937249693
52.049565268414426
52.84466090344393
46.37190531506521
51.35673082878093
54.73100796914366
49.68043337166189
54.12236789414673
59.14974867691764
53.52231529246798
53.6446199558915
52.91482599765688
52.9366406479877
52.119852606705706
52.96081399293992
54.73549227542285
56.722513837899996
56.52432903777015
55.576454886376304
61.417758321044786
63.91689695538905
55.84644755671175
62.957182980911426
65.39943864702728
58.582757152983696
60.17000958156502
66.18730748750227
61.64437540818687
62.45703045856228
69.17621741086717
63.080590531396986
63.873007753118365
65.0539334733163
63.65748344382703
62.018975855845206
61.60434495267565
65.91356488260422
61.90237680362379
63.96421873168636
66.19013827809246
57.983989934020094
56.53172380576214
61.28392119622784
58.17699002755409
58.959999842064754
58.545129079851264
57.456224426895375
58.50743505399684
57.76227647605959
54.64558354724078
54.57267137975766
54.045449439086156
53.1988106251441
59.07448049780867
56.0289212843162
48.333266985021936
47.50401494597337
45.988312023245925
41.98746984402056
42.54628740609314
45.37110581346314
46.74292880846511
46.05662345854832
48.201674974666574
46.409648481520215
46.96779768084005
51.510894521131554
50.55781548732909
46.100149561532994
54.484570382275145
51.95624652740071
46.36849574979479
53.3731585574703
56.48559869045343
48.19765539146219
50.41563571251624
53.65008532074096
46.69496910224557
47.65019907158983
52.360799406322705
47.18483149888067
47.70767003923076
49.80691980685406
41.28715640123787
40.92554568275627
48.16420256450405
45.05823479427515
41.06574544384182
43.407811207667606
43.802705390865334
40.63469640472853
46.23783523011635
46.48526884444306
42.20248107405279
43.16488347666765
45.49238594743811
39.80231431240818
36.94162782121446
41.10075717404468
35.58716932442229
32.72349601913949
35.822431939764265
30.622976653245242
29.63124715152611
32.268941776121785
33.20310002472999
32.88686601329019
36.5224267092554
37.78054604046914
40.275896580562204
43.806607281549525
43.13545814376081
43.453837693180446
45.06856988620184
47.24659898564548
51.157389773460906
50.122606519887626
53.509367720158295
58.565737333374
59.594306060427236
56.627919883499196
60.41726481198204
65.28835984448489
62.10490353389117
68.13505377037316
70.17746055206929
66.30011949920807
69.29040911023782
69.5182088302835
62.38350268551463
66.20386828323332
61.197170534197426
62.94993126268443
54.01345226094257
54.28210226590646
51.342419925269404
50.64004975766946
51.220704544382066
55.54386752915305
51.778525275850924
55.32012439768069
48.73072433325708
52.574337055563504
44.481475855279285
47.91063502194407
46.25602163069119
45.77316649029494
36.64082360585525
43.72755256941922
37.26417796319459
39.25259279875776
33.853510264492215
39.576229791308045
36.357111146686044
39.63916660143845
31.85022742966575
30.55965701708129
26.834212018604347
24.584723321080926
19.530998973661223
17.137650227436154
12.057460644166682
10.469862881889817
5.138683505014886
5.794300211380851
4.184725935828957
3.3285479161313276
2.3644516396066724
4.7450923204925095
11.156847860955274
12.044669522459586
14.799816498523771
20.48093434051473
21.097835731012893
18.68524877143449
18.890066131995994
18.65893002198141
20.218813104439317
13.118767889942808
9.216489836761944
10.822317376996292
9.10655441491732
4.75618749679575
4.676370455841688
0.12825956754302226
7.523724747013736
8.060639947352515
12.314254873765945
15.39073756073571
19.1612143210166
19.70876734617129
18.64772978183308
17.578720071408664
12.400692703463935
10.790692020308468
1.5218875836217869
9.966949870524768
1.1718991118033708
4.787595924802265
-2.1135490812193503
11.733599467575411
4.22099362498445
15.195629021147395
12.244854200291435
24.328674297140513
24.133984650712335
34.71335839711669
35.9023401002019
46.0953569060492
51.079621834352594
53.69547495425091
57.76092339594666
57.200141341443334
68.1464087244408
62.21782601203098
63.824271852529336
55.87749275046442
62.42835486093562
50.98436750170917
59.504898705807534
46.75230898807574
47.781475311164364
34.707137933380324
38.6481944667462
26.71418309857114
29.704302432673188
23.29650735592051
27.522950991933122
23.24643828474412
27.87464687148761
23.245101165547894
30.891297738979056
33.8813586880209
37.54574891961797
44.39368621090547
47.957107401255975
56.27730063930549
52.36691278738843
64.89246137380498
62.391092262610215
75.14416278006277
70.47100386323646
82.24185380935336
74.78653990408884
85.41746632398424
70.38049053440835
83.97901481645907
68.42474592882427
80.23622286041892
72.12958379014833
82.57279164990575
69.79309564735709
86.0384012796265
79.58333018785041
86.82201133633231
81.8172237838292
88.38590963074363
87.57505497390882
91.24700637511754
91.82337106119456
92.52775665625595
91.65375372584171
85.09730906488511
81.4440115993593
73.92263085070508
72.16869753126555
66.99948223731234
67.45456600689366
59.94598087185281
58.375987683676605
58.21413184291356
56.24279698023598
56.129712633247394
55.74629362117808
61.843424663253174
53.74078476812234
63.9452190340003
54.704484439950015
64.87503538659928
52.345307876716134
59.99233261275478
55.12659160713055
57.32009175936852
52.12074693480179
54.83503091240138
51.02319920160619
57.81109011375024
45.49404497788522
49.00669319917424
39.45252237918656
45.37041799794286
28.949010239477737
35.330435309094156
23.279076521126594
32.68585104183702
17.302123632322132
25.819448077306596
14.89737881039748
24.120745357067708
11.838176852515183
18.810769318418245
10.460646852319039
16.856538836327573
10.718398456631135
18.682453662025747
19.25755894735328
20.439325119794617
25.13783350293957
24.8068837341818
27.156960029916956
19.118085389387602
23.545019529841255
12.202968984745626
15.294329288701555
8.23569661247793
13.915020059091846
9.170478395336547
11.0364140940838
17.269385561042945
20.27644851492152
27.69981296270541
26.941613200551835
35.67896362692047
32.789555489475234
33.51848967906823
32.19902896738684
37.88996481221656
38.04508449763773
32.529249623777304
36.36790456332503
38.88735641683704
