0
0.1414659110142344
0.39656986463464483
-0.09043791948677637
-1.2758040682970861
-0.7464225847895758
0.3968555424000543
0.04592786512034602
0.07687093736383444
0.1364963715904164
0.4777904769762135
-0.13628110590393006
-0.6012017238084383
0.15725140463380743
0.027007292156836088
-0.6877670978075229
0.23000707113821312
0.46011189388201956
-0.14219077370303485
0.26641105144690413
1.1094375611544562
0.4547313086320035
0.7667873335075501
1.3639478903930344
0.5725074665524427
-0.1655141414473288
0.8913187781287509
0.39557970758124417
-0.1654669790262116
1.0160214025367336
0.8216252974817162
0.40379366018043994
2.6698147097647924
2.421983245315253
-0.15961971112244777
1.1710221950205997
2.177274122804526
-0.28896305619214047
0.2055532919686519
2.1669447442565124
0.6867244593886889
-0.7498459478706894
1.5689080189640663
1.5555520627429074
-0.7512984741477977
0.8637968585849756
2.0933399739080487
0.23612931949856725
-0.31995079000379223
1.0669867829533457
0.3634589154981313
0.20949146731513135
2.0613475588144525
1.4603955112837665
-0.5186636778420657
-0.6862697134064685
-0.9020370040270809
-2.3171986287674504
-2.151546585488678
-0.8784708233246431
-1.6326449660311124
-0.5389805080596195
0.9563131980141052
-0.5040421164776658
-1.7811593459164832
-0.9765948026900086
-1.654863861894071
-2.0373276772369615
-0.30006131648031986
0.7223279016637044
0.03223921290736048
-0.8510158323154395
0.04086213884714118
0.8052191701711764
-0.624192722588769
-0.7302396199317132
1.6759963157142477
1.7680951198489199
0.48256425080070064
1.0445047918253736
1.5577373856113175
0.1857164222389497
0.5945394107160556
1.0278577222484686
0.5545783313276224
-0.6233218570550432
0.27711427505890746
0.2573009638505971
-0.6571987094904397
0.653501849127616
1.0859421088739158
-0.13161414680638145
0.482614182107848
0.7324457352496827
0.012960513916141503
0.21708980323484653
0.2253108105860377
-1.2548946374298118
-0.9825556613158744
-0.013623138740760404
-1.2265362786036245
-1.1056480148650918
0.5819032248984191
0.702136431773317
-0.6927380379852577
0.9412479405780492
1.7160447224821471
0.19768462183453206
0.228943860761312
0.7633189363145689
-0.5971870037913279
-0.83731697749173
0.9029755914839159
0.908720169067263
-0.1968290707899554
1.1467461677378417
2.0498472141217827
-0.20794982139061013
0.6772528325677657
3.031042225637007
2.1903085895100904
1.0274852432174972
2.9437395539462647
2.932682877763295
0.25161228440500394
0.7252478132428504
1.8309608839435012
0.36999716422836076
-0.1743805159080184
1.601778435823383
1.1411149699087413
-0.46320232324994515
0.8077699467148296
1.8648451327523177
-0.5212325041500904
-0.0360230914673344
1.187877417157591
0.9693042459205493
1.043168847832503
1.9013200379170494
1.4862746392685038
1.1552241398757364
2.0086864496092396
0.970406940901249
-0.5510349072171041
-0.07247008089552687
-0.4887950619844206
-0.5371125085752848
-0.059164134588801764
-0.15282077608189093
-1.3906364673874214
-1.5807071323802622
-1.7012788673181154
-1.923512997992035
-0.9201165396719817
-1.104503251964256
-1.4567315012068713
0.24128942399251507
0.059748365487328314
-0.5611849947843475
0.1536806101152576
-0.42447550235383663
-1.7357543971323892
-0.4256278649409694
0.15105566272016868
-0.6445065953768724
0.23844104984479597
0.027470244654708265
-1.225116937024966
-0.6790171936977144
0.1744719693255615
-1.0947223315216077
-2.2800340795622422
0.4592065878742706
0.5783352957532246
-1.0856382466684351
0.8407186581391524
1.212046162773246
-1.191508381437869
-0.9901859174034618
-0.14230756632888192
-1.6356684758857303
-1.2700635781681981
0.6232100608843651
-0.17261155471056236
-1.1788276713897647
0.16580883556133763
0.9381018438274381
-0.5887759339590843
-0.8862001007579323
0.9372857696250779
0.1104305945003124
-0.8745258307796946
0.43494773112421503
1.4453375628302854
0.7673225608402824
0.6236480515986496
0.8985912927091467
0.44057132249057784
-0.3915046264116421
-0.05790826788719708
-1.0232422706854751
-0.7791715173165189
-0.6590867542351522
-0.6661485713652977
-0.8375051277629592
-0.5461394111707959
0.16288227191537075
0.26170052717650577
-1.9296855546340228
0.17730694035981143
-0.1521422244639229
-2.621091989824226
0.43719452465552366
-2.236603917251782
0.24550994265081116
-0.2273313248420712
0.9101182330810784
0.4958405067873606
0.2995423405905676
1.5586371634710665
1.187256316710552
0.8860620484753874
1.039899766600947
2.4383274803878217
3.1340971061124754
2.360521112590369
7.611796169958557
3.503877250336469
8.025522541994354
5.775305504242865
11.448405334808662
5.634285007751417
14.080431642055537
7.411721073790466
18.23697152671524
10.376375583827597
17.84292073964557
11.435995969608129
23.204108062889578
14.57611437419506
26.832975292396334
16.8685343091452
27.96581455603112
22.73789905055714
32.15899783762949
27.033824125361217
31.384250336741243
32.28556246811431
35.10601931555489
34.91483034789511
35.424098081547555
39.70335935373264
36.605413478322504
40.26739650505864
40.05403000601097
43.905397295514845
40.207833334729486
49.23387592112719
42.00044698176505
52.08119674824032
44.5985003870179
52.869476118874
48.015253662138
56.14269238093569
52.76395618589445
58.31901577662816
59.323508367356524
58.804502581310274
65.2574737284861
62.88114629298874
68.61592446216909
64.11851561815145
73.88131207247274
69.51055111331988
77.88101526545736
73.32124325304588
82.9951506624341
77.86768602838248
85.16751462758117
84.29324367788821
88.95105001481284
87.47536594883302
90.26081937681975
93.89148732504631
93.52942535146833
97.77049018894866
97.42294991587592
103.34074976693843
101.64404085556242
106.30341475412811
109.02444914930996
108.71073823387202
115.00099426596273
110.2873030031542
122.26695278693171
113.37829668089081
125.66922043300869
116.93270595081918
128.18888481200398
120.0079799955359
131.25908175177966
124.68287119689391
133.75796465392227
127.36183279862388
135.3857690024907
130.1426360791359
134.6942804030073
131.37073145234615
136.67168572801674
132.79583837399213
135.094924631418
133.58909702140545
133.22297588156547
132.70484347388305
133.0241754299154
128.64457003248867
133.44111264473355
125.1078698109504
132.90999509986528
122.2136727955075
133.9818676023637
119.68123459700735
133.62574105013366
121.86810686462458
132.50205361452186
122.68731983901014
129.1327052287969
126.86206664622844
128.2002646480666
128.7665974067575
127.43528283487834
132.14569168326344
128.4234813187034
134.30834195343482
127.91592608416158
136.26980228037291
129.98063497999954
138.5030723189621
129.22732725235113
138.03152531149095
128.2707952462958
136.51147101403848
129.43090807422914
134.05092694802804
132.03758469537425
132.29075385093836
131.56373909070055
130.5257129573501
133.4270641603209
129.85091558780152
132.49530344396317
130.53630965758015
132.0930638841068
130.51054926500063
132.51283694272357
129.99086954730726
132.81221619338325
130.14643685428405
130.85224639299133
129.80837682449425
132.24308380269213
128.75573501074425
134.43332783091063
128.9288981046367
133.64923209039335
129.70137654192135
135.08720855307882
131.68515776559957
134.51314306918826
134.71026056612203
135.80958264613145
136.03559939917062
134.49252773030133
140.5729631859428
136.2758505830654
140.02160198320985
137.4284385870842
145.2092604133607
139.75184427539153
146.1863044143714
144.00146282868974
148.6534307415376
148.67572852171935
150.41876481648688
151.22075778222663
152.9654065371054
155.74137330402687
153.5048957524915
159.35151685681546
157.27092108179485
165.87912054118578
157.81881032472887
167.66246024872527
160.99063300641518
171.01398062711831
161.97443829147358
171.3646590205098
164.74472886969775
171.48049171667887
167.70515142230337
171.28959999453375
171.02053924624107
173.21340606012305
174.13767022835705
174.68101735665186
176.63357390607533
178.18152495313115
177.47754939222
178.72825104282842
177.27662921909575
176.36905066541757
179.2399896962049
180.30390309764238
180.32461447181834
178.8521223102918
180.12621917200752
182.3636641297917
182.97478403362408
177.71575576252638
177.1095725638338
173.53425769561886
174.82305840613188
173.78388501424917
175.08680332791906
174.16243413110536
180.85336349427848
184.00941847605853
183.41447955100378
175.60239411677478
170.07132472657744
167.39906449657363
166.90869028138522
169.44740764161097
172.7514391875396
172.36316019542642
175.12098823507128
172.21043986273108
167.8636163481976
162.38480535989942
163.29591809458543
159.67648926995614
163.13844313242484
162.71519066696115
168.42743733723253
167.13523255062114
167.59986171028316
165.23102487739902
167.4749094431189
164.41938253041147
167.1615121126911
167.3633875686144
172.28822943138346
167.79974468676335
171.82881690569457
171.87333791933656
173.03820235962417
167.2635807042845
167.6203060212531
162.45389803049954
167.01236999072518
162.92854261877625
167.2676993696053
160.99961126848675
161.88169461877965
157.73460571163176
163.1670179180154
165.05901806962092
166.55608735067153
165.24964448038938
162.94317361141424
158.03318897855576
156.44455428644577
157.2789986708211
158.0836383101108
161.50578091937513
168.18359402467482
165.65017996859143
160.31773654695593
156.95180927670117
158.44991108217238
156.59117891748724
155.1063887748554
157.44142864448958
164.0276562214068
163.89617048422005
164.84226873259203
164.69106907860078
165.83146424166372
166.21185673499104
164.9440186303546
159.258423967953
160.8437191765214
164.14828580971147
162.47160887992152
161.0865394122811
163.89389026900184
162.9942894260738
161.26507795933375
159.3002591152339
160.23109391084847
156.38505283564854
154.30706206726055
155.9963931446538
158.30802599845833
157.7185958787392
155.07852383472908
151.49606762848336
152.3199712889804
151.79095194965848
151.23271857549665
149.71906412298264
148.9673364820001
149.68680533381627
151.4581926724624
147.6251416931572
143.61666347061387
144.1205193726524
145.05064593817883
144.94314684019412
144.76700239342753
148.30978982359852
148.42706863083933
143.91963820964503
143.61657515079796
146.79931962924874
145.97659196885238
141.6810345004938
142.26845009416326
146.81324756120773
143.643355783047
142.91031349631348
144.6270898781841
145.8757975338437
142.62485522778212
142.35953453036646
147.28088361738085
148.9596358847324
146.23499543641591
143.36407981177422
145.76882319142965
147.76749145237963
150.01925416204597
147.772829461612
147.5735924859222
150.71709651392774
150.6910353212544
150.5561512572426
150.56466367876664
152.41612968284522
153.22870408082738
150.1604348623738
147.3395090830419
150.39526696599646
154.27769509784886
155.4502551039934
154.60980712387362
159.39459743347876
157.05874196871122
155.27503552524104
158.1925897382146
158.70689661356215
157.6792309595284
158.42429179162772
160.84917069848484
161.18010760431758
157.4801325962218
154.9956796731963
152.99209609846002
158.6918630920347
159.944352089709
159.70676696784977
153.2030515104669
155.7931641511762
157.6526650513539
158.465334646678
151.4749406891805
156.8049411527871
155.4436886207089
156.93114016363495
152.08312246639662
155.9505003416396
153.5215239957625
156.0812945091837
154.36125999960848
160.7547251987457
152.704840643502
153.5751306935885
149.25290150951977
154.8664643803138
152.4956627239511
156.15009352256035
155.1868934007464
156.38685966965838
151.66329709092497
149.78950443299658
147.51642297182718
154.43461199042036
158.6109344840585
163.0255188621063
165.03138259233862
167.96934450169496
169.0306077978156
167.04255812125433
167.36150493024823
159.73505082072055
161.375010081672
158.57715237173505
163.34472752196336
157.82556787940683
157.1802204737492
155.50267925131442
161.01922587496097
159.0545237185404
156.37792581600218
160.28112793902568
161.0299545266173
155.95776903477764
158.25195801441723
153.93728035381378
162.4966497809323
151.84508484129984
158.57159051393415
152.40521054600435
155.6746375702969
145.944365990034
144.6878633571297
147.3930142557815
134.16098621965375
139.43499983824404
130.51771918357758
132.0320218188494
121.3487843348028
127.0263700171941
119.99614044345611
117.81479247006035
113.49776278540564
114.46216551876495
111.92983596945017
110.48069984968149
106.71200304312306
114.72317741639002
107.81841488982789
111.27275770680411
104.73234449215495
110.72994762474724
106.20798340500086
101.14925560222561
109.65053976680981
103.12722708069977
110.22800943970857
102.16707983499744
110.51974930832752
107.18693620801925
103.74580835573519
110.76473603158065
105.36380400646246
114.45096304271905
101.82980425437535
118.78350203074866
104.93178760145842
118.32761674547653
113.3459059199774
116.12357475721375
115.86518641526389
114.44852274221532
112.66243131178115
114.75758942923476
106.9762985104678
113.1866662523669
108.64590061929133
110.55239830065359
99.98215847266101
112.96146485832624
97.1938597385194
101.85227458725258
93.19156649919451
97.7527275926037
85.76496202975673
88.628141233784
80.51831794396915
82.93499376552506
73.34980646272801
71.9458925840174
70.49133207489912
67.48709929921911
62.11999162840878
53.995712209060365
56.62177399212234
53.23976751959204
51.07819363806392
47.16627809955374
43.53278883227356
48.35022643275879
39.743828478431766
42.361039301830566
34.579000857305545
41.24214037525878
32.874250295083
37.76855157108437
37.782447702241406
29.435262441073554
40.65090324230113
22.416057364640878
50.170403121737785
15.825610000075024
48.627543864498946
10.179837451520307
50.41716652109916
11.74145813042388
40.10806034107386
10.385674130006748
31.153322987019873
15.419974509135098
16.72697408080339
14.834549201667443
8.99424732851752
13.609780028828537
1.5587728143348905
10.68239579828112
-2.2955734577853555
6.647248143231151
-2.1678302170874106
4.860868920579724
-9.520678843854053
-0.5782063451145891
-6.721001325221863
-10.983105574872258
-11.65072595030429
-19.7551967786433
-17.332487315123373
-27.088890102759695
-23.42686561955265
-39.147441787395024
-24.153279010701915
-49.89339942653507
-33.60267947014495
-48.644392749056266
-43.06282522931965
-52.90688840380736
-49.38787687242641
-46.47812277017924
-53.053892377028596
-47.17196303946305
-54.13479655375214
-50.97215889493194
-54.821792958029576
-51.01220079482566
-54.866169134386375
-47.04518283573642
-55.27770239205404
-45.334063874019954
-53.982357304278196
-48.06324724001646
-51.55336649402103
-41.64296650515888
-46.15539412637388
-43.90051593013097
-38.508702718962105
-38.06377680167045
-39.12557172783375
-33.25641396338728
-36.602503601460995
-33.76882763377577
-32.74845575781264
-33.915272536170136
-27.873783122052057
-26.549774713180938
-26.01971697565642
-25.253730787335602
-18.716899629414154
-21.368422778716894
-15.558975601231474
-17.50363275713271
-10.581646332735925
-15.05386802294703
-4.476008686285095
-9.142734582887405
-2.8953602285243427
-5.9031257860831605
0.916150861315943
1.377184652073689
2.4359140158560093
4.323477121159519
7.801731375671224
10.767201031927739
8.464174863617796
16.086505267081584
11.85500240934911
14.87409318807891
16.006844593909456
19.61804638243867
19.612538464740503
23.745949854378804
25.140001286956437
23.368630315820944
27.49025814895565
35.752070060154985
29.858318142830534
35.903965435656225
37.442481572439995
