t,t-1,t-2,t-3,t-4,t-5,concept,transition,steps_since_bkp,steps_to_bkp
1.3929089462862403,1.421314795032788,0.8611934929930419,1.0661752471891435,2.0136728723834714,1.7149411692935597,1,0,100,194
1.2615016190527624,1.3929089462862403,1.421314795032788,0.8611934929930419,1.0661752471891435,2.0136728723834714,1,0,101,193
0.48727648770985743,1.2615016190527624,1.3929089462862403,1.421314795032788,0.8611934929930419,1.0661752471891435,1,0,102,192
0.4898629415515765,0.48727648770985743,1.2615016190527624,1.3929089462862403,1.421314795032788,0.8611934929930419,1,0,103,191
0.6183161752475026,0.4898629415515765,0.48727648770985743,1.2615016190527624,1.3929089462862403,1.421314795032788,1,0,104,190
-0.12607785581393016,0.6183161752475026,0.4898629415515765,0.48727648770985743,1.2615016190527624,1.3929089462862403,1,0,105,189
0.08630854909234165,-0.12607785581393016,0.6183161752475026,0.4898629415515765,0.48727648770985743,1.2615016190527624,1,0,106,188
-0.4583430365023513,0.08630854909234165,-0.12607785581393016,0.6183161752475026,0.4898629415515765,0.48727648770985743,1,0,107,187
-0.1918622909861587,-0.4583430365023513,0.08630854909234165,-0.12607785581393016,0.6183161752475026,0.4898629415515765,1,0,108,186
0.0914414304024215,-0.1918622909861587,-0.4583430365023513,0.08630854909234165,-0.12607785581393016,0.6183161752475026,1,0,109,185
0.27680185775797006,0.0914414304024215,-0.1918622909861587,-0.4583430365023513,0.08630854909234165,-0.12607785581393016,1,0,110,184
0.16721318282051567,0.27680185775797006,0.0914414304024215,-0.1918622909861587,-0.4583430365023513,0.08630854909234165,1,0,111,183
-0.022755205058478334,0.16721318282051567,0.27680185775797006,0.0914414304024215,-0.1918622909861587,-0.4583430365023513,1,0,112,182
-0.5480972395306738,-0.022755205058478334,0.16721318282051567,0.27680185775797006,0.0914414304024215,-0.1918622909861587,1,0,113,181
-0.0661154358186739,-0.5480972395306738,-0.022755205058478334,0.16721318282051567,0.27680185775797006,0.0914414304024215,1,0,114,180
0.3327348596138964,-0.0661154358186739,-0.5480972395306738,-0.022755205058478334,0.16721318282051567,0.27680185775797006,1,0,115,179
-0.49523629546318315,0.3327348596138964,-0.0661154358186739,-0.5480972395306738,-0.022755205058478334,0.16721318282051567,1,0,116,178
-0.6113643708428016,-0.49523629546318315,0.3327348596138964,-0.0661154358186739,-0.5480972395306738,-0.022755205058478334,1,0,117,177
0.377244144812521,-0.6113643708428016,-0.49523629546318315,0.3327348596138964,-0.0661154358186739,-0.5480972395306738,1,0,118,176
0.6900718327581267,0.377244144812521,-0.6113643708428016,-0.49523629546318315,0.3327348596138964,-0.0661154358186739,1,0,119,175
0.12607391424772946,0.6900718327581267,0.377244144812521,-0.6113643708428016,-0.49523629546318315,0.3327348596138964,1,0,120,174
0.8951034406421121,0.12607391424772946,0.6900718327581267,0.377244144812521,-0.6113643708428016,-0.49523629546318315,1,0,121,173
1.3761543501374338,0.8951034406421121,0.12607391424772946,0.6900718327581267,0.377244144812521,-0.6113643708428016,1,0,122,172
-0.1156312995597718,1.3761543501374338,0.8951034406421121,0.12607391424772946,0.6900718327581267,0.377244144812521,1,0,123,171
0.3980569102718332,-0.1156312995597718,1.3761543501374338,0.8951034406421121,0.12607391424772946,0.6900718327581267,1,0,124,170
1.5081034550770789,0.3980569102718332,-0.1156312995597718,1.3761543501374338,0.8951034406421121,0.12607391424772946,1,0,125,169
0.6269548673203615,1.5081034550770789,0.3980569102718332,-0.1156312995597718,1.3761543501374338,0.8951034406421121,1,0,126,168
-0.2008372019571747,0.6269548673203615,1.5081034550770789,0.3980569102718332,-0.1156312995597718,1.3761543501374338,1,0,127,167
1.1646140546762394,-0.2008372019571747,0.6269548673203615,1.5081034550770789,0.3980569102718332,-0.1156312995597718,1,0,128,166
1.179318217292157,1.1646140546762394,-0.2008372019571747,0.6269548673203615,1.5081034550770789,0.3980569102718332,1,0,129,165
-0.19192337122596037,1.179318217292157,1.1646140546762394,-0.2008372019571747,0.6269548673203615,1.5081034550770789,1,0,130,164
0.9936493762115071,-0.19192337122596037,1.179318217292157,1.1646140546762394,-0.2008372019571747,0.6269548673203615,1,0,131,163
1.125520919848908,0.9936493762115071,-0.19192337122596037,1.179318217292157,1.1646140546762394,-0.2008372019571747,1,0,132,162
0.36703460873804966,1.125520919848908,0.9936493762115071,-0.19192337122596037,1.179318217292157,1.1646140546762394,1,0,133,161
0.146011926755113,0.36703460873804966,1.125520919848908,0.9936493762115071,-0.19192337122596037,1.179318217292157,1,0,134,160
0.4127052781635008,0.146011926755113,0.36703460873804966,1.125520919848908,0.9936493762115071,-0.19192337122596037,1,0,135,159
0.12256964985926286,0.4127052781635008,0.146011926755113,0.36703460873804966,1.125520919848908,0.9936493762115071,1,0,136,158
0.1683343937804582,0.12256964985926286,0.4127052781635008,0.146011926755113,0.36703460873804966,1.125520919848908,1,0,137,157
-0.044462564195913545,0.1683343937804582,0.12256964985926286,0.4127052781635008,0.146011926755113,0.36703460873804966,1,0,138,156
-0.6254816025861352,-0.044462564195913545,0.1683343937804582,0.12256964985926286,0.4127052781635008,0.146011926755113,1,0,139,155
-0.403908857565241,-0.6254816025861352,-0.044462564195913545,0.1683343937804582,0.12256964985926286,0.4127052781635008,1,0,140,154
-0.6476595232003952,-0.403908857565241,-0.6254816025861352,-0.044462564195913545,0.1683343937804582,0.12256964985926286,1,0,141,153
-1.1844364993155638,-0.6476595232003952,-0.403908857565241,-0.6254816025861352,-0.044462564195913545,0.1683343937804582,1,0,142,152
-1.0252428447243243,-1.1844364993155638,-0.6476595232003952,-0.403908857565241,-0.6254816025861352,-0.044462564195913545,1,0,143,151
-0.8900688259288874,-1.0252428447243243,-1.1844364993155638,-0.6476595232003952,-0.403908857565241,-0.6254816025861352,1,0,144,150
-0.9943501964237724,-0.8900688259288874,-1.0252428447243243,-1.1844364993155638,-0.6476595232003952,-0.403908857565241,1,0,145,149
-0.8115292109341703,-0.9943501964237724,-0.8900688259288874,-1.0252428447243243,-1.1844364993155638,-0.6476595232003952,1,0,146,148
-0.48883394902356814,-0.8115292109341703,-0.9943501964237724,-0.8900688259288874,-1.0252428447243243,-1.1844364993155638,1,0,147,147
-1.2070154720384125,-0.48883394902356814,-0.8115292109341703,-0.9943501964237724,-0.8900688259288874,-1.0252428447243243,1,0,148,146
-1.0295028470687684,-1.2070154720384125,-0.48883394902356814,-0.8115292109341703,-0.9943501964237724,-0.8900688259288874,1,0,149,145
-0.6366977764505727,-1.0295028470687684,-1.2070154720384125,-0.48883394902356814,-0.8115292109341703,-0.9943501964237724,1,0,150,144
-1.5934750756435934,-0.6366977764505727,-1.0295028470687684,-1.2070154720384125,-0.48883394902356814,-0.8115292109341703,1,0,151,143
-1.9323737008832302,-1.5934750756435934,-0.6366977764505727,-1.0295028470687684,-1.2070154720384125,-0.48883394902356814,1,0,152,142
-0.806763482009019,-1.9323737008832302,-1.5934750756435934,-0.6366977764505727,-1.0295028470687684,-1.2070154720384125,1,0,153,141
-1.8261044068659964,-0.806763482009019,-1.9323737008832302,-1.5934750756435934,-0.6366977764505727,-1.0295028470687684,1,0,154,140
-2.256507242209877,-1.8261044068659964,-0.806763482009019,-1.9323737008832302,-1.5934750756435934,-0.6366977764505727,1,0,155,139
-1.0671972840870256,-2.256507242209877,-1.8261044068659964,-0.806763482009019,-1.9323737008832302,-1.5934750756435934,1,0,156,138
-1.469417764114823,-1.0671972840870256,-2.256507242209877,-1.8261044068659964,-0.806763482009019,-1.9323737008832302,1,0,157,137
-2.4480472387603887,-1.469417764114823,-1.0671972840870256,-2.256507242209877,-1.8261044068659964,-0.806763482009019,1,0,158,136
-1.6399419810489226,-2.4480472387603887,-1.469417764114823,-1.0671972840870256,-2.256507242209877,-1.8261044068659964,1,0,159,135
-1.8245397570556452,-1.6399419810489226,-2.4480472387603887,-1.469417764114823,-1.0671972840870256,-2.256507242209877,1,0,160,134
-1.7508428449490885,-1.8245397570556452,-1.6399419810489226,-2.4480472387603887,-1.469417764114823,-1.0671972840870256,1,0,161,133
-1.2802978727045362,-1.7508428449490885,-1.8245397570556452,-1.6399419810489226,-2.4480472387603887,-1.469417764114823,1,0,162,132
-1.7739796564285308,-1.2802978727045362,-1.7508428449490885,-1.8245397570556452,-1.6399419810489226,-2.4480472387603887,1,0,163,131
-1.1438299554450153,-1.7739796564285308,-1.2802978727045362,-1.7508428449490885,-1.8245397570556452,-1.6399419810489226,1,0,164,130
-0.5263059821568769,-1.1438299554450153,-1.7739796564285308,-1.2802978727045362,-1.7508428449490885,-1.8245397570556452,1,0,165,129
-1.2792500398144897,-0.5263059821568769,-1.1438299554450153,-1.7739796564285308,-1.2802978727045362,-1.7508428449490885,1,0,166,128
-1.123567423403613,-1.2792500398144897,-0.5263059821568769,-1.1438299554450153,-1.7739796564285308,-1.2802978727045362,1,0,167,127
-0.5815436514901594,-1.123567423403613,-1.2792500398144897,-0.5263059821568769,-1.1438299554450153,-1.7739796564285308,1,0,168,126
-1.19365628711685,-0.5815436514901594,-1.123567423403613,-1.2792500398144897,-0.5263059821568769,-1.1438299554450153,1,0,169,125
-1.0092504907187316,-1.19365628711685,-0.5815436514901594,-1.123567423403613,-1.2792500398144897,-0.5263059821568769,1,0,170,124
-0.26979491941867845,-1.0092504907187316,-1.19365628711685,-0.5815436514901594,-1.123567423403613,-1.2792500398144897,1,0,171,123
0.17550569734240284,-0.26979491941867845,-1.0092504907187316,-1.19365628711685,-0.5815436514901594,-1.123567423403613,1,0,172,122
-0.34918932615671944,0.17550569734240284,-0.26979491941867845,-1.0092504907187316,-1.19365628711685,-0.5815436514901594,1,0,173,121
-1.0203382044252627,-0.34918932615671944,0.17550569734240284,-0.26979491941867845,-1.0092504907187316,-1.19365628711685,1,0,174,120
0.4646654399572385,-1.0203382044252627,-0.34918932615671944,0.17550569734240284,-0.26979491941867845,-1.0092504907187316,1,0,175,119
-0.6084213699224752,0.4646654399572385,-1.0203382044252627,-0.34918932615671944,0.17550569734240284,-0.26979491941867845,1,0,176,118
-1.1806705136703934,-0.6084213699224752,0.4646654399572385,-1.0203382044252627,-0.34918932615671944,0.17550569734240284,1,0,177,117
0.1663410769558772,-1.1806705136703934,-0.6084213699224752,0.4646654399572385,-1.0203382044252627,-0.34918932615671944,1,0,178,116
0.7768407606018453,0.1663410769558772,-1.1806705136703934,-0.6084213699224752,0.4646654399572385,-1.0203382044252627,1,0,179,115
-0.2945789313850591,0.7768407606018453,0.1663410769558772,-1.1806705136703934,-0.6084213699224752,0.4646654399572385,1,0,180,114
-0.3975780845896508,-0.2945789313850591,0.7768407606018453,0.1663410769558772,-1.1806705136703934,-0.6084213699224752,1,0,181,113
0.3563136946814599,-0.3975780845896508,-0.2945789313850591,0.7768407606018453,0.1663410769558772,-1.1806705136703934,1,0,182,112
-0.7991221170336101,0.3563136946814599,-0.3975780845896508,-0.2945789313850591,0.7768407606018453,0.1663410769558772,1,0,183,111
-1.8523302737277794,-0.7991221170336101,0.3563136946814599,-0.3975780845896508,-0.2945789313850591,0.7768407606018453,1,0,184,110
-1.3639469270553584,-1.8523302737277794,-0.7991221170336101,0.3563136946814599,-0.3975780845896508,-0.2945789313850591,1,0,185,109
-1.7335441927265376,-1.3639469270553584,-1.8523302737277794,-0.7991221170336101,0.3563136946814599,-0.3975780845896508,1,0,186,108
-2.7166393957298447,-1.7335441927265376,-1.3639469270553584,-1.8523302737277794,-0.7991221170336101,0.3563136946814599,1,0,187,107
-2.753793699625872,-2.7166393957298447,-1.7335441927265376,-1.3639469270553584,-1.8523302737277794,-0.7991221170336101,1,0,188,106
-3.294060548974274,-2.753793699625872,-2.7166393957298447,-1.7335441927265376,-1.3639469270553584,-1.8523302737277794,1,0,189,105
-3.2093741242269367,-3.294060548974274,-2.753793699625872,-2.7166393957298447,-1.7335441927265376,-1.3639469270553584,1,0,190,104
-3.1770291639590935,-3.2093741242269367,-3.294060548974274,-2.753793699625872,-2.7166393957298447,-1.7335441927265376,1,0,191,103
-3.5012517858835897,-3.1770291639590935,-3.2093741242269367,-3.294060548974274,-2.753793699625872,-2.7166393957298447,1,0,192,102
-2.5593638112416834,-3.5012517858835897,-3.1770291639590935,-3.2093741242269367,-3.294060548974274,-2.753793699625872,1,0,193,101
-1.5658731800880004,-2.5593638112416834,-3.5012517858835897,-3.1770291639590935,-3.2093741242269367,-3.294060548974274,1,0,194,100
-2.689437483385409,-1.5658731800880004,-2.5593638112416834,-3.5012517858835897,-3.1770291639590935,-3.2093741242269367,1,0,195,99
-2.9396591830049323,-2.689437483385409,-1.5658731800880004,-2.5593638112416834,-3.5012517858835897,-3.1770291639590935,1,0,196,98
-2.9295902983448476,-2.9396591830049323,-2.689437483385409,-1.5658731800880004,-2.5593638112416834,-3.5012517858835897,1,0,197,97
-3.568903158129485,-2.9295902983448476,-2.9396591830049323,-2.689437483385409,-1.5658731800880004,-2.5593638112416834,1,0,198,96
-4.049262103582315,-3.568903158129485,-2.9295902983448476,-2.9396591830049323,-2.689437483385409,-1.5658731800880004,1,0,199,95
-3.9389165325398707,-4.049262103582315,-3.568903158129485,-2.9295902983448476,-2.9396591830049323,-2.689437483385409,1,0,200,94
-4.249034281515392,-3.9389165325398707,-4.049262103582315,-3.568903158129485,-2.9295902983448476,-2.9396591830049323,1,0,201,93
-3.937047554388692,-4.249034281515392,-3.9389165325398707,-4.049262103582315,-3.568903158129485,-2.9295902983448476,1,0,202,92
-4.421199972172998,-3.937047554388692,-4.249034281515392,-3.9389165325398707,-4.049262103582315,-3.568903158129485,1,0,203,91
-4.575135982181287,-4.421199972172998,-3.937047554388692,-4.249034281515392,-3.9389165325398707,-4.049262103582315,1,0,204,90
-4.529779857988088,-4.575135982181287,-4.421199972172998,-3.937047554388692,-4.249034281515392,-3.9389165325398707,1,0,205,89
-4.75036979955009,-4.529779857988088,-4.575135982181287,-4.421199972172998,-3.937047554388692,-4.249034281515392,1,0,206,88
-5.3306276096760135,-4.75036979955009,-4.529779857988088,-4.575135982181287,-4.421199972172998,-3.937047554388692,1,0,207,87
-5.624262591042835,-5.3306276096760135,-4.75036979955009,-4.529779857988088,-4.575135982181287,-4.421199972172998,1,0,208,86
-5.672321242435778,-5.624262591042835,-5.3306276096760135,-4.75036979955009,-4.529779857988088,-4.575135982181287,1,0,209,85
-6.270370107975885,-5.672321242435778,-5.624262591042835,-5.3306276096760135,-4.75036979955009,-4.529779857988088,1,0,210,84
-6.298369033124539,-6.270370107975885,-5.672321242435778,-5.624262591042835,-5.3306276096760135,-4.75036979955009,1,0,211,83
-6.048194775801919,-6.298369033124539,-6.270370107975885,-5.672321242435778,-5.624262591042835,-5.3306276096760135,1,0,212,82
-6.886697511669595,-6.048194775801919,-6.298369033124539,-6.270370107975885,-5.672321242435778,-5.624262591042835,1,0,213,81
-7.111940951216241,-6.886697511669595,-6.048194775801919,-6.298369033124539,-6.270370107975885,-5.672321242435778,1,0,214,80
-6.995204423571186,-7.111940951216241,-6.886697511669595,-6.048194775801919,-6.298369033124539,-6.270370107975885,1,0,215,79
-7.015196287812271,-6.995204423571186,-7.111940951216241,-6.886697511669595,-6.048194775801919,-6.298369033124539,1,0,216,78
-7.2717520367794055,-7.015196287812271,-6.995204423571186,-7.111940951216241,-6.886697511669595,-6.048194775801919,1,0,217,77
-7.66369954269292,-7.2717520367794055,-7.015196287812271,-6.995204423571186,-7.111940951216241,-6.886697511669595,1,0,218,76
-7.006405679668605,-7.66369954269292,-7.2717520367794055,-7.015196287812271,-6.995204423571186,-7.111940951216241,1,0,219,75
-6.927860319755651,-7.006405679668605,-7.66369954269292,-7.2717520367794055,-7.015196287812271,-6.995204423571186,1,0,220,74
-7.3475767531138425,-6.927860319755651,-7.006405679668605,-7.66369954269292,-7.2717520367794055,-7.015196287812271,1,0,221,73
-6.990017640183657,-7.3475767531138425,-6.927860319755651,-7.006405679668605,-7.66369954269292,-7.2717520367794055,1,0,222,72
-7.611386723313968,-6.990017640183657,-7.3475767531138425,-6.927860319755651,-7.006405679668605,-7.66369954269292,1,0,223,71
-8.140931484346341,-7.611386723313968,-6.990017640183657,-7.3475767531138425,-6.927860319755651,-7.006405679668605,1,0,224,70
-6.961514173261635,-8.140931484346341,-7.611386723313968,-6.990017640183657,-7.3475767531138425,-6.927860319755651,1,0,225,69
-6.206596958004514,-6.961514173261635,-8.140931484346341,-7.611386723313968,-6.990017640183657,-7.3475767531138425,1,0,226,68
-6.56745771116526,-6.206596958004514,-6.961514173261635,-8.140931484346341,-7.611386723313968,-6.990017640183657,1,0,227,67
-6.188251398993361,-6.56745771116526,-6.206596958004514,-6.961514173261635,-8.140931484346341,-7.611386723313968,1,0,228,66
-5.508633234112239,-6.188251398993361,-6.56745771116526,-6.206596958004514,-6.961514173261635,-8.140931484346341,1,0,229,65
-5.351058286769149,-5.508633234112239,-6.188251398993361,-6.56745771116526,-6.206596958004514,-6.961514173261635,1,0,230,64
-6.1927246465030725,-5.351058286769149,-5.508633234112239,-6.188251398993361,-6.56745771116526,-6.206596958004514,1,0,231,63
-5.578087999281509,-6.1927246465030725,-5.351058286769149,-5.508633234112239,-6.188251398993361,-6.56745771116526,1,0,232,62
-5.4403057547933535,-5.578087999281509,-6.1927246465030725,-5.351058286769149,-5.508633234112239,-6.188251398993361,1,0,233,61
-5.932031024335099,-5.4403057547933535,-5.578087999281509,-6.1927246465030725,-5.351058286769149,-5.508633234112239,1,0,234,60
-5.464009728182114,-5.932031024335099,-5.4403057547933535,-5.578087999281509,-6.1927246465030725,-5.351058286769149,1,0,235,59
-5.895021544248804,-5.464009728182114,-5.932031024335099,-5.4403057547933535,-5.578087999281509,-6.1927246465030725,1,0,236,58
-5.73629306203911,-5.895021544248804,-5.464009728182114,-5.932031024335099,-5.4403057547933535,-5.578087999281509,1,0,237,57
-4.977492818507611,-5.73629306203911,-5.895021544248804,-5.464009728182114,-5.932031024335099,-5.4403057547933535,1,0,238,56
-4.866486643414308,-4.977492818507611,-5.73629306203911,-5.895021544248804,-5.464009728182114,-5.932031024335099,1,0,239,55
-4.785613057450443,-4.866486643414308,-4.977492818507611,-5.73629306203911,-5.895021544248804,-5.464009728182114,1,0,240,54
-5.197267350875549,-4.785613057450443,-4.866486643414308,-4.977492818507611,-5.73629306203911,-5.895021544248804,1,0,241,53
-5.497786956271735,-5.197267350875549,-4.785613057450443,-4.866486643414308,-4.977492818507611,-5.73629306203911,1,0,242,52
-5.168027895299869,-5.497786956271735,-5.197267350875549,-4.785613057450443,-4.866486643414308,-4.977492818507611,1,0,243,51
-5.002576139008592,-5.168027895299869,-5.497786956271735,-5.197267350875549,-4.785613057450443,-4.866486643414308,1,0,244,50
-4.716018316745409,-5.002576139008592,-5.168027895299869,-5.497786956271735,-5.197267350875549,-4.785613057450443,1,0,245,49
-4.636799824666271,-4.716018316745409,-5.002576139008592,-5.168027895299869,-5.497786956271735,-5.197267350875549,1,0,246,48
-5.370450566699071,-4.636799824666271,-4.716018316745409,-5.002576139008592,-5.168027895299869,-5.497786956271735,1,0,247,47
-5.450213677501084,-5.370450566699071,-4.636799824666271,-4.716018316745409,-5.002576139008592,-5.168027895299869,1,0,248,46
-4.343388637121022,-5.450213677501084,-5.370450566699071,-4.636799824666271,-4.716018316745409,-5.002576139008592,1,0,249,45
-4.1653456292953575,-4.343388637121022,-5.450213677501084,-5.370450566699071,-4.636799824666271,-4.716018316745409,1,0,250,44
-4.327579112039926,-4.1653456292953575,-4.343388637121022,-5.450213677501084,-5.370450566699071,-4.636799824666271,1,0,251,43
-3.6152188251118393,-4.327579112039926,-4.1653456292953575,-4.343388637121022,-5.450213677501084,-5.370450566699071,1,0,252,42
-2.7278962691092343,-3.6152188251118393,-4.327579112039926,-4.1653456292953575,-4.343388637121022,-5.450213677501084,1,0,253,41
-2.6909572207240737,-2.7278962691092343,-3.6152188251118393,-4.327579112039926,-4.1653456292953575,-4.343388637121022,1,0,254,40
-3.5902229023512247,-2.6909572207240737,-2.7278962691092343,-3.6152188251118393,-4.327579112039926,-4.1653456292953575,1,0,255,39
-3.198951951855845,-3.5902229023512247,-2.6909572207240737,-2.7278962691092343,-3.6152188251118393,-4.327579112039926,1,0,256,38
-2.662512060678739,-3.198951951855845,-3.5902229023512247,-2.6909572207240737,-2.7278962691092343,-3.6152188251118393,1,0,257,37
-4.541982796442371,-2.662512060678739,-3.198951951855845,-3.5902229023512247,-2.6909572207240737,-2.7278962691092343,1,0,258,36
-3.4564316424695223,-4.541982796442371,-2.662512060678739,-3.198951951855845,-3.5902229023512247,-2.6909572207240737,1,0,259,35
-2.569882464510872,-3.4564316424695223,-4.541982796442371,-2.662512060678739,-3.198951951855845,-3.5902229023512247,1,0,260,34
-3.596940715905422,-2.569882464510872,-3.4564316424695223,-4.541982796442371,-2.662512060678739,-3.198951951855845,1,0,261,33
-3.1726614928958123,-3.596940715905422,-2.569882464510872,-3.4564316424695223,-4.541982796442371,-2.662512060678739,1,0,262,32
-2.4813687273719855,-3.1726614928958123,-3.596940715905422,-2.569882464510872,-3.4564316424695223,-4.541982796442371,1,0,263,31
-2.734063652591709,-2.4813687273719855,-3.1726614928958123,-3.596940715905422,-2.569882464510872,-3.4564316424695223,1,0,264,30
-2.730852381307563,-2.734063652591709,-2.4813687273719855,-3.1726614928958123,-3.596940715905422,-2.569882464510872,1,0,265,29
-2.408169766322246,-2.730852381307563,-2.734063652591709,-2.4813687273719855,-3.1726614928958123,-3.596940715905422,1,0,266,28
-2.4614368067108523,-2.408169766322246,-2.730852381307563,-2.734063652591709,-2.4813687273719855,-3.1726614928958123,1,0,267,27
-3.365198465357971,-2.4614368067108523,-2.408169766322246,-2.730852381307563,-2.734063652591709,-2.4813687273719855,1,0,268,26
-2.222307254012382,-3.365198465357971,-2.4614368067108523,-2.408169766322246,-2.730852381307563,-2.734063652591709,1,0,269,25
-2.3688624452767777,-2.222307254012382,-3.365198465357971,-2.4614368067108523,-2.408169766322246,-2.730852381307563,1,0,270,24
-2.4133288108217856,-2.3688624452767777,-2.222307254012382,-3.365198465357971,-2.4614368067108523,-2.408169766322246,1,0,271,23
-1.6139492221877614,-2.4133288108217856,-2.3688624452767777,-2.222307254012382,-3.365198465357971,-2.4614368067108523,1,0,272,22
-1.1038327356643785,-1.6139492221877614,-2.4133288108217856,-2.3688624452767777,-2.222307254012382,-3.365198465357971,1,0,273,21
-1.0305414480517685,-1.1038327356643785,-1.6139492221877614,-2.4133288108217856,-2.3688624452767777,-2.222307254012382,1,0,274,20
-0.5459141849969337,-1.0305414480517685,-1.1038327356643785,-1.6139492221877614,-2.4133288108217856,-2.3688624452767777,1,0,275,19
0.0959386929930427,-0.5459141849969337,-1.0305414480517685,-1.1038327356643785,-1.6139492221877614,-2.4133288108217856,1,0,276,18
0.9417971666433913,0.0959386929930427,-0.5459141849969337,-1.0305414480517685,-1.1038327356643785,-1.6139492221877614,1,0,277,17
1.0377657508346925,0.9417971666433913,0.0959386929930427,-0.5459141849969337,-1.0305414480517685,-1.1038327356643785,1,0,278,16
0.8389144891816944,1.0377657508346925,0.9417971666433913,0.0959386929930427,-0.5459141849969337,-1.0305414480517685,1,0,279,15
0.6559413025830958,0.8389144891816944,1.0377657508346925,0.9417971666433913,0.0959386929930427,-0.5459141849969337,1,0,280,14
0.9554208083505895,0.6559413025830958,0.8389144891816944,1.0377657508346925,0.9417971666433913,0.0959386929930427,1,0,281,13
1.4895868991036085,0.9554208083505895,0.6559413025830958,0.8389144891816944,1.0377657508346925,0.9417971666433913,1,0,282,12
1.5064852790726238,1.4895868991036085,0.9554208083505895,0.6559413025830958,0.8389144891816944,1.0377657508346925,1,0,283,11
1.7142740084027217,1.5064852790726238,1.4895868991036085,0.9554208083505895,0.6559413025830958,0.8389144891816944,1,0,284,10
1.972533428181615,1.7142740084027217,1.5064852790726238,1.4895868991036085,0.9554208083505895,0.6559413025830958,1,0,285,9
2.2378198393202693,1.972533428181615,1.7142740084027217,1.5064852790726238,1.4895868991036085,0.9554208083505895,1,0,286,8
2.126506597755323,2.2378198393202693,1.972533428181615,1.7142740084027217,1.5064852790726238,1.4895868991036085,1,0,287,7
1.1836060067064753,2.126506597755323,2.2378198393202693,1.972533428181615,1.7142740084027217,1.5064852790726238,1,0,288,6
0.9106135915072318,1.1836060067064753,2.126506597755323,2.2378198393202693,1.972533428181615,1.7142740084027217,1,1,289,5
0.014730954685152842,0.9106135915072318,1.1836060067064753,2.126506597755323,2.2378198393202693,1.972533428181615,1,1,290,4
1.8694044980974664,0.014730954685152842,0.9106135915072318,1.1836060067064753,2.126506597755323,2.2378198393202693,1,1,291,3
-1.6455472010763703,1.8694044980974664,0.014730954685152842,0.9106135915072318,1.1836060067064753,2.126506597755323,1,1,292,2
4.3430061990895545,-1.6455472010763703,1.8694044980974664,0.014730954685152842,0.9106135915072318,1.1836060067064753,1,1,293,1
-1.8010131039326025,4.3430061990895545,-1.6455472010763703,1.8694044980974664,0.014730954685152842,0.9106135915072318,2,1,0,0
3.599139908113916,-1.8010131039326025,4.3430061990895545,-1.6455472010763703,1.8694044980974664,0.014730954685152842,2,1,1,197
-1.7902359283334885,3.599139908113916,-1.8010131039326025,4.3430061990895545,-1.6455472010763703,1.8694044980974664,2,1,2,196
0.47773667083468574,-1.7902359283334885,3.599139908113916,-1.8010131039326025,4.3430061990895545,-1.6455472010763703,2,1,3,195
2.477120801606677,0.47773667083468574,-1.7902359283334885,3.599139908113916,-1.8010131039326025,4.3430061990895545,2,1,4,194
-1.4413886219395045,2.477120801606677,0.47773667083468574,-1.7902359283334885,3.599139908113916,-1.8010131039326025,2,0,5,193
4.324174221805446,-1.4413886219395045,2.477120801606677,0.47773667083468574,-1.7902359283334885,3.599139908113916,2,0,6,192
-3.6762662776638146,4.324174221805446,-1.4413886219395045,2.477120801606677,0.47773667083468574,-1.7902359283334885,2,0,7,191
4.897086691246494,-3.6762662776638146,4.324174221805446,-1.4413886219395045,2.477120801606677,0.47773667083468574,2,0,8,190
-1.699052008639291,4.897086691246494,-3.6762662776638146,4.324174221805446,-1.4413886219395045,2.477120801606677,2,0,9,189
3.664794599339734,-1.699052008639291,4.897086691246494,-3.6762662776638146,4.324174221805446,-1.4413886219395045,2,0,10,188
-4.312958363564837,3.664794599339734,-1.699052008639291,4.897086691246494,-3.6762662776638146,4.324174221805446,2,0,11,187
2.4765962768270846,-4.312958363564837,3.664794599339734,-1.699052008639291,4.897086691246494,-3.6762662776638146,2,0,12,186
-5.114794494950242,2.4765962768270846,-4.312958363564837,3.664794599339734,-1.699052008639291,4.897086691246494,2,0,13,185
3.719750635583483,-5.114794494950242,2.4765962768270846,-4.312958363564837,3.664794599339734,-1.699052008639291,2,0,14,184
-4.187470917268959,3.719750635583483,-5.114794494950242,2.4765962768270846,-4.312958363564837,3.664794599339734,2,0,15,183
3.0153882658914983,-4.187470917268959,3.719750635583483,-5.114794494950242,2.4765962768270846,-4.312958363564837,2,0,16,182
-2.181453096045315,3.0153882658914983,-4.187470917268959,3.719750635583483,-5.114794494950242,2.4765962768270846,2,0,17,181
2.0983963244951105,-2.181453096045315,3.0153882658914983,-4.187470917268959,3.719750635583483,-5.114794494950242,2,0,18,180
-1.5909440934292345,2.0983963244951105,-2.181453096045315,3.0153882658914983,-4.187470917268959,3.719750635583483,2,0,19,179
3.619031139960346,-1.5909440934292345,2.0983963244951105,-2.181453096045315,3.0153882658914983,-4.187470917268959,2,0,20,178
-0.6329228920702087,3.619031139960346,-1.5909440934292345,2.0983963244951105,-2.181453096045315,3.0153882658914983,2,0,21,177
3.9614771567231917,-0.6329228920702087,3.619031139960346,-1.5909440934292345,2.0983963244951105,-2.181453096045315,2,0,22,176
-2.7938696443486997,3.9614771567231917,-0.6329228920702087,3.619031139960346,-1.5909440934292345,2.0983963244951105,2,0,23,175
7.789636694958933,-2.7938696443486997,3.9614771567231917,-0.6329228920702087,3.619031139960346,-1.5909440934292345,2,0,24,174
-5.588315953958038,7.789636694958933,-2.7938696443486997,3.9614771567231917,-0.6329228920702087,3.619031139960346,2,0,25,173
9.710327403919477,-5.588315953958038,7.789636694958933,-2.7938696443486997,3.9614771567231917,-0.6329228920702087,2,0,26,172
-8.697853805929242,9.710327403919477,-5.588315953958038,7.789636694958933,-2.7938696443486997,3.9614771567231917,2,0,27,171
9.278601417305111,-8.697853805929242,9.710327403919477,-5.588315953958038,7.789636694958933,-2.7938696443486997,2,0,28,170
-7.473438770188585,9.278601417305111,-8.697853805929242,9.710327403919477,-5.588315953958038,7.789636694958933,2,0,29,169
8.84643399668261,-7.473438770188585,9.278601417305111,-8.697853805929242,9.710327403919477,-5.588315953958038,2,0,30,168
-4.416397628892104,8.84643399668261,-7.473438770188585,9.278601417305111,-8.697853805929242,9.710327403919477,2,0,31,167
8.768722582955043,-4.416397628892104,8.84643399668261,-7.473438770188585,9.278601417305111,-8.697853805929242,2,0,32,166
-2.2210121239810094,8.768722582955043,-4.416397628892104,8.84643399668261,-7.473438770188585,9.278601417305111,2,0,33,165
5.1896391748059925,-2.2210121239810094,8.768722582955043,-4.416397628892104,8.84643399668261,-7.473438770188585,2,0,34,164
1.283567067673924,5.1896391748059925,-2.2210121239810094,8.768722582955043,-4.416397628892104,8.84643399668261,2,0,35,163
3.5132711370801735,1.283567067673924,5.1896391748059925,-2.2210121239810094,8.768722582955043,-4.416397628892104,2,0,36,162
3.8239104070185506,3.5132711370801735,1.283567067673924,5.1896391748059925,-2.2210121239810094,8.768722582955043,2,0,37,161
-0.5090216506475125,3.8239104070185506,3.5132711370801735,1.283567067673924,5.1896391748059925,-2.2210121239810094,2,0,38,160
8.009798653892425,-0.5090216506475125,3.8239104070185506,3.5132711370801735,1.283567067673924,5.1896391748059925,2,0,39,159
-3.480072226018055,8.009798653892425,-0.5090216506475125,3.8239104070185506,3.5132711370801735,1.283567067673924,2,0,40,158
11.035992421024394,-3.480072226018055,8.009798653892425,-0.5090216506475125,3.8239104070185506,3.5132711370801735,2,0,41,157
-6.07280744360037,11.035992421024394,-3.480072226018055,8.009798653892425,-0.5090216506475125,3.8239104070185506,2,0,42,156
12.764300522914592,-6.07280744360037,11.035992421024394,-3.480072226018055,8.009798653892425,-0.5090216506475125,2,0,43,155
-5.956790903038647,12.764300522914592,-6.07280744360037,11.035992421024394,-3.480072226018055,8.009798653892425,2,0,44,154
12.32099959423055,-5.956790903038647,12.764300522914592,-6.07280744360037,11.035992421024394,-3.480072226018055,2,0,45,153
-2.8096158620124627,12.32099959423055,-5.956790903038647,12.764300522914592,-6.07280744360037,11.035992421024394,2,0,46,152
11.192718125812952,-2.8096158620124627,12.32099959423055,-5.956790903038647,12.764300522914592,-6.07280744360037,2,0,47,151
0.686522430097138,11.192718125812952,-2.8096158620124627,12.32099959423055,-5.956790903038647,12.764300522914592,2,0,48,150
10.181490137465106,0.686522430097138,11.192718125812952,-2.8096158620124627,12.32099959423055,-5.956790903038647,2,0,49,149
2.4591019554330336,10.181490137465106,0.686522430097138,11.192718125812952,-2.8096158620124627,12.32099959423055,2,0,50,148
9.16381384244783,2.4591019554330336,10.181490137465106,0.686522430097138,11.192718125812952,-2.8096158620124627,2,0,51,147
3.9648119046094856,9.16381384244783,2.4591019554330336,10.181490137465106,0.686522430097138,11.192718125812952,2,0,52,146
7.7913912962756875,3.9648119046094856,9.16381384244783,2.4591019554330336,10.181490137465106,0.686522430097138,2,0,53,145
7.9578410876253605,7.7913912962756875,3.9648119046094856,9.16381384244783,2.4591019554330336,10.181490137465106,2,0,54,144
7.305595581825914,7.9578410876253605,7.7913912962756875,3.9648119046094856,9.16381384244783,2.4591019554330336,2,0,55,143
9.761611628647493,7.305595581825914,7.9578410876253605,7.7913912962756875,3.9648119046094856,9.16381384244783,2,0,56,142
7.144154381440815,9.761611628647493,7.305595581825914,7.9578410876253605,7.7913912962756875,3.9648119046094856,2,0,57,141
7.533349541708195,7.144154381440815,9.761611628647493,7.305595581825914,7.9578410876253605,7.7913912962756875,2,0,58,140
6.419434712393995,7.533349541708195,7.144154381440815,9.761611628647493,7.305595581825914,7.9578410876253605,2,0,59,139
8.315269028703348,6.419434712393995,7.533349541708195,7.144154381440815,9.761611628647493,7.305595581825914,2,0,60,138
5.056674643218742,8.315269028703348,6.419434712393995,7.533349541708195,7.144154381440815,9.761611628647493,2,0,61,137
9.033351953253103,5.056674643218742,8.315269028703348,6.419434712393995,7.533349541708195,7.144154381440815,2,0,62,136
2.654177008536514,9.033351953253103,5.056674643218742,8.315269028703348,6.419434712393995,7.533349541708195,2,0,63,135
12.16378337136338,2.654177008536514,9.033351953253103,5.056674643218742,8.315269028703348,6.419434712393995,2,0,64,134
0.5306011217129121,12.16378337136338,2.654177008536514,9.033351953253103,5.056674643218742,8.315269028703348,2,0,65,133
10.600822808145255,0.5306011217129121,12.16378337136338,2.654177008536514,9.033351953253103,5.056674643218742,2,0,66,132
0.8090316426771005,10.600822808145255,0.5306011217129121,12.16378337136338,2.654177008536514,9.033351953253103,2,0,67,131
11.90396967234559,0.8090316426771005,10.600822808145255,0.5306011217129121,12.16378337136338,2.654177008536514,2,0,68,130
1.741582610586762,11.90396967234559,0.8090316426771005,10.600822808145255,0.5306011217129121,12.16378337136338,2,0,69,129
10.75171764384954,1.741582610586762,11.90396967234559,0.8090316426771005,10.600822808145255,0.5306011217129121,2,0,70,128
3.7509407759799647,10.75171764384954,1.741582610586762,11.90396967234559,0.8090316426771005,10.600822808145255,2,0,71,127
4.107107016737101,3.7509407759799647,10.75171764384954,1.741582610586762,11.90396967234559,0.8090316426771005,2,0,72,126
9.595755911260477,4.107107016737101,3.7509407759799647,10.75171764384954,1.741582610586762,11.90396967234559,2,0,73,125
-2.485832242425894,9.595755911260477,4.107107016737101,3.7509407759799647,10.75171764384954,1.741582610586762,2,0,74,124
12.908167845586357,-2.485832242425894,9.595755911260477,4.107107016737101,3.7509407759799647,10.75171764384954,2,0,75,123
-5.034051142237088,12.908167845586357,-2.485832242425894,9.595755911260477,4.107107016737101,3.7509407759799647,2,0,76,122
13.13787945392184,-5.034051142237088,12.908167845586357,-2.485832242425894,9.595755911260477,4.107107016737101,2,0,77,121
-3.6226704876674747,13.13787945392184,-5.034051142237088,12.908167845586357,-2.485832242425894,9.595755911260477,2,0,78,120
9.887804684683992,-3.6226704876674747,13.13787945392184,-5.034051142237088,12.908167845586357,-2.485832242425894,2,0,79,119
1.202963344099406,9.887804684683992,-3.6226704876674747,13.13787945392184,-5.034051142237088,12.908167845586357,2,0,80,118
6.374559655208728,1.202963344099406,9.887804684683992,-3.6226704876674747,13.13787945392184,-5.034051142237088,2,0,81,117
7.262060891701517,6.374559655208728,1.202963344099406,9.887804684683992,-3.6226704876674747,13.13787945392184,2,0,82,116
3.1357902059767144,7.262060891701517,6.374559655208728,1.202963344099406,9.887804684683992,-3.6226704876674747,2,0,83,115
11.486984104187583,3.1357902059767144,7.262060891701517,6.374559655208728,1.202963344099406,9.887804684683992,2,0,84,114
0.8751158029875219,11.486984104187583,3.1357902059767144,7.262060891701517,6.374559655208728,1.202963344099406,2,0,85,113
15.778882963090707,0.8751158029875219,11.486984104187583,3.1357902059767144,7.262060891701517,6.374559655208728,2,0,86,112
-1.8396687866971095,15.778882963090707,0.8751158029875219,11.486984104187583,3.1357902059767144,7.262060891701517,2,0,87,111
18.70441481318675,-1.8396687866971095,15.778882963090707,0.8751158029875219,11.486984104187583,3.1357902059767144,2,0,88,110
-0.2914035977629479,18.70441481318675,-1.8396687866971095,15.778882963090707,0.8751158029875219,11.486984104187583,2,0,89,109
17.751986528191726,-0.2914035977629479,18.70441481318675,-1.8396687866971095,15.778882963090707,0.8751158029875219,2,0,90,108
2.395066275932877,17.751986528191726,-0.2914035977629479,18.70441481318675,-1.8396687866971095,15.778882963090707,2,0,91,107
13.557977031126612,2.395066275932877,17.751986528191726,-0.2914035977629479,18.70441481318675,-1.8396687866971095,2,0,92,106
6.6493127197438096,13.557977031126612,2.395066275932877,17.751986528191726,-0.2914035977629479,18.70441481318675,2,0,93,105
8.043528866657782,6.6493127197438096,13.557977031126612,2.395066275932877,17.751986528191726,-0.2914035977629479,2,0,94,104
11.337724634397778,8.043528866657782,6.6493127197438096,13.557977031126612,2.395066275932877,17.751986528191726,2,0,95,103
5.073968308183973,11.337724634397778,8.043528866657782,6.6493127197438096,13.557977031126612,2.395066275932877,2,0,96,102
11.722476752130842,5.073968308183973,11.337724634397778,8.043528866657782,6.6493127197438096,13.557977031126612,2,0,97,101
3.7810958081800528,11.722476752130842,5.073968308183973,11.337724634397778,8.043528866657782,6.6493127197438096,2,0,98,100
10.072457057248158,3.7810958081800528,11.722476752130842,5.073968308183973,11.337724634397778,8.043528866657782,2,0,99,99
2.828702206206973,10.072457057248158,3.7810958081800528,11.722476752130842,5.073968308183973,11.337724634397778,2,0,100,98
10.16218174726137,2.828702206206973,10.072457057248158,3.7810958081800528,11.722476752130842,5.073968308183973,2,0,101,97
2.7718681581023805,10.16218174726137,2.828702206206973,10.072457057248158,3.7810958081800528,11.722476752130842,2,0,102,96
7.355409824704537,2.7718681581023805,10.16218174726137,2.828702206206973,10.072457057248158,3.7810958081800528,2,0,103,95
5.863725300162174,7.355409824704537,2.7718681581023805,10.16218174726137,2.828702206206973,10.072457057248158,2,0,104,94
5.265764310754585,5.863725300162174,7.355409824704537,2.7718681581023805,10.16218174726137,2.828702206206973,2,0,105,93
7.329897145991763,5.265764310754585,5.863725300162174,7.355409824704537,2.7718681581023805,10.16218174726137,2,0,106,92
3.08478024300406,7.329897145991763,5.265764310754585,5.863725300162174,7.355409824704537,2.7718681581023805,2,0,107,91
7.723664753132559,3.08478024300406,7.329897145991763,5.265764310754585,5.863725300162174,7.355409824704537,2,0,108,90
0.8441418244566457,7.723664753132559,3.08478024300406,7.329897145991763,5.265764310754585,5.863725300162174,2,0,109,89
9.625639581633406,0.8441418244566457,7.723664753132559,3.08478024300406,7.329897145991763,5.265764310754585,2,0,110,88
-0.3653205717544715,9.625639581633406,0.8441418244566457,7.723664753132559,3.08478024300406,7.329897145991763,2,0,111,87
12.163835971163737,-0.3653205717544715,9.625639581633406,0.8441418244566457,7.723664753132559,3.08478024300406,2,0,112,86
-1.32931694334777,12.163835971163737,-0.3653205717544715,9.625639581633406,0.8441418244566457,7.723664753132559,2,0,113,85
11.011914630002483,-1.32931694334777,12.163835971163737,-0.3653205717544715,9.625639581633406,0.8441418244566457,2,0,114,84
-0.5976153876347389,11.011914630002483,-1.32931694334777,12.163835971163737,-0.3653205717544715,9.625639581633406,2,0,115,83
11.025226292644977,-0.5976153876347389,11.011914630002483,-1.32931694334777,12.163835971163737,-0.3653205717544715,2,0,116,82
0.7557187005384749,11.025226292644977,-0.5976153876347389,11.011914630002483,-1.32931694334777,12.163835971163737,2,0,117,81
9.705562533770253,0.7557187005384749,11.025226292644977,-0.5976153876347389,11.011914630002483,-1.32931694334777,2,0,118,80
2.1404786342418056,9.705562533770253,0.7557187005384749,11.025226292644977,-0.5976153876347389,11.011914630002483,2,0,119,79
7.299572060802465,2.1404786342418056,9.705562533770253,0.7557187005384749,11.025226292644977,-0.5976153876347389,2,0,120,78
2.1018618470419086,7.299572060802465,2.1404786342418056,9.705562533770253,0.7557187005384749,11.025226292644977,2,0,121,77
4.855287251309162,2.1018618470419086,7.299572060802465,2.1404786342418056,9.705562533770253,0.7557187005384749,2,0,122,76
4.864912309190233,4.855287251309162,2.1018618470419086,7.299572060802465,2.1404786342418056,9.705562533770253,2,0,123,75
1.9875143776290733,4.864912309190233,4.855287251309162,2.1018618470419086,7.299572060802465,2.1404786342418056,2,0,124,74
7.956523719834801,1.9875143776290733,4.864912309190233,4.855287251309162,2.1018618470419086,7.299572060802465,2,0,125,73
-3.0912051931114735,7.956523719834801,1.9875143776290733,4.864912309190233,4.855287251309162,2.1018618470419086,2,0,126,72
9.80384475151019,-3.0912051931114735,7.956523719834801,1.9875143776290733,4.864912309190233,4.855287251309162,2,0,127,71
-5.336262388454072,9.80384475151019,-3.0912051931114735,7.956523719834801,1.9875143776290733,4.864912309190233,2,0,128,70
11.173016452355721,-5.336262388454072,9.80384475151019,-3.0912051931114735,7.956523719834801,1.9875143776290733,2,0,129,69
-5.888201524650485,11.173016452355721,-5.336262388454072,9.80384475151019,-3.0912051931114735,7.956523719834801,2,0,130,68
9.924214121216187,-5.888201524650485,11.173016452355721,-5.336262388454072,9.80384475151019,-3.0912051931114735,2,0,131,67
-5.58993487260315,9.924214121216187,-5.888201524650485,11.173016452355721,-5.336262388454072,9.80384475151019,2,0,132,66
10.179066034661389,-5.58993487260315,9.924214121216187,-5.888201524650485,11.173016452355721,-5.336262388454072,2,0,133,65
-4.075677902964803,10.179066034661389,-5.58993487260315,9.924214121216187,-5.888201524650485,11.173016452355721,2,0,134,64
7.633618060737992,-4.075677902964803,10.179066034661389,-5.58993487260315,9.924214121216187,-5.888201524650485,2,0,135,63
-0.22752529792484466,7.633618060737992,-4.075677902964803,10.179066034661389,-5.58993487260315,9.924214121216187,2,0,136,62
6.567831088884792,-0.22752529792484466,7.633618060737992,-4.075677902964803,10.179066034661389,-5.58993487260315,2,0,137,61
3.165701582646564,6.567831088884792,-0.22752529792484466,7.633618060737992,-4.075677902964803,10.179066034661389,2,0,138,60
5.412651369651803,3.165701582646564,6.567831088884792,-0.22752529792484466,7.633618060737992,-4.075677902964803,2,0,139,59
7.767352189319996,5.412651369651803,3.165701582646564,6.567831088884792,-0.22752529792484466,7.633618060737992,2,0,140,58
2.963378230716575,7.767352189319996,5.412651369651803,3.165701582646564,6.567831088884792,-0.22752529792484466,2,0,141,57
10.66783801013275,2.963378230716575,7.767352189319996,5.412651369651803,3.165701582646564,6.567831088884792,2,0,142,56
0.5167602355584919,10.66783801013275,2.963378230716575,7.767352189319996,5.412651369651803,3.165701582646564,2,0,143,55
13.561464787351753,0.5167602355584919,10.66783801013275,2.963378230716575,7.767352189319996,5.412651369651803,2,0,144,54
0.05987801620813782,13.561464787351753,0.5167602355584919,10.66783801013275,2.963378230716575,7.767352189319996,2,0,145,53
13.659970905080442,0.05987801620813782,13.561464787351753,0.5167602355584919,10.66783801013275,2.963378230716575,2,0,146,52
0.9482508271704454,13.659970905080442,0.05987801620813782,13.561464787351753,0.5167602355584919,10.66783801013275,2,0,147,51
11.899341409638723,0.9482508271704454,13.659970905080442,0.05987801620813782,13.561464787351753,0.5167602355584919,2,0,148,50
1.8157413456648654,11.899341409638723,0.9482508271704454,13.659970905080442,0.05987801620813782,13.561464787351753,2,0,149,49
10.226304823655713,1.8157413456648654,11.899341409638723,0.9482508271704454,13.659970905080442,0.05987801620813782,2,0,150,48
1.782502122402829,10.226304823655713,1.8157413456648654,11.899341409638723,0.9482508271704454,13.659970905080442,2,0,151,47
9.76092351557386,1.782502122402829,10.226304823655713,1.8157413456648654,11.899341409638723,0.9482508271704454,2,0,152,46
3.44398343230968,9.76092351557386,1.782502122402829,10.226304823655713,1.8157413456648654,11.899341409638723,2,0,153,45
7.463488268303017,3.44398343230968,9.76092351557386,1.782502122402829,10.226304823655713,1.8157413456648654,2,0,154,44
7.139596726449454,7.463488268303017,3.44398343230968,9.76092351557386,1.782502122402829,10.226304823655713,2,0,155,43
4.383575067892271,7.139596726449454,7.463488268303017,3.44398343230968,9.76092351557386,1.782502122402829,2,0,156,42
10.843284274281604,4.383575067892271,7.139596726449454,7.463488268303017,3.44398343230968,9.76092351557386,2,0,157,41
1.630991800829556,10.843284274281604,4.383575067892271,7.139596726449454,7.463488268303017,3.44398343230968,2,0,158,40
11.943220820441564,1.630991800829556,10.843284274281604,4.383575067892271,7.139596726449454,7.463488268303017,2,0,159,39
-0.8386589434434244,11.943220820441564,1.630991800829556,10.843284274281604,4.383575067892271,7.139596726449454,2,0,160,38
9.746393040314732,-0.8386589434434244,11.943220820441564,1.630991800829556,10.843284274281604,4.383575067892271,2,0,161,37
0.34924248015524806,9.746393040314732,-0.8386589434434244,11.943220820441564,1.630991800829556,10.843284274281604,2,0,162,36
8.452615169609242,0.34924248015524806,9.746393040314732,-0.8386589434434244,11.943220820441564,1.630991800829556,2,0,163,35
3.9754089946690057,8.452615169609242,0.34924248015524806,9.746393040314732,-0.8386589434434244,11.943220820441564,2,0,164,34
5.752003118975558,3.9754089946690057,8.452615169609242,0.34924248015524806,9.746393040314732,-0.8386589434434244,2,0,165,33
6.733260165340984,5.752003118975558,3.9754089946690057,8.452615169609242,0.34924248015524806,9.746393040314732,2,0,166,32
2.076779053766355,6.733260165340984,5.752003118975558,3.9754089946690057,8.452615169609242,0.34924248015524806,2,0,167,31
5.896541317229675,2.076779053766355,6.733260165340984,5.752003118975558,3.9754089946690057,8.452615169609242,2,0,168,30
2.029036116293107,5.896541317229675,2.076779053766355,6.733260165340984,5.752003118975558,3.9754089946690057,2,0,169,29
3.1705242335969492,2.029036116293107,5.896541317229675,2.076779053766355,6.733260165340984,5.752003118975558,2,0,170,28
3.615860294251597,3.1705242335969492,2.029036116293107,5.896541317229675,2.076779053766355,6.733260165340984,2,0,171,27
0.8741616263243863,3.615860294251597,3.1705242335969492,2.029036116293107,5.896541317229675,2.076779053766355,2,0,172,26
2.469594158688095,0.8741616263243863,3.615860294251597,3.1705242335969492,2.029036116293107,5.896541317229675,2,0,173,25
-2.369426200456135,2.469594158688095,0.8741616263243863,3.615860294251597,3.1705242335969492,2.029036116293107,2,0,174,24
1.2975691898275485,-2.369426200456135,2.469594158688095,0.8741616263243863,3.615860294251597,3.1705242335969492,2,0,175,23
-2.6804076932396494,1.2975691898275485,-2.369426200456135,2.469594158688095,0.8741616263243863,3.615860294251597,2,0,176,22
2.6926117440796276,-2.6804076932396494,1.2975691898275485,-2.369426200456135,2.469594158688095,0.8741616263243863,2,0,177,21
-1.9996313251796693,2.6926117440796276,-2.6804076932396494,1.2975691898275485,-2.369426200456135,2.469594158688095,2,0,178,20
4.839237255385628,-1.9996313251796693,2.6926117440796276,-2.6804076932396494,1.2975691898275485,-2.369426200456135,2,0,179,19
-0.8273759293969145,4.839237255385628,-1.9996313251796693,2.6926117440796276,-2.6804076932396494,1.2975691898275485,2,0,180,18
5.6471608856205,-0.8273759293969145,4.839237255385628,-1.9996313251796693,2.6926117440796276,-2.6804076932396494,2,0,181,17
1.8535059074341267,5.6471608856205,-0.8273759293969145,4.839237255385628,-1.9996313251796693,2.6926117440796276,2,0,182,16
2.7761756777031237,1.8535059074341267,5.6471608856205,-0.8273759293969145,4.839237255385628,-1.9996313251796693,2,0,183,15
4.016167667041353,2.7761756777031237,1.8535059074341267,5.6471608856205,-0.8273759293969145,4.839237255385628,2,0,184,14
0.31009809100287933,4.016167667041353,2.7761756777031237,1.8535059074341267,5.6471608856205,-0.8273759293969145,2,0,185,13
3.4100693367900026,0.31009809100287933,4.016167667041353,2.7761756777031237,1.8535059074341267,5.6471608856205,2,0,186,12
0.12299513922848482,3.4100693367900026,0.31009809100287933,4.016167667041353,2.7761756777031237,1.8535059074341267,2,0,187,11
1.2416742865013788,0.12299513922848482,3.4100693367900026,0.31009809100287933,4.016167667041353,2.7761756777031237,2,0,188,10
1.079295901272793,1.2416742865013788,0.12299513922848482,3.4100693367900026,0.31009809100287933,4.016167667041353,2,0,189,9
0.5076143321374375,1.079295901272793,1.2416742865013788,0.12299513922848482,3.4100693367900026,0.31009809100287933,2,0,190,8
-0.5692347355922653,0.5076143321374375,1.079295901272793,1.2416742865013788,0.12299513922848482,3.4100693367900026,2,0,191,7
2.3479622693553495,-0.5692347355922653,0.5076143321374375,1.079295901272793,1.2416742865013788,0.12299513922848482,2,0,192,6
-1.5369093919633339,2.3479622693553495,-0.5692347355922653,0.5076143321374375,1.079295901272793,1.2416742865013788,2,1,193,5
0.9975198920627535,-1.5369093919633339,2.3479622693553495,-0.5692347355922653,0.5076143321374375,1.079295901272793,2,1,194,4
-0.9627322571245539,0.9975198920627535,-1.5369093919633339,2.3479622693553495,-0.5692347355922653,0.5076143321374375,2,1,195,3
-0.39639559430210913,-0.9627322571245539,0.9975198920627535,-1.5369093919633339,2.3479622693553495,-0.5692347355922653,2,1,196,2
1.4950085561706983,-0.39639559430210913,-0.9627322571245539,0.9975198920627535,-1.5369093919633339,2.3479622693553495,2,1,197,1
7.140691030477038,1.4950085561706983,-0.39639559430210913,-0.9627322571245539,0.9975198920627535,-1.5369093919633339,3,1,0,0
8.79616790510144,7.140691030477038,1.4950085561706983,-0.39639559430210913,-0.9627322571245539,0.9975198920627535,3,1,1,201
8.846469935631408,8.79616790510144,7.140691030477038,1.4950085561706983,-0.39639559430210913,-0.9627322571245539,3,1,2,200
8.995519565501152,8.846469935631408,8.79616790510144,7.140691030477038,1.4950085561706983,-0.39639559430210913,3,1,3,199
9.848444298562898,8.995519565501152,8.846469935631408,8.79616790510144,7.140691030477038,1.4950085561706983,3,1,4,198
9.627259427673383,9.848444298562898,8.995519565501152,8.846469935631408,8.79616790510144,7.140691030477038,3,0,5,197
11.477904101157065,9.627259427673383,9.848444298562898,8.995519565501152,8.846469935631408,8.79616790510144,3,0,6,196
12.88370198335361,11.477904101157065,9.627259427673383,9.848444298562898,8.995519565501152,8.846469935631408,3,0,7,195
15.473888314478,12.88370198335361,11.477904101157065,9.627259427673383,9.848444298562898,8.995519565501152,3,0,8,194
13.146843985940144,15.473888314478,12.88370198335361,11.477904101157065,9.627259427673383,9.848444298562898,3,0,9,193
11.249025640502358,13.146843985940144,15.473888314478,12.88370198335361,11.477904101157065,9.627259427673383,3,0,10,192
10.061717509383765,11.249025640502358,13.146843985940144,15.473888314478,12.88370198335361,11.477904101157065,3,0,11,191
8.008415444601491,10.061717509383765,11.249025640502358,13.146843985940144,15.473888314478,12.88370198335361,3,0,12,190
8.26703570540003,8.008415444601491,10.061717509383765,11.249025640502358,13.146843985940144,15.473888314478,3,0,13,189
9.944506443327244,8.26703570540003,8.008415444601491,10.061717509383765,11.249025640502358,13.146843985940144,3,0,14,188
11.737686960505146,9.944506443327244,8.26703570540003,8.008415444601491,10.061717509383765,11.249025640502358,3,0,15,187
13.791828934804442,11.737686960505146,9.944506443327244,8.26703570540003,8.008415444601491,10.061717509383765,3,0,16,186
10.386079965989182,13.791828934804442,11.737686960505146,9.944506443327244,8.26703570540003,8.008415444601491,3,0,17,185
6.7187224074633445,10.386079965989182,13.791828934804442,11.737686960505146,9.944506443327244,8.26703570540003,3,0,18,184
5.1031519294759695,6.7187224074633445,10.386079965989182,13.791828934804442,11.737686960505146,9.944506443327244,3,0,19,183
4.3224958535528755,5.1031519294759695,6.7187224074633445,10.386079965989182,13.791828934804442,11.737686960505146,3,0,20,182
4.236078733486504,4.3224958535528755,5.1031519294759695,6.7187224074633445,10.386079965989182,13.791828934804442,3,0,21,181
3.7132577759286534,4.236078733486504,4.3224958535528755,5.1031519294759695,6.7187224074633445,10.386079965989182,3,0,22,180
2.414991979510104,3.7132577759286534,4.236078733486504,4.3224958535528755,5.1031519294759695,6.7187224074633445,3,0,23,179
3.023781938361703,2.414991979510104,3.7132577759286534,4.236078733486504,4.3224958535528755,5.1031519294759695,3,0,24,178
1.6333447639929943,3.023781938361703,2.414991979510104,3.7132577759286534,4.236078733486504,4.3224958535528755,3,0,25,177
0.21942897425011343,1.6333447639929943,3.023781938361703,2.414991979510104,3.7132577759286534,4.236078733486504,3,0,26,176
-1.5631899992679932,0.21942897425011343,1.6333447639929943,3.023781938361703,2.414991979510104,3.7132577759286534,3,0,27,175
-4.574534447496584,-1.5631899992679932,0.21942897425011343,1.6333447639929943,3.023781938361703,2.414991979510104,3,0,28,174
-7.049670175207003,-4.574534447496584,-1.5631899992679932,0.21942897425011343,1.6333447639929943,3.023781938361703,3,0,29,173
-2.4812366241994086,-7.049670175207003,-4.574534447496584,-1.5631899992679932,0.21942897425011343,1.6333447639929943,3,0,30,172
-2.162094732809301,-2.4812366241994086,-7.049670175207003,-4.574534447496584,-1.5631899992679932,0.21942897425011343,3,0,31,171
1.17892108826678,-2.162094732809301,-2.4812366241994086,-7.049670175207003,-4.574534447496584,-1.5631899992679932,3,0,32,170
1.759872543675494,1.17892108826678,-2.162094732809301,-2.4812366241994086,-7.049670175207003,-4.574534447496584,3,0,33,169
0.7088010650314223,1.759872543675494,1.17892108826678,-2.162094732809301,-2.4812366241994086,-7.049670175207003,3,0,34,168
-0.5721661388464182,0.7088010650314223,1.759872543675494,1.17892108826678,-2.162094732809301,-2.4812366241994086,3,0,35,167
0.049089558265915656,-0.5721661388464182,0.7088010650314223,1.759872543675494,1.17892108826678,-2.162094732809301,3,0,36,166
0.9969490597537732,0.049089558265915656,-0.5721661388464182,0.7088010650314223,1.759872543675494,1.17892108826678,3,0,37,165
5.293199287087267,0.9969490597537732,0.049089558265915656,-0.5721661388464182,0.7088010650314223,1.759872543675494,3,0,38,164
8.192013187514842,5.293199287087267,0.9969490597537732,0.049089558265915656,-0.5721661388464182,0.7088010650314223,3,0,39,163
8.597368384092578,8.192013187514842,5.293199287087267,0.9969490597537732,0.049089558265915656,-0.5721661388464182,3,0,40,162
10.280223364345819,8.597368384092578,8.192013187514842,5.293199287087267,0.9969490597537732,0.049089558265915656,3,0,41,161
11.645507680465194,10.280223364345819,8.597368384092578,8.192013187514842,5.293199287087267,0.9969490597537732,3,0,42,160
12.269582268203337,11.645507680465194,10.280223364345819,8.597368384092578,8.192013187514842,5.293199287087267,3,0,43,159
11.046236624928056,12.269582268203337,11.645507680465194,10.280223364345819,8.597368384092578,8.192013187514842,3,0,44,158
8.449829479095714,11.046236624928056,12.269582268203337,11.645507680465194,10.280223364345819,8.597368384092578,3,0,45,157
6.21776624823578,8.449829479095714,11.046236624928056,12.269582268203337,11.645507680465194,10.280223364345819,3,0,46,156
5.459373697522928,6.21776624823578,8.449829479095714,11.046236624928056,12.269582268203337,11.645507680465194,3,0,47,155
4.861248351153512,5.459373697522928,6.21776624823578,8.449829479095714,11.046236624928056,12.269582268203337,3,0,48,154
5.279047386919002,4.861248351153512,5.459373697522928,6.21776624823578,8.449829479095714,11.046236624928056,3,0,49,153
3.80969360668528,5.279047386919002,4.861248351153512,5.459373697522928,6.21776624823578,8.449829479095714,3,0,50,152
9.461046132730289,3.80969360668528,5.279047386919002,4.861248351153512,5.459373697522928,6.21776624823578,3,0,51,151
18.83229757812236,9.461046132730289,3.80969360668528,5.279047386919002,4.861248351153512,5.459373697522928,3,0,52,150
21.0976542444811,18.83229757812236,9.461046132730289,3.80969360668528,5.279047386919002,4.861248351153512,3,0,53,149
17.5417012010063,21.0976542444811,18.83229757812236,9.461046132730289,3.80969360668528,5.279047386919002,3,0,54,148
17.11361076128697,17.5417012010063,21.0976542444811,18.83229757812236,9.461046132730289,3.80969360668528,3,0,55,147
14.418275335996984,17.11361076128697,17.5417012010063,21.0976542444811,18.83229757812236,9.461046132730289,3,0,56,146
15.021988908979612,14.418275335996984,17.11361076128697,17.5417012010063,21.0976542444811,18.83229757812236,3,0,57,145
15.493170857698978,15.021988908979612,14.418275335996984,17.11361076128697,17.5417012010063,21.0976542444811,3,0,58,144
17.52664792971565,15.493170857698978,15.021988908979612,14.418275335996984,17.11361076128697,17.5417012010063,3,0,59,143
13.43409868489678,17.52664792971565,15.493170857698978,15.021988908979612,14.418275335996984,17.11361076128697,3,0,60,142
10.42077345974141,13.43409868489678,17.52664792971565,15.493170857698978,15.021988908979612,14.418275335996984,3,0,61,141
5.575495256258353,10.42077345974141,13.43409868489678,17.52664792971565,15.493170857698978,15.021988908979612,3,0,62,140
5.435051797779731,5.575495256258353,10.42077345974141,13.43409868489678,17.52664792971565,15.493170857698978,3,0,63,139
1.9415657363331555,5.435051797779731,5.575495256258353,10.42077345974141,13.43409868489678,17.52664792971565,3,0,64,138
-1.5637421347673635,1.9415657363331555,5.435051797779731,5.575495256258353,10.42077345974141,13.43409868489678,3,0,65,137
-4.491703412549735,-1.5637421347673635,1.9415657363331555,5.435051797779731,5.575495256258353,10.42077345974141,3,0,66,136
-5.3759650367903555,-4.491703412549735,-1.5637421347673635,1.9415657363331555,5.435051797779731,5.575495256258353,3,0,67,135
-2.9202468629799583,-5.3759650367903555,-4.491703412549735,-1.5637421347673635,1.9415657363331555,5.435051797779731,3,0,68,134
-1.7450741074777614,-2.9202468629799583,-5.3759650367903555,-4.491703412549735,-1.5637421347673635,1.9415657363331555,3,0,69,133
-1.5374640317133295,-1.7450741074777614,-2.9202468629799583,-5.3759650367903555,-4.491703412549735,-1.5637421347673635,3,0,70,132
-3.24659139271395,-1.5374640317133295,-1.7450741074777614,-2.9202468629799583,-5.3759650367903555,-4.491703412549735,3,0,71,131
0.2361630173155289,-3.24659139271395,-1.5374640317133295,-1.7450741074777614,-2.9202468629799583,-5.3759650367903555,3,0,72,130
8.672351501998454,0.2361630173155289,-3.24659139271395,-1.5374640317133295,-1.7450741074777614,-2.9202468629799583,3,0,73,129
15.381139238803623,8.672351501998454,0.2361630173155289,-3.24659139271395,-1.5374640317133295,-1.7450741074777614,3,0,74,128
16.449185108815943,15.381139238803623,8.672351501998454,0.2361630173155289,-3.24659139271395,-1.5374640317133295,3,0,75,127
15.091350470371868,16.449185108815943,15.381139238803623,8.672351501998454,0.2361630173155289,-3.24659139271395,3,0,76,126
12.454914277779276,15.091350470371868,16.449185108815943,15.381139238803623,8.672351501998454,0.2361630173155289,3,0,77,125
6.339151674564492,12.454914277779276,15.091350470371868,16.449185108815943,15.381139238803623,8.672351501998454,3,0,78,124
2.012485994869107,6.339151674564492,12.454914277779276,15.091350470371868,16.449185108815943,15.381139238803623,3,0,79,123
3.0814029723885175,2.012485994869107,6.339151674564492,12.454914277779276,15.091350470371868,16.449185108815943,3,0,80,122
6.485855354663505,3.0814029723885175,2.012485994869107,6.339151674564492,12.454914277779276,15.091350470371868,3,0,81,121
8.348960754622425,6.485855354663505,3.0814029723885175,2.012485994869107,6.339151674564492,12.454914277779276,3,0,82,120
15.838547482508043,8.348960754622425,6.485855354663505,3.0814029723885175,2.012485994869107,6.339151674564492,3,0,83,119
17.702766572559284,15.838547482508043,8.348960754622425,6.485855354663505,3.0814029723885175,2.012485994869107,3,0,84,118
19.93231497979428,17.702766572559284,15.838547482508043,8.348960754622425,6.485855354663505,3.0814029723885175,3,0,85,117
16.904493550694696,19.93231497979428,17.702766572559284,15.838547482508043,8.348960754622425,6.485855354663505,3,0,86,116
10.504538509577332,16.904493550694696,19.93231497979428,17.702766572559284,15.838547482508043,8.348960754622425,3,0,87,115
3.080313467645492,10.504538509577332,16.904493550694696,19.93231497979428,17.702766572559284,15.838547482508043,3,0,88,114
3.2820989552502553,3.080313467645492,10.504538509577332,16.904493550694696,19.93231497979428,17.702766572559284,3,0,89,113
2.4453028956327083,3.2820989552502553,3.080313467645492,10.504538509577332,16.904493550694696,19.93231497979428,3,0,90,112
0.8799741874885196,2.4453028956327083,3.2820989552502553,3.080313467645492,10.504538509577332,16.904493550694696,3,0,91,111
0.9464291186767954,0.8799741874885196,2.4453028956327083,3.2820989552502553,3.080313467645492,10.504538509577332,3,0,92,110
3.5004012317313644,0.9464291186767954,0.8799741874885196,2.4453028956327083,3.2820989552502553,3.080313467645492,3,0,93,109
4.749987576728692,3.5004012317313644,0.9464291186767954,0.8799741874885196,2.4453028956327083,3.2820989552502553,3,0,94,108
2.5997429544677186,4.749987576728692,3.5004012317313644,0.9464291186767954,0.8799741874885196,2.4453028956327083,3,0,95,107
1.4493060926190489,2.5997429544677186,4.749987576728692,3.5004012317313644,0.9464291186767954,0.8799741874885196,3,0,96,106
1.0307884864542234,1.4493060926190489,2.5997429544677186,4.749987576728692,3.5004012317313644,0.9464291186767954,3,0,97,105
1.34828399929748,1.0307884864542234,1.4493060926190489,2.5997429544677186,4.749987576728692,3.5004012317313644,3,0,98,104
-0.7063928938178234,1.34828399929748,1.0307884864542234,1.4493060926190489,2.5997429544677186,4.749987576728692,3,0,99,103
2.8952319878003667,-0.7063928938178234,1.34828399929748,1.0307884864542234,1.4493060926190489,2.5997429544677186,3,0,100,102
9.37873334125011,2.8952319878003667,-0.7063928938178234,1.34828399929748,1.0307884864542234,1.4493060926190489,3,0,101,101
12.090126240480387,9.37873334125011,2.8952319878003667,-0.7063928938178234,1.34828399929748,1.0307884864542234,3,0,102,100
14.284447456966378,12.090126240480387,9.37873334125011,2.8952319878003667,-0.7063928938178234,1.34828399929748,3,0,103,99
13.620835763071797,14.284447456966378,12.090126240480387,9.37873334125011,2.8952319878003667,-0.7063928938178234,3,0,104,98
12.33103354473337,13.620835763071797,14.284447456966378,12.090126240480387,9.37873334125011,2.8952319878003667,3,0,105,97
10.25093304157976,12.33103354473337,13.620835763071797,14.284447456966378,12.090126240480387,9.37873334125011,3,0,106,96
13.275436712664586,10.25093304157976,12.33103354473337,13.620835763071797,14.284447456966378,12.090126240480387,3,0,107,95
12.389822424440087,13.275436712664586,10.25093304157976,12.33103354473337,13.620835763071797,14.284447456966378,3,0,108,94
15.829692285515389,12.389822424440087,13.275436712664586,10.25093304157976,12.33103354473337,13.620835763071797,3,0,109,93
17.98650002879401,15.829692285515389,12.389822424440087,13.275436712664586,10.25093304157976,12.33103354473337,3,0,110,92
16.239946602229416,17.98650002879401,15.829692285515389,12.389822424440087,13.275436712664586,10.25093304157976,3,0,111,91
13.105369653411667,16.239946602229416,17.98650002879401,15.829692285515389,12.389822424440087,13.275436712664586,3,0,112,90
8.367991628656942,13.105369653411667,16.239946602229416,17.98650002879401,15.829692285515389,12.389822424440087,3,0,113,89
3.758074748562923,8.367991628656942,13.105369653411667,16.239946602229416,17.98650002879401,15.829692285515389,3,0,114,88
2.4882390069210496,3.758074748562923,8.367991628656942,13.105369653411667,16.239946602229416,17.98650002879401,3,0,115,87
6.854211301569864,2.4882390069210496,3.758074748562923,8.367991628656942,13.105369653411667,16.239946602229416,3,0,116,86
10.898820723472197,6.854211301569864,2.4882390069210496,3.758074748562923,8.367991628656942,13.105369653411667,3,0,117,85
13.770114817580238,10.898820723472197,6.854211301569864,2.4882390069210496,3.758074748562923,8.367991628656942,3,0,118,84
12.075532796059292,13.770114817580238,10.898820723472197,6.854211301569864,2.4882390069210496,3.758074748562923,3,0,119,83
6.552388234187581,12.075532796059292,13.770114817580238,10.898820723472197,6.854211301569864,2.4882390069210496,3,0,120,82
0.5571488589010989,6.552388234187581,12.075532796059292,13.770114817580238,10.898820723472197,6.854211301569864,3,0,121,81
0.08001315329769909,0.5571488589010989,6.552388234187581,12.075532796059292,13.770114817580238,10.898820723472197,3,0,122,80
-0.6670387476318,0.08001315329769909,0.5571488589010989,6.552388234187581,12.075532796059292,13.770114817580238,3,0,123,79
-0.8707567024289732,-0.6670387476318,0.08001315329769909,0.5571488589010989,6.552388234187581,12.075532796059292,3,0,124,78
1.4271703762167027,-0.8707567024289732,-0.6670387476318,0.08001315329769909,0.5571488589010989,6.552388234187581,3,0,125,77
3.8440486959897315,1.4271703762167027,-0.8707567024289732,-0.6670387476318,0.08001315329769909,0.5571488589010989,3,0,126,76
5.228544557743114,3.8440486959897315,1.4271703762167027,-0.8707567024289732,-0.6670387476318,0.08001315329769909,3,0,127,75
4.535821309646632,5.228544557743114,3.8440486959897315,1.4271703762167027,-0.8707567024289732,-0.6670387476318,3,0,128,74
-0.8853141487830212,4.535821309646632,5.228544557743114,3.8440486959897315,1.4271703762167027,-0.8707567024289732,3,0,129,73
-4.56886614943175,-0.8853141487830212,4.535821309646632,5.228544557743114,3.8440486959897315,1.4271703762167027,3,0,130,72
-8.83728196055199,-4.56886614943175,-0.8853141487830212,4.535821309646632,5.228544557743114,3.8440486959897315,3,0,131,71
-13.039504056339707,-8.83728196055199,-4.56886614943175,-0.8853141487830212,4.535821309646632,5.228544557743114,3,0,132,70
-18.16062771497887,-13.039504056339707,-8.83728196055199,-4.56886614943175,-0.8853141487830212,4.535821309646632,3,0,133,69
-21.466301568995185,-18.16062771497887,-13.039504056339707,-8.83728196055199,-4.56886614943175,-0.8853141487830212,3,0,134,68
-23.32043252861624,-21.466301568995185,-18.16062771497887,-13.039504056339707,-8.83728196055199,-4.56886614943175,3,0,135,67
-21.82326935891504,-23.32043252861624,-21.466301568995185,-18.16062771497887,-13.039504056339707,-8.83728196055199,3,0,136,66
-21.35747987834158,-21.82326935891504,-23.32043252861624,-21.466301568995185,-18.16062771497887,-13.039504056339707,3,0,137,65
-25.059547362628944,-21.35747987834158,-21.82326935891504,-23.32043252861624,-21.466301568995185,-18.16062771497887,3,0,138,64
-27.968672750410242,-25.059547362628944,-21.35747987834158,-21.82326935891504,-23.32043252861624,-21.466301568995185,3,0,139,63
-33.914655735990266,-27.968672750410242,-25.059547362628944,-21.35747987834158,-21.82326935891504,-23.32043252861624,3,0,140,62
-37.52530943859423,-33.914655735990266,-27.968672750410242,-25.059547362628944,-21.35747987834158,-21.82326935891504,3,0,141,61
-37.563552515532095,-37.52530943859423,-33.914655735990266,-27.968672750410242,-25.059547362628944,-21.35747987834158,3,0,142,60
-34.48023577642246,-37.563552515532095,-37.52530943859423,-33.914655735990266,-27.968672750410242,-25.059547362628944,3,0,143,59
-35.14460894979796,-34.48023577642246,-37.563552515532095,-37.52530943859423,-33.914655735990266,-27.968672750410242,3,0,144,58
-31.671537206779842,-35.14460894979796,-34.48023577642246,-37.563552515532095,-37.52530943859423,-33.914655735990266,3,0,145,57
-28.92149020548748,-31.671537206779842,-35.14460894979796,-34.48023577642246,-37.563552515532095,-37.52530943859423,3,0,146,56
-25.968717514247718,-28.92149020548748,-31.671537206779842,-35.14460894979796,-34.48023577642246,-37.563552515532095,3,0,147,55
-21.64042062869639,-25.968717514247718,-28.92149020548748,-31.671537206779842,-35.14460894979796,-34.48023577642246,3,0,148,54
-15.015151471414786,-21.64042062869639,-25.968717514247718,-28.92149020548748,-31.671537206779842,-35.14460894979796,3,0,149,53
-13.478985254848572,-15.015151471414786,-21.64042062869639,-25.968717514247718,-28.92149020548748,-31.671537206779842,3,0,150,52
-13.595517048953315,-13.478985254848572,-15.015151471414786,-21.64042062869639,-25.968717514247718,-28.92149020548748,3,0,151,51
-15.849564764279238,-13.595517048953315,-13.478985254848572,-15.015151471414786,-21.64042062869639,-25.968717514247718,3,0,152,50
-16.442617667950206,-15.849564764279238,-13.595517048953315,-13.478985254848572,-15.015151471414786,-21.64042062869639,3,0,153,49
-14.602200805639896,-16.442617667950206,-15.849564764279238,-13.595517048953315,-13.478985254848572,-15.015151471414786,3,0,154,48
-10.448390814226794,-14.602200805639896,-16.442617667950206,-15.849564764279238,-13.595517048953315,-13.478985254848572,3,0,155,47
-10.309553160367777,-10.448390814226794,-14.602200805639896,-16.442617667950206,-15.849564764279238,-13.595517048953315,3,0,156,46
-7.732091870708366,-10.309553160367777,-10.448390814226794,-14.602200805639896,-16.442617667950206,-15.849564764279238,3,0,157,45
-6.839489333668472,-7.732091870708366,-10.309553160367777,-10.448390814226794,-14.602200805639896,-16.442617667950206,3,0,158,44
-9.746426326491608,-6.839489333668472,-7.732091870708366,-10.309553160367777,-10.448390814226794,-14.602200805639896,3,0,159,43
-8.82207889597727,-9.746426326491608,-6.839489333668472,-7.732091870708366,-10.309553160367777,-10.448390814226794,3,0,160,42
-11.525436337732591,-8.82207889597727,-9.746426326491608,-6.839489333668472,-7.732091870708366,-10.309553160367777,3,0,161,41
-11.041475628447305,-11.525436337732591,-8.82207889597727,-9.746426326491608,-6.839489333668472,-7.732091870708366,3,0,162,40
-14.743134105392706,-11.041475628447305,-11.525436337732591,-8.82207889597727,-9.746426326491608,-6.839489333668472,3,0,163,39
-20.22436415922951,-14.743134105392706,-11.041475628447305,-11.525436337732591,-8.82207889597727,-9.746426326491608,3,0,164,38
-20.135050473581106,-20.22436415922951,-14.743134105392706,-11.041475628447305,-11.525436337732591,-8.82207889597727,3,0,165,37
-16.13823621473363,-20.135050473581106,-20.22436415922951,-14.743134105392706,-11.041475628447305,-11.525436337732591,3,0,166,36
-10.814877225450267,-16.13823621473363,-20.135050473581106,-20.22436415922951,-14.743134105392706,-11.041475628447305,3,0,167,35
-6.455174001098664,-10.814877225450267,-16.13823621473363,-20.135050473581106,-20.22436415922951,-14.743134105392706,3,0,168,34
-7.930152943195525,-6.455174001098664,-10.814877225450267,-16.13823621473363,-20.135050473581106,-20.22436415922951,3,0,169,33
-13.919242652865087,-7.930152943195525,-6.455174001098664,-10.814877225450267,-16.13823621473363,-20.135050473581106,3,0,170,32
-14.48347522866374,-13.919242652865087,-7.930152943195525,-6.455174001098664,-10.814877225450267,-16.13823621473363,3,0,171,31
-10.84838140166942,-14.48347522866374,-13.919242652865087,-7.930152943195525,-6.455174001098664,-10.814877225450267,3,0,172,30
-6.018812193097757,-10.84838140166942,-14.48347522866374,-13.919242652865087,-7.930152943195525,-6.455174001098664,3,0,173,29
-3.5241383942567874,-6.018812193097757,-10.84838140166942,-14.48347522866374,-13.919242652865087,-7.930152943195525,3,0,174,28
-3.9408043714452488,-3.5241383942567874,-6.018812193097757,-10.84838140166942,-14.48347522866374,-13.919242652865087,3,0,175,27
-5.463805806050556,-3.9408043714452488,-3.5241383942567874,-6.018812193097757,-10.84838140166942,-14.48347522866374,3,0,176,26
-7.017168463674177,-5.463805806050556,-3.9408043714452488,-3.5241383942567874,-6.018812193097757,-10.84838140166942,3,0,177,25
-4.033730103015901,-7.017168463674177,-5.463805806050556,-3.9408043714452488,-3.5241383942567874,-6.018812193097757,3,0,178,24
-3.1334598126285305,-4.033730103015901,-7.017168463674177,-5.463805806050556,-3.9408043714452488,-3.5241383942567874,3,0,179,23
-7.163478742205033,-3.1334598126285305,-4.033730103015901,-7.017168463674177,-5.463805806050556,-3.9408043714452488,3,0,180,22
-7.33802294120601,-7.163478742205033,-3.1334598126285305,-4.033730103015901,-7.017168463674177,-5.463805806050556,3,0,181,21
-3.0923952202491733,-7.33802294120601,-7.163478742205033,-3.1334598126285305,-4.033730103015901,-7.017168463674177,3,0,182,20
-4.383844149973512,-3.0923952202491733,-7.33802294120601,-7.163478742205033,-3.1334598126285305,-4.033730103015901,3,0,183,19
-9.230795143377438,-4.383844149973512,-3.0923952202491733,-7.33802294120601,-7.163478742205033,-3.1334598126285305,3,0,184,18
-9.725861275308162,-9.230795143377438,-4.383844149973512,-3.0923952202491733,-7.33802294120601,-7.163478742205033,3,0,185,17
-12.508848197301537,-9.725861275308162,-9.230795143377438,-4.383844149973512,-3.0923952202491733,-7.33802294120601,3,0,186,16
-15.348614284385565,-12.508848197301537,-9.725861275308162,-9.230795143377438,-4.383844149973512,-3.0923952202491733,3,0,187,15
-17.204931892480328,-15.348614284385565,-12.508848197301537,-9.725861275308162,-9.230795143377438,-4.383844149973512,3,0,188,14
-15.930667599017191,-17.204931892480328,-15.348614284385565,-12.508848197301537,-9.725861275308162,-9.230795143377438,3,0,189,13
-18.303388791120963,-15.930667599017191,-17.204931892480328,-15.348614284385565,-12.508848197301537,-9.725861275308162,3,0,190,12
-20.97501057648057,-18.303388791120963,-15.930667599017191,-17.204931892480328,-15.348614284385565,-12.508848197301537,3,0,191,11
-21.614961224486173,-20.97501057648057,-18.303388791120963,-15.930667599017191,-17.204931892480328,-15.348614284385565,3,0,192,10
-23.661864344363053,-21.614961224486173,-20.97501057648057,-18.303388791120963,-15.930667599017191,-17.204931892480328,3,0,193,9
-23.34779794999362,-23.661864344363053,-21.614961224486173,-20.97501057648057,-18.303388791120963,-15.930667599017191,3,0,194,8
-21.63682236221885,-23.34779794999362,-23.661864344363053,-21.614961224486173,-20.97501057648057,-18.303388791120963,3,0,195,7
-20.9232689796146,-21.63682236221885,-23.34779794999362,-23.661864344363053,-21.614961224486173,-20.97501057648057,3,0,196,6
-20.52336198549465,-20.9232689796146,-21.63682236221885,-23.34779794999362,-23.661864344363053,-21.614961224486173,3,1,197,5
-12.550646644173977,-20.52336198549465,-20.9232689796146,-21.63682236221885,-23.34779794999362,-23.661864344363053,3,1,198,4
-21.66382255543039,-12.550646644173977,-20.52336198549465,-20.9232689796146,-21.63682236221885,-23.34779794999362,3,1,199,3
-3.676520811861973,-21.66382255543039,-12.550646644173977,-20.52336198549465,-20.9232689796146,-21.63682236221885,3,1,200,2
-18.016922127357088,-3.676520811861973,-21.66382255543039,-12.550646644173977,-20.52336198549465,-20.9232689796146,3,1,201,1
-4.511223947879286,-18.016922127357088,-3.676520811861973,-21.66382255543039,-12.550646644173977,-20.52336198549465,4,1,0,0
-8.498912882559114,-4.511223947879286,-18.016922127357088,-3.676520811861973,-21.66382255543039,-12.550646644173977,4,1,1,161
-14.092602048395223,-8.498912882559114,-4.511223947879286,-18.016922127357088,-3.676520811861973,-21.66382255543039,4,1,2,160
-3.466537590762851,-14.092602048395223,-8.498912882559114,-4.511223947879286,-18.016922127357088,-3.676520811861973,4,1,3,159
-21.49404713045691,-3.466537590762851,-14.092602048395223,-8.498912882559114,-4.511223947879286,-18.016922127357088,4,1,4,158
-4.154824525930388,-21.49404713045691,-3.466537590762851,-14.092602048395223,-8.498912882559114,-4.511223947879286,4,0,5,157
-26.210501917131584,-4.154824525930388,-21.49404713045691,-3.466537590762851,-14.092602048395223,-8.498912882559114,4,0,6,156
-10.142576636005439,-26.210501917131584,-4.154824525930388,-21.49404713045691,-3.466537590762851,-14.092602048395223,4,0,7,155
-17.154786466389396,-10.142576636005439,-26.210501917131584,-4.154824525930388,-21.49404713045691,-3.466537590762851,4,0,8,154
-14.909507587152792,-17.154786466389396,-10.142576636005439,-26.210501917131584,-4.154824525930388,-21.49404713045691,4,0,9,153
-10.522595674013917,-14.909507587152792,-17.154786466389396,-10.142576636005439,-26.210501917131584,-4.154824525930388,4,0,10,152
-26.885578846388302,-10.522595674013917,-14.909507587152792,-17.154786466389396,-10.142576636005439,-26.210501917131584,4,0,11,151
-9.12121571130761,-26.885578846388302,-10.522595674013917,-14.909507587152792,-17.154786466389396,-10.142576636005439,4,0,12,150
-33.326069853138435,-9.12121571130761,-26.885578846388302,-10.522595674013917,-14.909507587152792,-17.154786466389396,4,0,13,149
-12.752082637614492,-33.326069853138435,-9.12121571130761,-26.885578846388302,-10.522595674013917,-14.909507587152792,4,0,14,148
-24.253415446763455,-12.752082637614492,-33.326069853138435,-9.12121571130761,-26.885578846388302,-10.522595674013917,4,0,15,147
-21.555638852513052,-24.253415446763455,-12.752082637614492,-33.326069853138435,-9.12121571130761,-26.885578846388302,4,0,16,146
-20.334752347081558,-21.555638852513052,-24.253415446763455,-12.752082637614492,-33.326069853138435,-9.12121571130761,4,0,17,145
-25.211362468689867,-20.334752347081558,-21.555638852513052,-24.253415446763455,-12.752082637614492,-33.326069853138435,4,0,18,144
-16.116226967445755,-25.211362468689867,-20.334752347081558,-21.555638852513052,-24.253415446763455,-12.752082637614492,4,0,19,143
-26.33668382560719,-16.116226967445755,-25.211362468689867,-20.334752347081558,-21.555638852513052,-24.253415446763455,4,0,20,142
-18.188698862138374,-26.33668382560719,-16.116226967445755,-25.211362468689867,-20.334752347081558,-21.555638852513052,4,0,21,141
-20.574618200172843,-18.188698862138374,-26.33668382560719,-16.116226967445755,-25.211362468689867,-20.334752347081558,4,0,22,140
-20.114154141883976,-20.574618200172843,-18.188698862138374,-26.33668382560719,-16.116226967445755,-25.211362468689867,4,0,23,139
-14.063114039760658,-20.114154141883976,-20.574618200172843,-18.188698862138374,-26.33668382560719,-16.116226967445755,4,0,24,138
-23.13159509283813,-14.063114039760658,-20.114154141883976,-20.574618200172843,-18.188698862138374,-26.33668382560719,4,0,25,137
-14.86350591451236,-23.13159509283813,-14.063114039760658,-20.114154141883976,-20.574618200172843,-18.188698862138374,4,0,26,136
-19.868077908740208,-14.86350591451236,-23.13159509283813,-14.063114039760658,-20.114154141883976,-20.574618200172843,4,0,27,135
-22.87084953930562,-19.868077908740208,-14.86350591451236,-23.13159509283813,-14.063114039760658,-20.114154141883976,4,0,28,134
-11.522467145609287,-22.87084953930562,-19.868077908740208,-14.86350591451236,-23.13159509283813,-14.063114039760658,4,0,29,133
-18.897133395788902,-11.522467145609287,-22.87084953930562,-19.868077908740208,-14.86350591451236,-23.13159509283813,4,0,30,132
-5.31211740109395,-18.897133395788902,-11.522467145609287,-22.87084953930562,-19.868077908740208,-14.86350591451236,4,0,31,131
-23.75008898032882,-5.31211740109395,-18.897133395788902,-11.522467145609287,-22.87084953930562,-19.868077908740208,4,0,32,130
-7.738598953448394,-23.75008898032882,-5.31211740109395,-18.897133395788902,-11.522467145609287,-22.87084953930562,4,0,33,129
-17.121304379471916,-7.738598953448394,-23.75008898032882,-5.31211740109395,-18.897133395788902,-11.522467145609287,4,0,34,128
-12.24899529641971,-17.121304379471916,-7.738598953448394,-23.75008898032882,-5.31211740109395,-18.897133395788902,4,0,35,127
1.692020336247115,-12.24899529641971,-17.121304379471916,-7.738598953448394,-23.75008898032882,-5.31211740109395,4,0,36,126
-16.195627824177613,1.692020336247115,-12.24899529641971,-17.121304379471916,-7.738598953448394,-23.75008898032882,4,0,37,125
8.31255301273136,-16.195627824177613,1.692020336247115,-12.24899529641971,-17.121304379471916,-7.738598953448394,4,0,38,124
-11.84676089460299,8.31255301273136,-16.195627824177613,1.692020336247115,-12.24899529641971,-17.121304379471916,4,0,39,123
5.376987150532365,-11.84676089460299,8.31255301273136,-16.195627824177613,1.692020336247115,-12.24899529641971,4,0,40,122
-9.29466595667142,5.376987150532365,-11.84676089460299,8.31255301273136,-16.195627824177613,1.692020336247115,4,0,41,121
-9.947579837513072,-9.29466595667142,5.376987150532365,-11.84676089460299,8.31255301273136,-16.195627824177613,4,0,42,120
-1.3200605538016295,-9.947579837513072,-9.29466595667142,5.376987150532365,-11.84676089460299,8.31255301273136,4,0,43,119
-22.96750193061484,-1.3200605538016295,-9.947579837513072,-9.29466595667142,5.376987150532365,-11.84676089460299,4,0,44,118
-0.10027276868771517,-22.96750193061484,-1.3200605538016295,-9.947579837513072,-9.29466595667142,5.376987150532365,4,0,45,117
-21.138184179729343,-0.10027276868771517,-22.96750193061484,-1.3200605538016295,-9.947579837513072,-9.29466595667142,4,0,46,116
-7.087225478803143,-21.138184179729343,-0.10027276868771517,-22.96750193061484,-1.3200605538016295,-9.947579837513072,4,0,47,115
-12.073139627724835,-7.087225478803143,-21.138184179729343,-0.10027276868771517,-22.96750193061484,-1.3200605538016295,4,0,48,114
-17.2149981546526,-12.073139627724835,-7.087225478803143,-21.138184179729343,-0.10027276868771517,-22.96750193061484,4,0,49,113
2.5329819726138805,-17.2149981546526,-12.073139627724835,-7.087225478803143,-21.138184179729343,-0.10027276868771517,4,0,50,112
-25.328789332675218,2.5329819726138805,-17.2149981546526,-12.073139627724835,-7.087225478803143,-21.138184179729343,4,0,51,111
8.197978901383097,-25.328789332675218,2.5329819726138805,-17.2149981546526,-12.073139627724835,-7.087225478803143,4,0,52,110
-15.400688765456067,8.197978901383097,-25.328789332675218,2.5329819726138805,-17.2149981546526,-12.073139627724835,4,0,53,109
-2.3107155510448187,-15.400688765456067,8.197978901383097,-25.328789332675218,2.5329819726138805,-17.2149981546526,4,0,54,108
0.7500582640218059,-2.3107155510448187,-15.400688765456067,8.197978901383097,-25.328789332675218,2.5329819726138805,4,0,55,107
-9.331054677307709,0.7500582640218059,-2.3107155510448187,-15.400688765456067,8.197978901383097,-25.328789332675218,4,0,56,106
11.155903844417649,-9.331054677307709,0.7500582640218059,-2.3107155510448187,-15.400688765456067,8.197978901383097,4,0,57,105
-13.223258599543566,11.155903844417649,-9.331054677307709,0.7500582640218059,-2.3107155510448187,-15.400688765456067,4,0,58,104
10.73120734470517,-13.223258599543566,11.155903844417649,-9.331054677307709,0.7500582640218059,-2.3107155510448187,4,0,59,103
-5.32529724536673,10.73120734470517,-13.223258599543566,11.155903844417649,-9.331054677307709,0.7500582640218059,4,0,60,102
2.0461578094280464,-5.32529724536673,10.73120734470517,-13.223258599543566,11.155903844417649,-9.331054677307709,4,0,61,101
11.392549227827965,2.0461578094280464,-5.32529724536673,10.73120734470517,-13.223258599543566,11.155903844417649,4,0,62,100
-4.1824364882112395,11.392549227827965,2.0461578094280464,-5.32529724536673,10.73120734470517,-13.223258599543566,4,0,63,99
24.611690668232765,-4.1824364882112395,11.392549227827965,2.0461578094280464,-5.32529724536673,10.73120734470517,4,0,64,98
-6.060140910824061,24.611690668232765,-4.1824364882112395,11.392549227827965,2.0461578094280464,-5.32529724536673,4,0,65,97
26.266062607155884,-6.060140910824061,24.611690668232765,-4.1824364882112395,11.392549227827965,2.0461578094280464,4,0,66,96
2.847410127198236,26.266062607155884,-6.060140910824061,24.611690668232765,-4.1824364882112395,11.392549227827965,4,0,67,95
20.18830192937815,2.847410127198236,26.266062607155884,-6.060140910824061,24.611690668232765,-4.1824364882112395,4,0,68,94
17.321608363522184,20.18830192937815,2.847410127198236,26.266062607155884,-6.060140910824061,24.611690668232765,4,0,69,93
15.723612629597321,17.321608363522184,20.18830192937815,2.847410127198236,26.266062607155884,-6.060140910824061,4,0,70,92
29.81131408258559,15.723612629597321,17.321608363522184,20.18830192937815,2.847410127198236,26.266062607155884,4,0,71,91
6.487555904454439,29.81131408258559,15.723612629597321,17.321608363522184,20.18830192937815,2.847410127198236,4,0,72,90
36.60530101619938,6.487555904454439,29.81131408258559,15.723612629597321,17.321608363522184,20.18830192937815,4,0,73,89
3.730015665828213,36.60530101619938,6.487555904454439,29.81131408258559,15.723612629597321,17.321608363522184,4,0,74,88
30.79405841378726,3.730015665828213,36.60530101619938,6.487555904454439,29.81131408258559,15.723612629597321,4,0,75,87
10.164127453993443,30.79405841378726,3.730015665828213,36.60530101619938,6.487555904454439,29.81131408258559,4,0,76,86
19.774297963821482,10.164127453993443,30.79405841378726,3.730015665828213,36.60530101619938,6.487555904454439,4,0,77,85
14.714789395114595,19.774297963821482,10.164127453993443,30.79405841378726,3.730015665828213,36.60530101619938,4,0,78,84
8.675012705296346,14.714789395114595,19.774297963821482,10.164127453993443,30.79405841378726,3.730015665828213,4,0,79,83
18.673863749039565,8.675012705296346,14.714789395114595,19.774297963821482,10.164127453993443,30.79405841378726,4,0,80,82
3.943091220204031,18.673863749039565,8.675012705296346,14.714789395114595,19.774297963821482,10.164127453993443,4,0,81,81
20.492598942383413,3.943091220204031,18.673863749039565,8.675012705296346,14.714789395114595,19.774297963821482,4,0,82,80
9.696395392331763,20.492598942383413,3.943091220204031,18.673863749039565,8.675012705296346,14.714789395114595,4,0,83,79
15.58731672634902,9.696395392331763,20.492598942383413,3.943091220204031,18.673863749039565,8.675012705296346,4,0,84,78
13.427928408222803,15.58731672634902,9.696395392331763,20.492598942383413,3.943091220204031,18.673863749039565,4,0,85,77
11.413103854479356,13.427928408222803,15.58731672634902,9.696395392331763,20.492598942383413,3.943091220204031,4,0,86,76
16.585105093011755,11.413103854479356,13.427928408222803,15.58731672634902,9.696395392331763,20.492598942383413,4,0,87,75
7.215968908777887,16.585105093011755,11.413103854479356,13.427928408222803,15.58731672634902,9.696395392331763,4,0,88,74
19.79503073499368,7.215968908777887,16.585105093011755,11.413103854479356,13.427928408222803,15.58731672634902,4,0,89,73
1.6401401543373106,19.79503073499368,7.215968908777887,16.585105093011755,11.413103854479356,13.427928408222803,4,0,90,72
24.399073622490057,1.6401401543373106,19.79503073499368,7.215968908777887,16.585105093011755,11.413103854479356,4,0,91,71
-2.007032501237471,24.399073622490057,1.6401401543373106,19.79503073499368,7.215968908777887,16.585105093011755,4,0,92,70
18.64213602754716,-2.007032501237471,24.399073622490057,1.6401401543373106,19.79503073499368,7.215968908777887,4,0,93,69
5.48125500104499,18.64213602754716,-2.007032501237471,24.399073622490057,1.6401401543373106,19.79503073499368,4,0,94,68
11.562414228414589,5.48125500104499,18.64213602754716,-2.007032501237471,24.399073622490057,1.6401401543373106,4,0,95,67
19.698950378166053,11.562414228414589,5.48125500104499,18.64213602754716,-2.007032501237471,24.399073622490057,4,0,96,66
8.631795601047642,19.698950378166053,11.562414228414589,5.48125500104499,18.64213602754716,-2.007032501237471,4,0,97,65
32.74593353579577,8.631795601047642,19.698950378166053,11.562414228414589,5.48125500104499,18.64213602754716,4,0,98,64
5.845252064769735,32.74593353579577,8.631795601047642,19.698950378166053,11.562414228414589,5.48125500104499,4,0,99,63
31.19934312813629,5.845252064769735,32.74593353579577,8.631795601047642,19.698950378166053,11.562414228414589,4,0,100,62
11.529157991578927,31.19934312813629,5.845252064769735,32.74593353579577,8.631795601047642,19.698950378166053,4,0,101,61
19.48227050989058,11.529157991578927,31.19934312813629,5.845252064769735,32.74593353579577,8.631795601047642,4,0,102,60
23.708540713277444,19.48227050989058,11.529157991578927,31.19934312813629,5.845252064769735,32.74593353579577,4,0,103,59
7.842256556941928,23.708540713277444,19.48227050989058,11.529157991578927,31.19934312813629,5.845252064769735,4,0,104,58
36.27987540497084,7.842256556941928,23.708540713277444,19.48227050989058,11.529157991578927,31.19934312813629,4,0,105,57
6.596677499964751,36.27987540497084,7.842256556941928,23.708540713277444,19.48227050989058,11.529157991578927,4,0,106,56
39.20119822427328,6.596677499964751,36.27987540497084,7.842256556941928,23.708540713277444,19.48227050989058,4,0,107,55
13.696554563779495,39.20119822427328,6.596677499964751,36.27987540497084,7.842256556941928,23.708540713277444,4,0,108,54
24.673464490329287,13.696554563779495,39.20119822427328,6.596677499964751,36.27987540497084,7.842256556941928,4,0,109,53
26.252872336829594,24.673464490329287,13.696554563779495,39.20119822427328,6.596677499964751,36.27987540497084,4,0,110,52
6.498876777926009,26.252872336829594,24.673464490329287,13.696554563779495,39.20119822427328,6.596677499964751,4,0,111,51
26.433472139751498,6.498876777926009,26.252872336829594,24.673464490329287,13.696554563779495,39.20119822427328,4,0,112,50
0.1712598736864162,26.433472139751498,6.498876777926009,26.252872336829594,24.673464490329287,13.696554563779495,4,0,113,49
18.317765718741654,0.1712598736864162,26.433472139751498,6.498876777926009,26.252872336829594,24.673464490329287,4,0,114,48
5.855487930268194,18.317765718741654,0.1712598736864162,26.433472139751498,6.498876777926009,26.252872336829594,4,0,115,47
5.118685834699907,5.855487930268194,18.317765718741654,0.1712598736864162,26.433472139751498,6.498876777926009,4,0,116,46
17.233460886551526,5.118685834699907,5.855487930268194,18.317765718741654,0.1712598736864162,26.433472139751498,4,0,117,45
-4.64683736222707,17.233460886551526,5.118685834699907,5.855487930268194,18.317765718741654,0.1712598736864162,4,0,118,44
16.38893579363024,-4.64683736222707,17.233460886551526,5.118685834699907,5.855487930268194,18.317765718741654,4,0,119,43
-4.276760122159344,16.38893579363024,-4.64683736222707,17.233460886551526,5.118685834699907,5.855487930268194,4,0,120,42
3.5565410436682674,-4.276760122159344,16.38893579363024,-4.64683736222707,17.233460886551526,5.118685834699907,4,0,121,41
10.218669706189978,3.5565410436682674,-4.276760122159344,16.38893579363024,-4.64683736222707,17.233460886551526,4,0,122,40
-9.0176070905502,10.218669706189978,3.5565410436682674,-4.276760122159344,16.38893579363024,-4.64683736222707,4,0,123,39
20.510476811841517,-9.0176070905502,10.218669706189978,3.5565410436682674,-4.276760122159344,16.38893579363024,4,0,124,38
-8.52108132090775,20.510476811841517,-9.0176070905502,10.218669706189978,3.5565410436682674,-4.276760122159344,4,0,125,37
17.23976194043336,-8.52108132090775,20.510476811841517,-9.0176070905502,10.218669706189978,3.5565410436682674,4,0,126,36
4.985332220119036,17.23976194043336,-8.52108132090775,20.510476811841517,-9.0176070905502,10.218669706189978,4,0,127,35
9.04845011977589,4.985332220119036,17.23976194043336,-8.52108132090775,20.510476811841517,-9.0176070905502,4,0,128,34
20.139920703011,9.04845011977589,4.985332220119036,17.23976194043336,-8.52108132090775,20.510476811841517,4,0,129,33
-0.2986278336738505,20.139920703011,9.04845011977589,4.985332220119036,17.23976194043336,-8.52108132090775,4,0,130,32
29.248388375416656,-0.2986278336738505,20.139920703011,9.04845011977589,4.985332220119036,17.23976194043336,4,0,131,31
-3.0699832143574604,29.248388375416656,-0.2986278336738505,20.139920703011,9.04845011977589,4.985332220119036,4,0,132,30
26.06923193220229,-3.0699832143574604,29.248388375416656,-0.2986278336738505,20.139920703011,9.04845011977589,4,0,133,29
1.9849350122684641,26.06923193220229,-3.0699832143574604,29.248388375416656,-0.2986278336738505,20.139920703011,4,0,134,28
13.749767034240204,1.9849350122684641,26.06923193220229,-3.0699832143574604,29.248388375416656,-0.2986278336738505,4,0,135,27
14.923347044260309,13.749767034240204,1.9849350122684641,26.06923193220229,-3.0699832143574604,29.248388375416656,4,0,136,26
0.9385956560640818,14.923347044260309,13.749767034240204,1.9849350122684641,26.06923193220229,-3.0699832143574604,4,0,137,25
23.429139722471273,0.9385956560640818,14.923347044260309,13.749767034240204,1.9849350122684641,26.06923193220229,4,0,138,24
-8.59817507894344,23.429139722471273,0.9385956560640818,14.923347044260309,13.749767034240204,1.9849350122684641,4,0,139,23
28.679440291583184,-8.59817507894344,23.429139722471273,0.9385956560640818,14.923347044260309,13.749767034240204,4,0,140,22
2.480798886015891,28.679440291583184,-8.59817507894344,23.429139722471273,0.9385956560640818,14.923347044260309,4,0,141,21
24.941722853518044,2.480798886015891,28.679440291583184,-8.59817507894344,23.429139722471273,0.9385956560640818,4,0,142,20
14.309107932843245,24.941722853518044,2.480798886015891,28.679440291583184,-8.59817507894344,23.429139722471273,4,0,143,19
17.569216824160925,14.309107932843245,24.941722853518044,2.480798886015891,28.679440291583184,-8.59817507894344,4,0,144,18
28.88453324405662,17.569216824160925,14.309107932843245,24.941722853518044,2.480798886015891,28.679440291583184,4,0,145,17
5.529332378788129,28.88453324405662,17.569216824160925,14.309107932843245,24.941722853518044,2.480798886015891,4,0,146,16
40.17321967875302,5.529332378788129,28.88453324405662,17.569216824160925,14.309107932843245,24.941722853518044,4,0,147,15
3.4327862107831497,40.17321967875302,5.529332378788129,28.88453324405662,17.569216824160925,14.309107932843245,4,0,148,14
40.613662087879,3.4327862107831497,40.17321967875302,5.529332378788129,28.88453324405662,17.569216824160925,4,0,149,13
12.457115864709454,40.613662087879,3.4327862107831497,40.17321967875302,5.529332378788129,28.88453324405662,4,0,150,12
27.946772977356005,12.457115864709454,40.613662087879,3.4327862107831497,40.17321967875302,5.529332378788129,4,0,151,11
23.1101577760958,27.946772977356005,12.457115864709454,40.613662087879,3.4327862107831497,40.17321967875302,4,0,152,10
7.369554084533651,23.1101577760958,27.946772977356005,12.457115864709454,40.613662087879,3.4327862107831497,4,0,153,9
37.62593739840923,7.369554084533651,23.1101577760958,27.946772977356005,12.457115864709454,40.613662087879,4,0,154,8
-1.467096967327468,37.62593739840923,7.369554084533651,23.1101577760958,27.946772977356005,12.457115864709454,4,0,155,7
36.86682586111621,-1.467096967327468,37.62593739840923,7.369554084533651,23.1101577760958,27.946772977356005,4,0,156,6
11.299644966773423,36.86682586111621,-1.467096967327468,37.62593739840923,7.369554084533651,23.1101577760958,4,1,157,5
24.536545413357565,11.299644966773423,36.86682586111621,-1.467096967327468,37.62593739840923,7.369554084533651,4,1,158,4
29.5157194666857,24.536545413357565,11.299644966773423,36.86682586111621,-1.467096967327468,37.62593739840923,4,1,159,3
7.598548183714643,29.5157194666857,24.536545413357565,11.299644966773423,36.86682586111621,-1.467096967327468,4,1,160,2
47.25801563366288,7.598548183714643,29.5157194666857,24.536545413357565,11.299644966773423,36.86682586111621,4,1,161,1
-4.123399682868756,47.25801563366288,7.598548183714643,29.5157194666857,24.536545413357565,11.299644966773423,5,1,0,0
50.41938533630628,-4.123399682868756,47.25801563366288,7.598548183714643,29.5157194666857,24.536545413357565,5,1,1,132
-2.375815104034853,50.41938533630628,-4.123399682868756,47.25801563366288,7.598548183714643,29.5157194666857,5,1,2,131
34.11003899556287,-2.375815104034853,50.41938533630628,-4.123399682868756,47.25801563366288,7.598548183714643,5,1,3,130
18.276016566443133,34.11003899556287,-2.375815104034853,50.41938533630628,-4.123399682868756,47.25801563366288,5,1,4,129
10.910196058023562,18.276016566443133,34.11003899556287,-2.375815104034853,50.41938533630628,-4.123399682868756,5,0,5,128
40.410932352037804,10.910196058023562,18.276016566443133,34.11003899556287,-2.375815104034853,50.41938533630628,5,0,6,127
-8.05951105394847,40.410932352037804,10.910196058023562,18.276016566443133,34.11003899556287,-2.375815104034853,5,0,7,126
54.11525967822626,-8.05951105394847,40.410932352037804,10.910196058023562,18.276016566443133,34.11003899556287,5,0,8,125
-8.03813293611156,54.11525967822626,-8.05951105394847,40.410932352037804,10.910196058023562,18.276016566443133,5,0,9,124
44.151073617187684,-8.03813293611156,54.11525967822626,-8.05951105394847,40.410932352037804,10.910196058023562,5,0,10,123
10.278831418766178,44.151073617187684,-8.03813293611156,54.11525967822626,-8.05951105394847,40.410932352037804,5,0,11,122
19.64155379042125,10.278831418766178,44.151073617187684,-8.03813293611156,54.11525967822626,-8.05951105394847,5,0,12,121
39.58694155672394,19.64155379042125,10.278831418766178,44.151073617187684,-8.03813293611156,54.11525967822626,5,0,13,120
-7.71569903329474,39.58694155672394,19.64155379042125,10.278831418766178,44.151073617187684,-8.03813293611156,5,0,14,119
53.35956238284386,-7.71569903329474,39.58694155672394,19.64155379042125,10.278831418766178,44.151073617187684,5,0,15,118
-12.91111729626452,53.35956238284386,-7.71569903329474,39.58694155672394,19.64155379042125,10.278831418766178,5,0,16,117
44.57339985605263,-12.91111729626452,53.35956238284386,-7.71569903329474,39.58694155672394,19.64155379042125,5,0,17,116
4.347789218919341,44.57339985605263,-12.91111729626452,53.35956238284386,-7.71569903329474,39.58694155672394,5,0,18,115
18.953254521621385,4.347789218919341,44.57339985605263,-12.91111729626452,53.35956238284386,-7.71569903329474,5,0,19,114
26.456079661293586,18.953254521621385,4.347789218919341,44.57339985605263,-12.91111729626452,53.35956238284386,5,0,20,113
-7.129486696347663,26.456079661293586,18.953254521621385,4.347789218919341,44.57339985605263,-12.91111729626452,5,0,21,112
43.24058594269423,-7.129486696347663,26.456079661293586,18.953254521621385,4.347789218919341,44.57339985605263,5,0,22,111
-21.297086994552277,43.24058594269423,-7.129486696347663,26.456079661293586,18.953254521621385,4.347789218919341,5,0,23,110
41.13845154030923,-21.297086994552277,43.24058594269423,-7.129486696347663,26.456079661293586,18.953254521621385,5,0,24,109
-7.57791230625176,41.13845154030923,-21.297086994552277,43.24058594269423,-7.129486696347663,26.456079661293586,5,0,25,108
15.458598564734336,-7.57791230625176,41.13845154030923,-21.297086994552277,43.24058594269423,-7.129486696347663,5,0,26,107
18.356685153601976,15.458598564734336,-7.57791230625176,41.13845154030923,-21.297086994552277,43.24058594269423,5,0,27,106
-12.04401068755771,18.356685153601976,15.458598564734336,-7.57791230625176,41.13845154030923,-21.297086994552277,5,0,28,105
43.270776362269984,-12.04401068755771,18.356685153601976,15.458598564734336,-7.57791230625176,41.13845154030923,5,0,29,104
-27.22477732479517,43.270776362269984,-12.04401068755771,18.356685153601976,15.458598564734336,-7.57791230625176,5,0,30,103
46.04610638119915,-27.22477732479517,43.270776362269984,-12.04401068755771,18.356685153601976,15.458598564734336,5,0,31,102
-24.050665317088153,46.04610638119915,-27.22477732479517,43.270776362269984,-12.04401068755771,18.356685153601976,5,0,32,101
27.188310880955985,-24.050665317088153,46.04610638119915,-27.22477732479517,43.270776362269984,-12.04401068755771,5,0,33,100
