0
-0.03991924557190962
0.48895428477025893
-0.04396345937051671
-0.6608557685267377
0.24245214518811659
0.10658480927935117
0.007347946147880591
0.6727220309703961
-0.22306339532251518
-0.92999820504025
-0.005616694888227636
-0.2788546372770508
-0.9561236159026115
-0.18998112984021806
-0.461468366271886
-1.9796983044260932
-0.9747055141358545
-0.42148043067150975
-0.7170172548067729
-0.9717126018301596
-0.9056547844218008
-1.3670980904865655
-0.888515669583974
-1.1494071095346738
-1.747649031650409
-1.8366968811822852
-2.1870435578525207
-2.5492910624420917
-2.316363831852493
-2.9233511024710443
-3.600647097074326
-2.629027647457119
-2.8428300251200973
-3.746936715132987
-3.093368102456651
-3.3245271466625805
-4.639271938509176
-3.7012425608171844
-2.9571652031370044
-3.641491970249593
-3.3503361129055085
-2.87336876652256
-3.462799078245696
-4.183395825696177
-3.8915620114862537
-3.5696598527716485
-4.538244875394901
-4.4325619718910225
-4.157539207338203
-4.371533512777824
-4.148317525065359
-3.931126351862414
-5.053519879721075
-4.660105488190424
-4.762577248184471
-5.392959926066379
-5.465837783190294
-5.174217771872049
-5.601139936416739
-6.333726344150862
-5.663115269922159
-5.471686786969215
-6.742720433506719
-6.613237481185019
-6.280791478389685
-7.5055015361910495
-7.2841809140469636
-7.099189232552886
-6.898176640749853
-6.695302244308091
-6.49630727513459
-6.983921460720125
-7.29258204274082
-7.476134559687288
-7.562965281290832
-7.317489584187521
-7.269757131861827
-7.470557067392011
-7.158953686623264
-7.239226616129331
-7.916367124405642
-6.726302653837584
-7.118496004207089
-7.110578879223314
-6.736786786507506
-7.082799990330287
-6.046663738201634
-5.961862258266479
-6.835440054457042
-6.038792796408573
-6.014777052446146
-6.753444639229457
-6.752007541045961
-6.586726567925088
-6.85066527917076
-7.227542170674125
-7.5704935650186975
-8.064007376677607
-8.365660007895055
-8.49369802458591
-8.45583861013772
-8.749423631487987
-8.47980496171416
-8.00786693505218
-8.794494348201802
-8.810351936604038
-8.467469680907723
-9.574186890824787
-10.00100517868355
-9.79328104664652
-10.448562247275344
-11.00046863913856
-10.67950072882727
-9.763476491177427
-10.887046639618237
-11.159015676648812
-10.397901772836486
-10.736537356672224
-11.293068875163712
-10.812595056409863
-10.174150626196813
-10.116419482347846
-10.55221214935338
-10.67509133972705
-11.080976414120956
-11.925308689674996
-11.919309335253416
-12.255716996281974
-12.842291662417548
-13.244165795877134
-13.156749635250819
-12.961395472870354
-13.243449148955216
-12.455866584524635
-11.973249835359896
-12.210437972603415
-11.33232115619123
-11.102697211296691
-11.775398531874348
-11.75531128156512
-11.486210857232484
-11.910650586342141
-11.802112257802161
-11.01210166958265
-10.58421663248973
-9.572861532456379
-10.16657831206943
-10.06239210872744
-9.686438659708775
-9.471539292602124
-9.60448417224514
-8.811479863785353
-8.816904290407388
-8.512993218866002
-8.239813305298444
-8.209159273581415
-8.638727765548314
-7.818890289533248
-7.975656996851191
-9.229993809544599
-8.24351087153667
-8.012558669687447
-8.99372320039247
-8.660057293919024
-9.047179773447004
-9.785620667102501
-9.887076036113402
-9.965356346385223
-9.882792933239278
-10.16475989363983
-10.845338055866057
-11.102624683825738
-12.384482587083971
-12.381069448525706
-12.25328112617712
-13.764105165742498
-12.816902873823325
-12.253015686738816
-13.561843287467969
-12.853928607510177
-13.001582815388586
-13.838696161818095
-12.815870799056047
-13.308331929713425
-13.645185786888929
-13.60804384039869
-14.262090669358264
-14.933492021592373
-13.94900289411201
-14.120573012584103
-14.490538670768006
-13.530980126071665
-13.163204067862416
-14.147976010486783
-13.433532378987211
-13.40134678957442
-14.782043352386681
-12.98788877559182
-12.837962725341997
-14.116086343396322
-12.507547660086876
-16.20536121782069
-9.336339038297364
-18.93650696280571
-6.565629722046415
-18.853595067249802
-4.809411858853329
-18.21066763460025
-9.005675314807224
-11.553297142488233
-13.521631854214663
-5.926117759231412
-13.192028926523427
-4.345080556294751
-11.697202792533325
-4.778707053527476
-9.710275946433535
-4.285959625854426
-7.54055424587509
-5.0135395104247396
-5.096422830168013
-5.062896946284568
-3.9412071732335234
-3.945113320556454
-4.569556109454471
-3.421324562279464
-4.409635985835877
-4.761185016924616
-2.696548853954264
-6.059810471427097
-0.05876067680850383
-8.927294349087502
2.2304297295391264
-10.525689467518925
0.9766539148214641
-10.862225078167862
-1.4642703517934774
-10.970569786593531
-5.696500332652288
-6.451207228633459
-10.312097194751027
-5.196587287054158
-11.901193521141327
-5.240175681283548
-13.08508798338762
-4.282621452328092
-14.51514260547317
-4.656324922773529
-14.17383791266275
-2.0862244217812824
-11.212988936041384
-1.5043028426546452
-7.51254232694807
-4.241051487876528
-4.051083774559342
-5.169181539529895
-3.455767997340248
-4.049191150967673
-3.547032045863066
-3.2153410283903328
-3.102559971924677
0.28916227336703315
-2.690966762434794
1.126635974155795
-1.3449724646417147
1.524684263286484
-0.4427488046906358
1.9468911086056684
0.10768225077622046
1.6353545041421198
0.6720150891970198
1.2562900641643575
2.1330109207472563
-0.05284820679569158
3.081686054812711
1.5831204581664846
1.194453705365341
7.581316905059223
-0.3061923018280821
11.155651244136614
-3.967297121780028
11.49844349720358
-5.05659319484197
9.218810836318086
-2.62345233024215
5.172724100695931
-1.7287522210375221
2.3059458911250976
-1.090209307556945
-1.0925185378247995
0.22063402301831458
-1.153883538836097
0.6459947921827579
-2.4623479345241304
0.9452702017483577
-4.544994387456343
-0.12043193211967185
-5.282197990721427
-2.3723689440806783
-3.176381578839257
-2.297283306551568
-1.818623476054764
-2.8351706450606766
-3.4025006574227508
-2.307249665270891
-1.0347293030518232
-1.8464103385254431
-1.094182769107526
-2.7247924289871728
-2.6924842194437084
-1.728173396557425
-3.7642785806726695
-1.0163326754539843
-6.55120168511975
0.551006454185103
-8.786254145080854
1.3416097506823326
-10.145212388140234
1.00404548485006
-8.35927946893372
-2.319602042370831
-2.588142577819794
-4.546615930932885
-0.9351734668476417
-5.3819967785516125
1.2044264842322696
-8.727789565605939
2.814228036518003
-7.6263726256084325
2.555559807876628
-5.189861918736257
0.9379518566274483
-2.2424335413805356
-0.2918027687419451
0.8265813683865821
-2.2916816191805536
1.6707244043967273
-4.076886749210569
3.2818977978196493
-4.255001416076743
3.339164273771494
-2.31189777204444
0.967175355600022
0.07813556081281148
-2.11610281563188
0.05444089857654433
-3.7313940663493224
-1.13111532800384
-1.8601635389336455
-2.795024023917863
0.4963152475651408
-3.0034118409334236
4.0477677903114975
-3.0788420697427363
3.1400325571323444
-1.6787184876132546
3.224839307359979
0.7475381033568609
1.5578509339881035
4.1175323562134345
2.396945268346178
3.550014304452031
2.5818775210501177
2.328057128242234
1.0702738999889578
3.2383892243968653
-3.912181223371886
6.425760225226731
-7.055884794798156
6.567363911147991
-6.395076488365045
4.735651505532743
-3.8829455384062235
3.5269344541940626
-0.589646052709881
0.5296099794951113
3.203628646675746
-0.2650360126054079
6.530016696292955
-1.7712253361924377
6.912442390644826
-3.280913574833615
7.74734022911453
-3.012416818858701
5.9544740020020335
-3.1060503312282695
2.028826697633014
1.6293684418926158
-0.6430854862581135
7.543078694947232
-3.8015138222005596
12.265213982202999
-3.8248003051326918
11.72859234074539
-0.3211182806132469
6.933208721066985
4.7662444352134985
4.011350701387576
6.726657279769961
0.997903017582978
-0.105482334171773
-1.242282761299152
1.559812018636573
2.6435365245042117
1.6603461852336854
2.052323443306486
3.087539670562429
4.45586870046181
4.5353716098150585
7.163557503882927
7.372883794119945
7.279250500349901
6.799377434073577
9.288324437345995
9.403912827506339
9.445091804157734
10.419856963410226
13.273396856731615
16.303146549441365
18.08393876055754
16.427877332919287
18.28654429163837
17.974834163608186
19.213795832878752
18.62457701700999
16.218881931675284
14.602831255445071
13.606595650699708
11.79355694483832
6.921270557854753
0.7569399777085852
1.6800295881781473
6.031841940196715
7.119929193405009
7.997769336444768
7.530713850767894
8.042095318240264
7.993377376790403
9.574770358662091
14.087667879924512
16.99492634676974
21.484635459290345
17.401138680723026
14.576131130892175
13.508595061383009
12.02647422742812
11.785247862663491
9.83836163001311
5.042785432144259
4.1735058122886155
2.6951064227292973
1.6235631751387642
2.0075886205216906
5.550238356957228
8.996406228664522
11.723929700528407
15.99593155530508
18.075511152897505
14.157282275905024
7.443040786246523
6.046938471578894
6.140806237163702
7.6632810848014525
9.422663606471648
12.723268341578606
15.231009500279633
13.171445624487715
9.374943939574706
8.520416890282682
4.367304270461206
3.9173206771758777
2.5133764831675127
1.731156796191262
3.5083976506061982
6.274634223303517
3.597717742106277
2.3586737334968073
-0.8407363538393775
2.783342514726746
3.915402196520731
3.3664275386726805
8.765055217329033
10.621503097349892
11.407213472236233
7.166263308995896
0.7317238884372017
-4.16383956200007
-11.664174704877958
-16.186295515062724
-19.86059506395732
-20.241917852882196
-21.27879880921614
-20.57810483781766
-19.30647882301127
-19.16715416877278
-19.429513013494017
-19.82601066258788
-18.973247098009796
-18.406682069329058
-20.269649367759506
-19.208500712605783
-14.658703238905147
-11.395583705156541
-8.635174439157806
-6.85940740169513
-8.455765026026398
-6.774781130526617
-5.518670467862177
-4.261751044711156
-3.6231442114980594
-2.238621896893727
-3.6571154457139103
-5.607774869572385
-9.489543565235284
-9.114587998927528
-6.997740967226665
-4.086460043230705
-3.0540850042468377
-2.492085194624062
-3.6619517922900595
-4.724284677688843
-6.7570612888688935
-9.916619612321437
-14.57420849556863
-17.82924866526711
-17.798782318227968
-16.03788233836813
-16.33522918655241
-19.77276736442733
-27.661897014793766
-32.19435067071771
-38.11048443883967
-37.99470005226703
-37.5457175469603
-39.36572204427995
-35.86801079764832
-30.82821030029637
-30.39570656509714
-31.366229795429472
-32.28650350952275
-30.091666489732763
-28.792745407963444
-29.814780258426122
-28.28877480081895
-26.215071612283612
-25.875780127206287
-27.46841583586012
-27.50338040841822
-26.63554922975582
-23.625872996900227
-22.2619504360642
-23.636519724124604
-24.304932998048788
-26.54100725737344
-28.847309631336053
-34.90905725222314
-40.19826452101398
-40.954289527816684
-39.88044463876423
-39.679287476710456
-42.39268223645108
-44.70797271148612
-47.01573291449077
-44.64768610024033
-40.91713486711037
-37.89195718942588
-33.77814704248574
-30.982094921043583
-32.71717076216158
-35.90066079686139
-40.124784692515206
-41.81640215090853
-47.38680759871278
-48.53298482078786
-49.38529389663573
-48.3366637468463
-43.914749732206175
-47.5834701014016
-50.68722317222642
-52.37447793320227
-49.54317845852661
-49.694539067667826
-48.994772162679126
-49.70536501071648
-52.06309350704973
-53.363018402391354
-53.74219017635592
-54.10754051471637
-55.6097716973703
-57.50391406451225
-59.27610214840327
-60.37966247479986
-56.17528944785432
-55.72350987367149
-50.551085910961056
-52.40090621372976
-54.66212666005056
-55.183652073326236
-49.45369425827204
-43.59857742280507
-52.17178684642191
-38.112119347130104
-49.8163238944023
-43.832991006295636
-45.10668597712931
-53.987785493843035
-41.71558109052418
-60.66160150390285
-48.02908304325865
-59.78030970256179
-53.867824225926114
-55.42562639578375
-64.56830896636751
-53.1066789463287
-67.57526990310743
-52.21994980115019
-69.86220107996049
-55.485662278973706
-65.08352750472714
-61.00379564326533
-52.72236019509413
-65.56512535893454
-41.035942097355004
-63.77767135947653
-45.09086607969177
-53.9666984739822
-48.19783602394535
-52.81458974450668
-52.23802503801811
-52.16629762219173
-58.629288014325084
-43.54364331916108
-57.09705598938343
-43.11305736201668
-48.92699905607701
-40.12324557611929
-42.77171005267813
-46.5703321532616
-42.42559294119449
-50.05581713484145
-41.0728742256596
-49.31419711798233
-38.95796327991977
-46.73833739158494
-36.29929360303517
-43.56680999062741
-39.53839242828275
-39.798858347975695
-40.78523326368125
-40.6110640814129
-37.723844895098196
-41.32306825448673
-35.52089833011282
-46.27001298549181
-36.98314394179747
-44.665869815304006
-41.950219453618445
-39.03441605071035
-52.45103054375191
-33.882806348203864
-57.83031490683744
-28.060114761367526
-49.84906872493404
-35.11545231957918
-37.1808400645514
-47.54023348799891
-27.25602945322491
-46.767671293702136
-22.31816095474282
-39.52163567640335
-24.835178787065868
-34.361586152258894
-34.72270728048621
-27.261573539009337
-45.68918274360849
-18.395004701410663
-54.55557118174996
-13.989909607333809
-51.26862369448
-26.544156622356944
-35.88503857635124
-41.96110496296699
-22.609847148494097
-48.92280688222119
-14.959622923845265
-41.042186472036825
-12.665933925444147
-27.971917661961626
-21.554105844441995
-13.697675031936125
-33.773791216255646
-7.365919423508915
-38.308105575689176
-12.100281728724514
-29.10156748794485
-28.83323785546131
-10.892163363992651
-35.11067093107011
-4.942567463640147
-36.441482954497054
-6.3331504048867915
-30.44701589315951
-22.485442351362455
-16.76173496513637
-40.4103744528539
-5.673991179761543
-42.277899455963684
-4.732197163679161
-35.67048947244873
-10.872948403453794
-24.39157526364725
-27.626260924139945
-6.3146695258537235
-42.71770642430824
-0.942838778030247
-38.629002964998634
-9.213792856491539
-20.807995092442514
-25.146125841383906
4.939228580918842
-37.28627928270924
15.84709379512368
-34.00559889849579
7.323974624909056
-8.612131148878987
-13.786826111259543
17.506067365356433
-26.390242343479613
26.949043774278643
-18.89058093140143
13.643546754687229
-1.9738790313823547
-6.372866173172673
15.911967242651233
-25.96947345013841
27.199002935274102
-27.884184608078463
22.683512894652434
-11.024376974488632
3.6655451513308424
5.315481443988144
-14.069740617617418
17.774337884840726
-21.044384126457224
13.055746089752057
-12.809214931622535
3.391746382007562
3.876650448851802
-10.980686659378032
20.684647846879688
-14.616358529010068
28.505060409931044
-6.237754233657776
20.24391082190859
13.674889748225866
6.07797816459906
36.32413341702582
-2.004369145390266
46.853837767038684
-0.773419348733511
39.6104732724885
18.60240383681011
25.138643970818997
43.483603677279895
4.411821471120067
59.245453609996304
3.572492129521974
52.379852201327594
22.923739128367092
30.998175006879197
51.5494849067866
9.684614872025861
65.9573802781018
5.108252729508775
55.26711824104206
19.662763426199188
28.027123358252943
42.2664510957524
3.5750132537153108
56.0997565974406
-2.7418553773932954
49.490632022983355
12.095904813896597
28.454843317598627
39.40229296189606
4.151763075959117
52.4491678584764
-7.788104462229521
49.19557936790812
6.615139487877613
28.549088157706905
35.423410157310975
3.7919597208118256
57.283094842687944
-4.2147015978336215
53.80643329284176
3.4333849125079308
31.660184451701568
27.015737825684045
7.408479542010609
