t,t-1,t-2,t-3,t-4,t-5,concept,transition,steps_since_bkp,steps_to_bkp
0.798102771280491,0.6113458738964936,1.2830001551857992,0.822683543624048,1.1263700777966776,2.0664790886023723,1,0,100,205
0.7738517977610173,0.798102771280491,0.6113458738964936,1.2830001551857992,0.822683543624048,1.1263700777966776,1,0,101,204
1.2199752529145163,0.7738517977610173,0.798102771280491,0.6113458738964936,1.2830001551857992,0.822683543624048,1,0,102,203
1.4911655556430938,1.2199752529145163,0.7738517977610173,0.798102771280491,0.6113458738964936,1.2830001551857992,1,0,103,202
1.2599840036582028,1.4911655556430938,1.2199752529145163,0.7738517977610173,0.798102771280491,0.6113458738964936,1,0,104,201
1.0461866041128107,1.2599840036582028,1.4911655556430938,1.2199752529145163,0.7738517977610173,0.798102771280491,1,0,105,200
1.1740104870328834,1.0461866041128107,1.2599840036582028,1.4911655556430938,1.2199752529145163,0.7738517977610173,1,0,106,199
0.7097753550180761,1.1740104870328834,1.0461866041128107,1.2599840036582028,1.4911655556430938,1.2199752529145163,1,0,107,198
0.3106173100832632,0.7097753550180761,1.1740104870328834,1.0461866041128107,1.2599840036582028,1.4911655556430938,1,0,108,197
-0.021862141258328194,0.3106173100832632,0.7097753550180761,1.1740104870328834,1.0461866041128107,1.2599840036582028,1,0,109,196
-0.00673320469439688,-0.021862141258328194,0.3106173100832632,0.7097753550180761,1.1740104870328834,1.0461866041128107,1,0,110,195
-0.539334966686011,-0.00673320469439688,-0.021862141258328194,0.3106173100832632,0.7097753550180761,1.1740104870328834,1,0,111,194
-0.5771307272184995,-0.539334966686011,-0.00673320469439688,-0.021862141258328194,0.3106173100832632,0.7097753550180761,1,0,112,193
-1.0559739774350292,-0.5771307272184995,-0.539334966686011,-0.00673320469439688,-0.021862141258328194,0.3106173100832632,1,0,113,192
-1.4625799373937174,-1.0559739774350292,-0.5771307272184995,-0.539334966686011,-0.00673320469439688,-0.021862141258328194,1,0,114,191
-1.2585759497385363,-1.4625799373937174,-1.0559739774350292,-0.5771307272184995,-0.539334966686011,-0.00673320469439688,1,0,115,190
-1.6290969353600289,-1.2585759497385363,-1.4625799373937174,-1.0559739774350292,-0.5771307272184995,-0.539334966686011,1,0,116,189
-1.5385817705460858,-1.6290969353600289,-1.2585759497385363,-1.4625799373937174,-1.0559739774350292,-0.5771307272184995,1,0,117,188
-1.0817921419148602,-1.5385817705460858,-1.6290969353600289,-1.2585759497385363,-1.4625799373937174,-1.0559739774350292,1,0,118,187
-1.048267253819915,-1.0817921419148602,-1.5385817705460858,-1.6290969353600289,-1.2585759497385363,-1.4625799373937174,1,0,119,186
-1.7440646458762354,-1.048267253819915,-1.0817921419148602,-1.5385817705460858,-1.6290969353600289,-1.2585759497385363,1,0,120,185
-0.6977789014404518,-1.7440646458762354,-1.048267253819915,-1.0817921419148602,-1.5385817705460858,-1.6290969353600289,1,0,121,184
1.1727733114229961,-0.6977789014404518,-1.7440646458762354,-1.048267253819915,-1.0817921419148602,-1.5385817705460858,1,0,122,183
0.8994395609776258,1.1727733114229961,-0.6977789014404518,-1.7440646458762354,-1.048267253819915,-1.0817921419148602,1,0,123,182
-0.17365003278592595,0.8994395609776258,1.1727733114229961,-0.6977789014404518,-1.7440646458762354,-1.048267253819915,1,0,124,181
1.2909215980547584,-0.17365003278592595,0.8994395609776258,1.1727733114229961,-0.6977789014404518,-1.7440646458762354,1,0,125,180
1.9145296755679475,1.2909215980547584,-0.17365003278592595,0.8994395609776258,1.1727733114229961,-0.6977789014404518,1,0,126,179
0.9681513222130586,1.9145296755679475,1.2909215980547584,-0.17365003278592595,0.8994395609776258,1.1727733114229961,1,0,127,178
1.745274398998938,0.9681513222130586,1.9145296755679475,1.2909215980547584,-0.17365003278592595,0.8994395609776258,1,0,128,177
2.2313972274264384,1.745274398998938,0.9681513222130586,1.9145296755679475,1.2909215980547584,-0.17365003278592595,1,0,129,176
1.388946857905782,2.2313972274264384,1.745274398998938,0.9681513222130586,1.9145296755679475,1.2909215980547584,1,0,130,175
2.1462400458622577,1.388946857905782,2.2313972274264384,1.745274398998938,0.9681513222130586,1.9145296755679475,1,0,131,174
2.927090804254614,2.1462400458622577,1.388946857905782,2.2313972274264384,1.745274398998938,0.9681513222130586,1,0,132,173
2.8953399493294683,2.927090804254614,2.1462400458622577,1.388946857905782,2.2313972274264384,1.745274398998938,1,0,133,172
3.0751752114185478,2.8953399493294683,2.927090804254614,2.1462400458622577,1.388946857905782,2.2313972274264384,1,0,134,171
3.0136413708511665,3.0751752114185478,2.8953399493294683,2.927090804254614,2.1462400458622577,1.388946857905782,1,0,135,170
4.168370361102686,3.0136413708511665,3.0751752114185478,2.8953399493294683,2.927090804254614,2.1462400458622577,1,0,136,169
4.614488685165067,4.168370361102686,3.0136413708511665,3.0751752114185478,2.8953399493294683,2.927090804254614,1,0,137,168
4.6736460468504095,4.614488685165067,4.168370361102686,3.0136413708511665,3.0751752114185478,2.8953399493294683,1,0,138,167
5.30912162007141,4.6736460468504095,4.614488685165067,4.168370361102686,3.0136413708511665,3.0751752114185478,1,0,139,166
5.187966675490042,5.30912162007141,4.6736460468504095,4.614488685165067,4.168370361102686,3.0136413708511665,1,0,140,165
4.33888206952736,5.187966675490042,5.30912162007141,4.6736460468504095,4.614488685165067,4.168370361102686,1,0,141,164
3.999800347934899,4.33888206952736,5.187966675490042,5.30912162007141,4.6736460468504095,4.614488685165067,1,0,142,163
4.425349305668069,3.999800347934899,4.33888206952736,5.187966675490042,5.30912162007141,4.6736460468504095,1,0,143,162
4.265487518708288,4.425349305668069,3.999800347934899,4.33888206952736,5.187966675490042,5.30912162007141,1,0,144,161
3.8279064683516744,4.265487518708288,4.425349305668069,3.999800347934899,4.33888206952736,5.187966675490042,1,0,145,160
4.196233734250496,3.8279064683516744,4.265487518708288,4.425349305668069,3.999800347934899,4.33888206952736,1,0,146,159
3.83376193321282,4.196233734250496,3.8279064683516744,4.265487518708288,4.425349305668069,3.999800347934899,1,0,147,158
3.1159160993235284,3.83376193321282,4.196233734250496,3.8279064683516744,4.265487518708288,4.425349305668069,1,0,148,157
3.204525711263914,3.1159160993235284,3.83376193321282,4.196233734250496,3.8279064683516744,4.265487518708288,1,0,149,156
3.6068405204508047,3.204525711263914,3.1159160993235284,3.83376193321282,4.196233734250496,3.8279064683516744,1,0,150,155
3.5025059472791074,3.6068405204508047,3.204525711263914,3.1159160993235284,3.83376193321282,4.196233734250496,1,0,151,154
3.673117813514307,3.5025059472791074,3.6068405204508047,3.204525711263914,3.1159160993235284,3.83376193321282,1,0,152,153
3.9757021462932336,3.673117813514307,3.5025059472791074,3.6068405204508047,3.204525711263914,3.1159160993235284,1,0,153,152
3.6789517552439537,3.9757021462932336,3.673117813514307,3.5025059472791074,3.6068405204508047,3.204525711263914,1,0,154,151
4.237831125743196,3.6789517552439537,3.9757021462932336,3.673117813514307,3.5025059472791074,3.6068405204508047,1,0,155,150
3.454656824718489,4.237831125743196,3.6789517552439537,3.9757021462932336,3.673117813514307,3.5025059472791074,1,0,156,149
3.082242829107803,3.454656824718489,4.237831125743196,3.6789517552439537,3.9757021462932336,3.673117813514307,1,0,157,148
2.9697593094493726,3.082242829107803,3.454656824718489,4.237831125743196,3.6789517552439537,3.9757021462932336,1,0,158,147
2.5020743446633436,2.9697593094493726,3.082242829107803,3.454656824718489,4.237831125743196,3.6789517552439537,1,0,159,146
2.679285335653276,2.5020743446633436,2.9697593094493726,3.082242829107803,3.454656824718489,4.237831125743196,1,0,160,145
2.3088626322838044,2.679285335653276,2.5020743446633436,2.9697593094493726,3.082242829107803,3.454656824718489,1,0,161,144
2.100988836269442,2.3088626322838044,2.679285335653276,2.5020743446633436,2.9697593094493726,3.082242829107803,1,0,162,143
2.903766038533567,2.100988836269442,2.3088626322838044,2.679285335653276,2.5020743446633436,2.9697593094493726,1,0,163,142
2.620713496703247,2.903766038533567,2.100988836269442,2.3088626322838044,2.679285335653276,2.5020743446633436,1,0,164,141
2.497634456959063,2.620713496703247,2.903766038533567,2.100988836269442,2.3088626322838044,2.679285335653276,1,0,165,140
2.925902775624038,2.497634456959063,2.620713496703247,2.903766038533567,2.100988836269442,2.3088626322838044,1,0,166,139
3.61930200434342,2.925902775624038,2.497634456959063,2.620713496703247,2.903766038533567,2.100988836269442,1,0,167,138
3.2989643973378127,3.61930200434342,2.925902775624038,2.497634456959063,2.620713496703247,2.903766038533567,1,0,168,137
3.228552847104541,3.2989643973378127,3.61930200434342,2.925902775624038,2.497634456959063,2.620713496703247,1,0,169,136
3.1879700170372076,3.228552847104541,3.2989643973378127,3.61930200434342,2.925902775624038,2.497634456959063,1,0,170,135
3.430432506470297,3.1879700170372076,3.228552847104541,3.2989643973378127,3.61930200434342,2.925902775624038,1,0,171,134
2.7613564008483262,3.430432506470297,3.1879700170372076,3.228552847104541,3.2989643973378127,3.61930200434342,1,0,172,133
2.1794528717618977,2.7613564008483262,3.430432506470297,3.1879700170372076,3.228552847104541,3.2989643973378127,1,0,173,132
2.5090114949736964,2.1794528717618977,2.7613564008483262,3.430432506470297,3.1879700170372076,3.228552847104541,1,0,174,131
1.828506393192828,2.5090114949736964,2.1794528717618977,2.7613564008483262,3.430432506470297,3.1879700170372076,1,0,175,130
1.0054206193037736,1.828506393192828,2.5090114949736964,2.1794528717618977,2.7613564008483262,3.430432506470297,1,0,176,129
2.1123939112917753,1.0054206193037736,1.828506393192828,2.5090114949736964,2.1794528717618977,2.7613564008483262,1,0,177,128
2.2112817180160302,2.1123939112917753,1.0054206193037736,1.828506393192828,2.5090114949736964,2.1794528717618977,1,0,178,127
1.5662231509072562,2.2112817180160302,2.1123939112917753,1.0054206193037736,1.828506393192828,2.5090114949736964,1,0,179,126
2.385231415431002,1.5662231509072562,2.2112817180160302,2.1123939112917753,1.0054206193037736,1.828506393192828,1,0,180,125
2.5276626901378476,2.385231415431002,1.5662231509072562,2.2112817180160302,2.1123939112917753,1.0054206193037736,1,0,181,124
2.004901367992952,2.5276626901378476,2.385231415431002,1.5662231509072562,2.2112817180160302,2.1123939112917753,1,0,182,123
2.546436517529644,2.004901367992952,2.5276626901378476,2.385231415431002,1.5662231509072562,2.2112817180160302,1,0,183,122
3.0846586136005247,2.546436517529644,2.004901367992952,2.5276626901378476,2.385231415431002,1.5662231509072562,1,0,184,121
3.2921405263263788,3.0846586136005247,2.546436517529644,2.004901367992952,2.5276626901378476,2.385231415431002,1,0,185,120
4.329816340912587,3.2921405263263788,3.0846586136005247,2.546436517529644,2.004901367992952,2.5276626901378476,1,0,186,119
4.312844494449416,4.329816340912587,3.2921405263263788,3.0846586136005247,2.546436517529644,2.004901367992952,1,0,187,118
5.438876020892856,4.312844494449416,4.329816340912587,3.2921405263263788,3.0846586136005247,2.546436517529644,1,0,188,117
6.09085775457865,5.438876020892856,4.312844494449416,4.329816340912587,3.2921405263263788,3.0846586136005247,1,0,189,116
4.868921391669041,6.09085775457865,5.438876020892856,4.312844494449416,4.329816340912587,3.2921405263263788,1,0,190,115
4.846360246550177,4.868921391669041,6.09085775457865,5.438876020892856,4.312844494449416,4.329816340912587,1,0,191,114
6.35828126555645,4.846360246550177,4.868921391669041,6.09085775457865,5.438876020892856,4.312844494449416,1,0,192,113
5.216154253988881,6.35828126555645,4.846360246550177,4.868921391669041,6.09085775457865,5.438876020892856,1,0,193,112
5.017740199598565,5.216154253988881,6.35828126555645,4.846360246550177,4.868921391669041,6.09085775457865,1,0,194,111
5.587106177580541,5.017740199598565,5.216154253988881,6.35828126555645,4.846360246550177,4.868921391669041,1,0,195,110
5.808633255628781,5.587106177580541,5.017740199598565,5.216154253988881,6.35828126555645,4.846360246550177,1,0,196,109
5.725305833157378,5.808633255628781,5.587106177580541,5.017740199598565,5.216154253988881,6.35828126555645,1,0,197,108
6.440286656003228,5.725305833157378,5.808633255628781,5.587106177580541,5.017740199598565,5.216154253988881,1,0,198,107
6.5620846655307,6.440286656003228,5.725305833157378,5.808633255628781,5.587106177580541,5.017740199598565,1,0,199,106
6.361712099584789,6.5620846655307,6.440286656003228,5.725305833157378,5.808633255628781,5.587106177580541,1,0,200,105
6.56996611987994,6.361712099584789,6.5620846655307,6.440286656003228,5.725305833157378,5.808633255628781,1,0,201,104
6.790341872711155,6.56996611987994,6.361712099584789,6.5620846655307,6.440286656003228,5.725305833157378,1,0,202,103
6.905285593862526,6.790341872711155,6.56996611987994,6.361712099584789,6.5620846655307,6.440286656003228,1,0,203,102
6.521763334155869,6.905285593862526,6.790341872711155,6.56996611987994,6.361712099584789,6.5620846655307,1,0,204,101
6.426898739727313,6.521763334155869,6.905285593862526,6.790341872711155,6.56996611987994,6.361712099584789,1,0,205,100
7.725015253107763,6.426898739727313,6.521763334155869,6.905285593862526,6.790341872711155,6.56996611987994,1,0,206,99
7.186315606341836,7.725015253107763,6.426898739727313,6.521763334155869,6.905285593862526,6.790341872711155,1,0,207,98
7.531731940810073,7.186315606341836,7.725015253107763,6.426898739727313,6.521763334155869,6.905285593862526,1,0,208,97
8.057636577515646,7.531731940810073,7.186315606341836,7.725015253107763,6.426898739727313,6.521763334155869,1,0,209,96
7.150170099727457,8.057636577515646,7.531731940810073,7.186315606341836,7.725015253107763,6.426898739727313,1,0,210,95
6.5368088278474925,7.150170099727457,8.057636577515646,7.531731940810073,7.186315606341836,7.725015253107763,1,0,211,94
7.691234926453061,6.5368088278474925,7.150170099727457,8.057636577515646,7.531731940810073,7.186315606341836,1,0,212,93
8.095480898119419,7.691234926453061,6.5368088278474925,7.150170099727457,8.057636577515646,7.531731940810073,1,0,213,92
6.928803939137994,8.095480898119419,7.691234926453061,6.5368088278474925,7.150170099727457,8.057636577515646,1,0,214,91
7.198139816801446,6.928803939137994,8.095480898119419,7.691234926453061,6.5368088278474925,7.150170099727457,1,0,215,90
7.321647520940964,7.198139816801446,6.928803939137994,8.095480898119419,7.691234926453061,6.5368088278474925,1,0,216,89
6.896308311366032,7.321647520940964,7.198139816801446,6.928803939137994,8.095480898119419,7.691234926453061,1,0,217,88
6.621184843569817,6.896308311366032,7.321647520940964,7.198139816801446,6.928803939137994,8.095480898119419,1,0,218,87
7.388734691870232,6.621184843569817,6.896308311366032,7.321647520940964,7.198139816801446,6.928803939137994,1,0,219,86
7.243451903264648,7.388734691870232,6.621184843569817,6.896308311366032,7.321647520940964,7.198139816801446,1,0,220,85
7.215924277633322,7.243451903264648,7.388734691870232,6.621184843569817,6.896308311366032,7.321647520940964,1,0,221,84
7.040980894375728,7.215924277633322,7.243451903264648,7.388734691870232,6.621184843569817,6.896308311366032,1,0,222,83
6.949996060767488,7.040980894375728,7.215924277633322,7.243451903264648,7.388734691870232,6.621184843569817,1,0,223,82
7.116341735160998,6.949996060767488,7.040980894375728,7.215924277633322,7.243451903264648,7.388734691870232,1,0,224,81
7.644707776048294,7.116341735160998,6.949996060767488,7.040980894375728,7.215924277633322,7.243451903264648,1,0,225,80
7.632001689844516,7.644707776048294,7.116341735160998,6.949996060767488,7.040980894375728,7.215924277633322,1,0,226,79
7.688223136065394,7.632001689844516,7.644707776048294,7.116341735160998,6.949996060767488,7.040980894375728,1,0,227,78
7.402595928534211,7.688223136065394,7.632001689844516,7.644707776048294,7.116341735160998,6.949996060767488,1,0,228,77
6.36152522282881,7.402595928534211,7.688223136065394,7.632001689844516,7.644707776048294,7.116341735160998,1,0,229,76
5.589381869647326,6.36152522282881,7.402595928534211,7.688223136065394,7.632001689844516,7.644707776048294,1,0,230,75
5.98932738922931,5.589381869647326,6.36152522282881,7.402595928534211,7.688223136065394,7.632001689844516,1,0,231,74
5.677297797271843,5.98932738922931,5.589381869647326,6.36152522282881,7.402595928534211,7.688223136065394,1,0,232,73
5.129048246930821,5.677297797271843,5.98932738922931,5.589381869647326,6.36152522282881,7.402595928534211,1,0,233,72
5.268264936936494,5.129048246930821,5.677297797271843,5.98932738922931,5.589381869647326,6.36152522282881,1,0,234,71
5.27812192604326,5.268264936936494,5.129048246930821,5.677297797271843,5.98932738922931,5.589381869647326,1,0,235,70
4.8638379562228495,5.27812192604326,5.268264936936494,5.129048246930821,5.677297797271843,5.98932738922931,1,0,236,69
5.265848352468385,4.8638379562228495,5.27812192604326,5.268264936936494,5.129048246930821,5.677297797271843,1,0,237,68
4.792714711309537,5.265848352468385,4.8638379562228495,5.27812192604326,5.268264936936494,5.129048246930821,1,0,238,67
3.897822727898427,4.792714711309537,5.265848352468385,4.8638379562228495,5.27812192604326,5.268264936936494,1,0,239,66
5.007521516961555,3.897822727898427,4.792714711309537,5.265848352468385,4.8638379562228495,5.27812192604326,1,0,240,65
4.705868924689407,5.007521516961555,3.897822727898427,4.792714711309537,5.265848352468385,4.8638379562228495,1,0,241,64
4.136687375945707,4.705868924689407,5.007521516961555,3.897822727898427,4.792714711309537,5.265848352468385,1,0,242,63
4.337361045515648,4.136687375945707,4.705868924689407,5.007521516961555,3.897822727898427,4.792714711309537,1,0,243,62
3.4153267055983783,4.337361045515648,4.136687375945707,4.705868924689407,5.007521516961555,3.897822727898427,1,0,244,61
3.4268605104760614,3.4153267055983783,4.337361045515648,4.136687375945707,4.705868924689407,5.007521516961555,1,0,245,60
4.272311880037296,3.4268605104760614,3.4153267055983783,4.337361045515648,4.136687375945707,4.705868924689407,1,0,246,59
4.171603329153737,4.272311880037296,3.4268605104760614,3.4153267055983783,4.337361045515648,4.136687375945707,1,0,247,58
3.8822537097154135,4.171603329153737,4.272311880037296,3.4268605104760614,3.4153267055983783,4.337361045515648,1,0,248,57
3.9350682372540624,3.8822537097154135,4.171603329153737,4.272311880037296,3.4268605104760614,3.4153267055983783,1,0,249,56
3.653363678620437,3.9350682372540624,3.8822537097154135,4.171603329153737,4.272311880037296,3.4268605104760614,1,0,250,55
2.5709093158515786,3.653363678620437,3.9350682372540624,3.8822537097154135,4.171603329153737,4.272311880037296,1,0,251,54
3.3915724472608977,2.5709093158515786,3.653363678620437,3.9350682372540624,3.8822537097154135,4.171603329153737,1,0,252,53
4.181647977176493,3.3915724472608977,2.5709093158515786,3.653363678620437,3.9350682372540624,3.8822537097154135,1,0,253,52
3.190643325396047,4.181647977176493,3.3915724472608977,2.5709093158515786,3.653363678620437,3.9350682372540624,1,0,254,51
3.1905555787893234,3.190643325396047,4.181647977176493,3.3915724472608977,2.5709093158515786,3.653363678620437,1,0,255,50
4.162787552713057,3.1905555787893234,3.190643325396047,4.181647977176493,3.3915724472608977,2.5709093158515786,1,0,256,49
3.932664773762956,4.162787552713057,3.1905555787893234,3.190643325396047,4.181647977176493,3.3915724472608977,1,0,257,48
4.086034441163893,3.932664773762956,4.162787552713057,3.1905555787893234,3.190643325396047,4.181647977176493,1,0,258,47
4.261415251417085,4.086034441163893,3.932664773762956,4.162787552713057,3.1905555787893234,3.190643325396047,1,0,259,46
3.9414982695506673,4.261415251417085,4.086034441163893,3.932664773762956,4.162787552713057,3.1905555787893234,1,0,260,45
5.052411157327692,3.9414982695506673,4.261415251417085,4.086034441163893,3.932664773762956,4.162787552713057,1,0,261,44
5.911987988477047,5.052411157327692,3.9414982695506673,4.261415251417085,4.086034441163893,3.932664773762956,1,0,262,43
4.5974106022271295,5.911987988477047,5.052411157327692,3.9414982695506673,4.261415251417085,4.086034441163893,1,0,263,42
5.259868173064477,4.5974106022271295,5.911987988477047,5.052411157327692,3.9414982695506673,4.261415251417085,1,0,264,41
6.627892785800646,5.259868173064477,4.5974106022271295,5.911987988477047,5.052411157327692,3.9414982695506673,1,0,265,40
5.7076598272287455,6.627892785800646,5.259868173064477,4.5974106022271295,5.911987988477047,5.052411157327692,1,0,266,39
5.766058376389484,5.7076598272287455,6.627892785800646,5.259868173064477,4.5974106022271295,5.911987988477047,1,0,267,38
7.0929408796505165,5.766058376389484,5.7076598272287455,6.627892785800646,5.259868173064477,4.5974106022271295,1,0,268,37
6.92098926841234,7.0929408796505165,5.766058376389484,5.7076598272287455,6.627892785800646,5.259868173064477,1,0,269,36
6.434520737982236,6.92098926841234,7.0929408796505165,5.766058376389484,5.7076598272287455,6.627892785800646,1,0,270,35
7.830301091760694,6.434520737982236,6.92098926841234,7.0929408796505165,5.766058376389484,5.7076598272287455,1,0,271,34
7.528715904428373,7.830301091760694,6.434520737982236,6.92098926841234,7.0929408796505165,5.766058376389484,1,0,272,33
6.984118249135486,7.528715904428373,7.830301091760694,6.434520737982236,6.92098926841234,7.0929408796505165,1,0,273,32
8.281119884420121,6.984118249135486,7.528715904428373,7.830301091760694,6.434520737982236,6.92098926841234,1,0,274,31
7.544863832647875,8.281119884420121,6.984118249135486,7.528715904428373,7.830301091760694,6.434520737982236,1,0,275,30
6.402462495467515,7.544863832647875,8.281119884420121,6.984118249135486,7.528715904428373,7.830301091760694,1,0,276,29
7.3603258094208694,6.402462495467515,7.544863832647875,8.281119884420121,6.984118249135486,7.528715904428373,1,0,277,28
6.880524826448382,7.3603258094208694,6.402462495467515,7.544863832647875,8.281119884420121,6.984118249135486,1,0,278,27
6.015239667939242,6.880524826448382,7.3603258094208694,6.402462495467515,7.544863832647875,8.281119884420121,1,0,279,26
7.175473486078996,6.015239667939242,6.880524826448382,7.3603258094208694,6.402462495467515,7.544863832647875,1,0,280,25
7.139371830676573,7.175473486078996,6.015239667939242,6.880524826448382,7.3603258094208694,6.402462495467515,1,0,281,24
6.161686682510016,7.139371830676573,7.175473486078996,6.015239667939242,6.880524826448382,7.3603258094208694,1,0,282,23
6.556097274123323,6.161686682510016,7.139371830676573,7.175473486078996,6.015239667939242,6.880524826448382,1,0,283,22
6.559996895324833,6.556097274123323,6.161686682510016,7.139371830676573,7.175473486078996,6.015239667939242,1,0,284,21
5.580372814014307,6.559996895324833,6.556097274123323,6.161686682510016,7.139371830676573,7.175473486078996,1,0,285,20
6.042699466230132,5.580372814014307,6.559996895324833,6.556097274123323,6.161686682510016,7.139371830676573,1,0,286,19
6.011205314132031,6.042699466230132,5.580372814014307,6.559996895324833,6.556097274123323,6.161686682510016,1,0,287,18
5.239080559951003,6.011205314132031,6.042699466230132,5.580372814014307,6.559996895324833,6.556097274123323,1,0,288,17
5.337401638826303,5.239080559951003,6.011205314132031,6.042699466230132,5.580372814014307,6.559996895324833,1,0,289,16
6.270710314081282,5.337401638826303,5.239080559951003,6.011205314132031,6.042699466230132,5.580372814014307,1,0,290,15
5.851346330649079,6.270710314081282,5.337401638826303,5.239080559951003,6.011205314132031,6.042699466230132,1,0,291,14
5.726559769013152,5.851346330649079,6.270710314081282,5.337401638826303,5.239080559951003,6.011205314132031,1,0,292,13
7.473080875859095,5.726559769013152,5.851346330649079,6.270710314081282,5.337401638826303,5.239080559951003,1,0,293,12
7.7728695006490245,7.473080875859095,5.726559769013152,5.851346330649079,6.270710314081282,5.337401638826303,1,0,294,11
6.780819702744692,7.7728695006490245,7.473080875859095,5.726559769013152,5.851346330649079,6.270710314081282,1,0,295,10
8.672831079379684,6.780819702744692,7.7728695006490245,7.473080875859095,5.726559769013152,5.851346330649079,1,0,296,9
7.514294706070226,8.672831079379684,6.780819702744692,7.7728695006490245,7.473080875859095,5.726559769013152,1,0,297,8
8.100069442571685,7.514294706070226,8.672831079379684,6.780819702744692,7.7728695006490245,7.473080875859095,1,0,298,7
8.186741676367355,8.100069442571685,7.514294706070226,8.672831079379684,6.780819702744692,7.7728695006490245,1,0,299,6
8.592156242554635,8.186741676367355,8.100069442571685,7.514294706070226,8.672831079379684,6.780819702744692,1,1,300,5
9.984615884783821,8.592156242554635,8.186741676367355,8.100069442571685,7.514294706070226,8.672831079379684,1,1,301,4
7.291604103720993,9.984615884783821,8.592156242554635,8.186741676367355,8.100069442571685,7.514294706070226,1,1,302,3
10.791752667694825,7.291604103720993,9.984615884783821,8.592156242554635,8.186741676367355,8.100069442571685,1,1,303,2
6.472919163216062,10.791752667694825,7.291604103720993,9.984615884783821,8.592156242554635,8.186741676367355,1,1,304,1
10.252446012697638,6.472919163216062,10.791752667694825,7.291604103720993,9.984615884783821,8.592156242554635,2,1,0,0
7.238580288738512,10.252446012697638,6.472919163216062,10.791752667694825,7.291604103720993,9.984615884783821,2,1,1,192
8.665461180130805,7.238580288738512,10.252446012697638,6.472919163216062,10.791752667694825,7.291604103720993,2,1,2,191
8.885190044420312,8.665461180130805,7.238580288738512,10.252446012697638,6.472919163216062,10.791752667694825,2,1,3,190
6.074463442854672,8.885190044420312,8.665461180130805,7.238580288738512,10.252446012697638,6.472919163216062,2,1,4,189
9.870221748170213,6.074463442854672,8.885190044420312,8.665461180130805,7.238580288738512,10.252446012697638,2,0,5,188
4.958872656761838,9.870221748170213,6.074463442854672,8.885190044420312,8.665461180130805,7.238580288738512,2,0,6,187
11.493283894459067,4.958872656761838,9.870221748170213,6.074463442854672,8.885190044420312,8.665461180130805,2,0,7,186
2.8516118811951667,11.493283894459067,4.958872656761838,9.870221748170213,6.074463442854672,8.885190044420312,2,0,8,185
12.220498443177732,2.8516118811951667,11.493283894459067,4.958872656761838,9.870221748170213,6.074463442854672,2,0,9,184
2.579496218331987,12.220498443177732,2.8516118811951667,11.493283894459067,4.958872656761838,9.870221748170213,2,0,10,183
12.013004153020532,2.579496218331987,12.220498443177732,2.8516118811951667,11.493283894459067,4.958872656761838,2,0,11,182
5.3957574185612565,12.013004153020532,2.579496218331987,12.220498443177732,2.8516118811951667,11.493283894459067,2,0,12,181
8.642421896903459,5.3957574185612565,12.013004153020532,2.579496218331987,12.220498443177732,2.8516118811951667,2,0,13,180
8.385076283119822,8.642421896903459,5.3957574185612565,12.013004153020532,2.579496218331987,12.220498443177732,2,0,14,179
4.428072785123005,8.385076283119822,8.642421896903459,5.3957574185612565,12.013004153020532,2.579496218331987,2,0,15,178
10.742693982656178,4.428072785123005,8.385076283119822,8.642421896903459,5.3957574185612565,12.013004153020532,2,0,16,177
1.193679690702589,10.742693982656178,4.428072785123005,8.385076283119822,8.642421896903459,5.3957574185612565,2,0,17,176
15.424864267505216,1.193679690702589,10.742693982656178,4.428072785123005,8.385076283119822,8.642421896903459,2,0,18,175
-4.208751111170347,15.424864267505216,1.193679690702589,10.742693982656178,4.428072785123005,8.385076283119822,2,0,19,174
16.906974381133438,-4.208751111170347,15.424864267505216,1.193679690702589,10.742693982656178,4.428072785123005,2,0,20,173
-7.932177554929897,16.906974381133438,-4.208751111170347,15.424864267505216,1.193679690702589,10.742693982656178,2,0,21,172
16.826715791904235,-7.932177554929897,16.906974381133438,-4.208751111170347,15.424864267505216,1.193679690702589,2,0,22,171
-8.577979037482834,16.826715791904235,-7.932177554929897,16.906974381133438,-4.208751111170347,15.424864267505216,2,0,23,170
13.506184862809217,-8.577979037482834,16.826715791904235,-7.932177554929897,16.906974381133438,-4.208751111170347,2,0,24,169
-5.502367379459344,13.506184862809217,-8.577979037482834,16.826715791904235,-7.932177554929897,16.906974381133438,2,0,25,168
6.3463442865681445,-5.502367379459344,13.506184862809217,-8.577979037482834,16.826715791904235,-7.932177554929897,2,0,26,167
-3.1337719051005575,6.3463442865681445,-5.502367379459344,13.506184862809217,-8.577979037482834,16.826715791904235,2,0,27,166
1.3567627878152617,-3.1337719051005575,6.3463442865681445,-5.502367379459344,13.506184862809217,-8.577979037482834,2,0,28,165
-0.7031170435336518,1.3567627878152617,-3.1337719051005575,6.3463442865681445,-5.502367379459344,13.506184862809217,2,0,29,164
-3.3057654999875803,-0.7031170435336518,1.3567627878152617,-3.1337719051005575,6.3463442865681445,-5.502367379459344,2,0,30,163
4.619546163372093,-3.3057654999875803,-0.7031170435336518,1.3567627878152617,-3.1337719051005575,6.3463442865681445,2,0,31,162
-5.432643826448645,4.619546163372093,-3.3057654999875803,-0.7031170435336518,1.3567627878152617,-3.1337719051005575,2,0,32,161
7.22059190811819,-5.432643826448645,4.619546163372093,-3.3057654999875803,-0.7031170435336518,1.3567627878152617,2,0,33,160
-7.696216750047736,7.22059190811819,-5.432643826448645,4.619546163372093,-3.3057654999875803,-0.7031170435336518,2,0,34,159
4.966894124900879,-7.696216750047736,7.22059190811819,-5.432643826448645,4.619546163372093,-3.3057654999875803,2,0,35,158
-6.463478282000575,4.966894124900879,-7.696216750047736,7.22059190811819,-5.432643826448645,4.619546163372093,2,0,36,157
2.2304006759417905,-6.463478282000575,4.966894124900879,-7.696216750047736,7.22059190811819,-5.432643826448645,2,0,37,156
-4.812481128927761,2.2304006759417905,-6.463478282000575,4.966894124900879,-7.696216750047736,7.22059190811819,2,0,38,155
-2.0996973478663508,-4.812481128927761,2.2304006759417905,-6.463478282000575,4.966894124900879,-7.696216750047736,2,0,39,154
-1.9055357885002868,-2.0996973478663508,-4.812481128927761,2.2304006759417905,-6.463478282000575,4.966894124900879,2,0,40,153
-1.8229070970160608,-1.9055357885002868,-2.0996973478663508,-4.812481128927761,2.2304006759417905,-6.463478282000575,2,0,41,152
-4.061986675510574,-1.8229070970160608,-1.9055357885002868,-2.0996973478663508,-4.812481128927761,2.2304006759417905,2,0,42,151
-1.79215287880323,-4.061986675510574,-1.8229070970160608,-1.9055357885002868,-2.0996973478663508,-4.812481128927761,2,0,43,150
-3.422706848199226,-1.79215287880323,-4.061986675510574,-1.8229070970160608,-1.9055357885002868,-2.0996973478663508,2,0,44,149
-3.3929713983298013,-3.422706848199226,-1.79215287880323,-4.061986675510574,-1.8229070970160608,-1.9055357885002868,2,0,45,148
-2.140893008016288,-3.3929713983298013,-3.422706848199226,-1.79215287880323,-4.061986675510574,-1.8229070970160608,2,0,46,147
-3.9734253302950235,-2.140893008016288,-3.3929713983298013,-3.422706848199226,-1.79215287880323,-4.061986675510574,2,0,47,146
-0.06557519571313986,-3.9734253302950235,-2.140893008016288,-3.3929713983298013,-3.422706848199226,-1.79215287880323,2,0,48,145
-5.163194620793889,-0.06557519571313986,-3.9734253302950235,-2.140893008016288,-3.3929713983298013,-3.422706848199226,2,0,49,144
1.3256242027216496,-5.163194620793889,-0.06557519571313986,-3.9734253302950235,-2.140893008016288,-3.3929713983298013,2,0,50,143
-5.431693965471178,1.3256242027216496,-5.163194620793889,-0.06557519571313986,-3.9734253302950235,-2.140893008016288,2,0,51,142
1.4674392062991772,-5.431693965471178,1.3256242027216496,-5.163194620793889,-0.06557519571313986,-3.9734253302950235,2,0,52,141
-5.630271446554041,1.4674392062991772,-5.431693965471178,1.3256242027216496,-5.163194620793889,-0.06557519571313986,2,0,53,140
0.7830251280894716,-5.630271446554041,1.4674392062991772,-5.431693965471178,1.3256242027216496,-5.163194620793889,2,0,54,139
-6.016339851854059,0.7830251280894716,-5.630271446554041,1.4674392062991772,-5.431693965471178,1.3256242027216496,2,0,55,138
-0.323709234319745,-6.016339851854059,0.7830251280894716,-5.630271446554041,1.4674392062991772,-5.431693965471178,2,0,56,137
-5.401149182005311,-0.323709234319745,-6.016339851854059,0.7830251280894716,-5.630271446554041,1.4674392062991772,2,0,57,136
-1.024791073097489,-5.401149182005311,-0.323709234319745,-6.016339851854059,0.7830251280894716,-5.630271446554041,2,0,58,135
-7.846984430327901,-1.024791073097489,-5.401149182005311,-0.323709234319745,-6.016339851854059,0.7830251280894716,2,0,59,134
-0.1031687695986312,-7.846984430327901,-1.024791073097489,-5.401149182005311,-0.323709234319745,-6.016339851854059,2,0,60,133
-9.654188176054516,-0.1031687695986312,-7.846984430327901,-1.024791073097489,-5.401149182005311,-0.323709234319745,2,0,61,132
2.325589501020529,-9.654188176054516,-0.1031687695986312,-7.846984430327901,-1.024791073097489,-5.401149182005311,2,0,62,131
-11.74970107846016,2.325589501020529,-9.654188176054516,-0.1031687695986312,-7.846984430327901,-1.024791073097489,2,0,63,130
2.4830219029266507,-11.74970107846016,2.325589501020529,-9.654188176054516,-0.1031687695986312,-7.846984430327901,2,0,64,129
-8.997472761208446,2.4830219029266507,-11.74970107846016,2.325589501020529,-9.654188176054516,-0.1031687695986312,2,0,65,128
1.288081714633705,-8.997472761208446,2.4830219029266507,-11.74970107846016,2.325589501020529,-9.654188176054516,2,0,66,127
-9.696440431203872,1.288081714633705,-8.997472761208446,2.4830219029266507,-11.74970107846016,2.325589501020529,2,0,67,126
-0.09939938528734263,-9.696440431203872,1.288081714633705,-8.997472761208446,2.4830219029266507,-11.74970107846016,2,0,68,125
-10.542320637288498,-0.09939938528734263,-9.696440431203872,1.288081714633705,-8.997472761208446,2.4830219029266507,2,0,69,124
0.5077087349697216,-10.542320637288498,-0.09939938528734263,-9.696440431203872,1.288081714633705,-8.997472761208446,2,0,70,123
-9.62369179937629,0.5077087349697216,-10.542320637288498,-0.09939938528734263,-9.696440431203872,1.288081714633705,2,0,71,122
-4.534600822167056,-9.62369179937629,0.5077087349697216,-10.542320637288498,-0.09939938528734263,-9.696440431203872,2,0,72,121
-6.849326590728458,-4.534600822167056,-9.62369179937629,0.5077087349697216,-10.542320637288498,-0.09939938528734263,2,0,73,120
-8.571582099641047,-6.849326590728458,-4.534600822167056,-9.62369179937629,0.5077087349697216,-10.542320637288498,2,0,74,119
-3.083848702010102,-8.571582099641047,-6.849326590728458,-4.534600822167056,-9.62369179937629,0.5077087349697216,2,0,75,118
-10.053953875279408,-3.083848702010102,-8.571582099641047,-6.849326590728458,-4.534600822167056,-9.62369179937629,2,0,76,117
-2.8262506163644456,-10.053953875279408,-3.083848702010102,-8.571582099641047,-6.849326590728458,-4.534600822167056,2,0,77,116
-7.4658679430247155,-2.8262506163644456,-10.053953875279408,-3.083848702010102,-8.571582099641047,-6.849326590728458,2,0,78,115
-5.359303924111941,-7.4658679430247155,-2.8262506163644456,-10.053953875279408,-3.083848702010102,-8.571582099641047,2,0,79,114
-3.2205253449776254,-5.359303924111941,-7.4658679430247155,-2.8262506163644456,-10.053953875279408,-3.083848702010102,2,0,80,113
-7.322893194311368,-3.2205253449776254,-5.359303924111941,-7.4658679430247155,-2.8262506163644456,-10.053953875279408,2,0,81,112
0.2379566871662142,-7.322893194311368,-3.2205253449776254,-5.359303924111941,-7.4658679430247155,-2.8262506163644456,2,0,82,111
-8.391082938352007,0.2379566871662142,-7.322893194311368,-3.2205253449776254,-5.359303924111941,-7.4658679430247155,2,0,83,110
0.07525794069453351,-8.391082938352007,0.2379566871662142,-7.322893194311368,-3.2205253449776254,-5.359303924111941,2,0,84,109
-7.9320313806853635,0.07525794069453351,-8.391082938352007,0.2379566871662142,-7.322893194311368,-3.2205253449776254,2,0,85,108
-1.200197080297836,-7.9320313806853635,0.07525794069453351,-8.391082938352007,0.2379566871662142,-7.322893194311368,2,0,86,107
-7.137565076233876,-1.200197080297836,-7.9320313806853635,0.07525794069453351,-8.391082938352007,0.2379566871662142,2,0,87,106
-1.6602223478218339,-7.137565076233876,-1.200197080297836,-7.9320313806853635,0.07525794069453351,-8.391082938352007,2,0,88,105
-8.18878258394319,-1.6602223478218339,-7.137565076233876,-1.200197080297836,-7.9320313806853635,0.07525794069453351,2,0,89,104
-0.26024513306461605,-8.18878258394319,-1.6602223478218339,-7.137565076233876,-1.200197080297836,-7.9320313806853635,2,0,90,103
-7.003790739773558,-0.26024513306461605,-8.18878258394319,-1.6602223478218339,-7.137565076233876,-1.200197080297836,2,0,91,102
-1.0088447753951704,-7.003790739773558,-0.26024513306461605,-8.18878258394319,-1.6602223478218339,-7.137565076233876,2,0,92,101
-2.670528388924628,-1.0088447753951704,-7.003790739773558,-0.26024513306461605,-8.18878258394319,-1.6602223478218339,2,0,93,100
-2.25507537157286,-2.670528388924628,-1.0088447753951704,-7.003790739773558,-0.26024513306461605,-8.18878258394319,2,0,94,99
-1.2679484954900504,-2.25507537157286,-2.670528388924628,-1.0088447753951704,-7.003790739773558,-0.26024513306461605,2,0,95,98
-3.149459304405029,-1.2679484954900504,-2.25507537157286,-2.670528388924628,-1.0088447753951704,-7.003790739773558,2,0,96,97
1.775063763825467,-3.149459304405029,-1.2679484954900504,-2.25507537157286,-2.670528388924628,-1.0088447753951704,2,0,97,96
-5.2615834333523175,1.775063763825467,-3.149459304405029,-1.2679484954900504,-2.25507537157286,-2.670528388924628,2,0,98,95
2.1061951784766615,-5.2615834333523175,1.775063763825467,-3.149459304405029,-1.2679484954900504,-2.25507537157286,2,0,99,94
-6.588121229482982,2.1061951784766615,-5.2615834333523175,1.775063763825467,-3.149459304405029,-1.2679484954900504,2,0,100,93
1.231836040464054,-6.588121229482982,2.1061951784766615,-5.2615834333523175,1.775063763825467,-3.149459304405029,2,0,101,92
-6.506140968552807,1.231836040464054,-6.588121229482982,2.1061951784766615,-5.2615834333523175,1.775063763825467,2,0,102,91
-0.9172372931410836,-6.506140968552807,1.231836040464054,-6.588121229482982,2.1061951784766615,-5.2615834333523175,2,0,103,90
-6.05107265437836,-0.9172372931410836,-6.506140968552807,1.231836040464054,-6.588121229482982,2.1061951784766615,2,0,104,89
-4.19114657895676,-6.05107265437836,-0.9172372931410836,-6.506140968552807,1.231836040464054,-6.588121229482982,2,0,105,88
-3.6688525543218757,-4.19114657895676,-6.05107265437836,-0.9172372931410836,-6.506140968552807,1.231836040464054,2,0,106,87
-6.3221827764233,-3.6688525543218757,-4.19114657895676,-6.05107265437836,-0.9172372931410836,-6.506140968552807,2,0,107,86
0.9148225495712152,-6.3221827764233,-3.6688525543218757,-4.19114657895676,-6.05107265437836,-0.9172372931410836,2,0,108,85
-8.395745550984564,0.9148225495712152,-6.3221827764233,-3.6688525543218757,-4.19114657895676,-6.05107265437836,2,0,109,84
1.296158576758718,-8.395745550984564,0.9148225495712152,-6.3221827764233,-3.6688525543218757,-4.19114657895676,2,0,110,83
-9.040710061305656,1.296158576758718,-8.395745550984564,0.9148225495712152,-6.3221827764233,-3.6688525543218757,2,0,111,82
-0.5864869352737334,-9.040710061305656,1.296158576758718,-8.395745550984564,0.9148225495712152,-6.3221827764233,2,0,112,81
-9.11576875434209,-0.5864869352737334,-9.040710061305656,1.296158576758718,-8.395745550984564,0.9148225495712152,2,0,113,80
-2.358913208005164,-9.11576875434209,-0.5864869352737334,-9.040710061305656,1.296158576758718,-8.395745550984564,2,0,114,79
-7.5722803618665395,-2.358913208005164,-9.11576875434209,-0.5864869352737334,-9.040710061305656,1.296158576758718,2,0,115,78
-3.376923763994655,-7.5722803618665395,-2.358913208005164,-9.11576875434209,-0.5864869352737334,-9.040710061305656,2,0,116,77
-4.789446312870912,-3.376923763994655,-7.5722803618665395,-2.358913208005164,-9.11576875434209,-0.5864869352737334,2,0,117,76
-7.520122060578508,-4.789446312870912,-3.376923763994655,-7.5722803618665395,-2.358913208005164,-9.11576875434209,2,0,118,75
-1.4294617277719783,-7.520122060578508,-4.789446312870912,-3.376923763994655,-7.5722803618665395,-2.358913208005164,2,0,119,74
-11.76705765700431,-1.4294617277719783,-7.520122060578508,-4.789446312870912,-3.376923763994655,-7.5722803618665395,2,0,120,73
-0.9602287455116794,-11.76705765700431,-1.4294617277719783,-7.520122060578508,-4.789446312870912,-3.376923763994655,2,0,121,72
-15.781633286417263,-0.9602287455116794,-11.76705765700431,-1.4294617277719783,-7.520122060578508,-4.789446312870912,2,0,122,71
-1.2929641056709755,-15.781633286417263,-0.9602287455116794,-11.76705765700431,-1.4294617277719783,-7.520122060578508,2,0,123,70
-13.841905544353256,-1.2929641056709755,-15.781633286417263,-0.9602287455116794,-11.76705765700431,-1.4294617277719783,2,0,124,69
-0.5040393277512099,-13.841905544353256,-1.2929641056709755,-15.781633286417263,-0.9602287455116794,-11.76705765700431,2,0,125,68
-12.434880422141555,-0.5040393277512099,-13.841905544353256,-1.2929641056709755,-15.781633286417263,-0.9602287455116794,2,0,126,67
-0.548651432689905,-12.434880422141555,-0.5040393277512099,-13.841905544353256,-1.2929641056709755,-15.781633286417263,2,0,127,66
-10.032739002058921,-0.548651432689905,-12.434880422141555,-0.5040393277512099,-13.841905544353256,-1.2929641056709755,2,0,128,65
-2.4652245292122346,-10.032739002058921,-0.548651432689905,-12.434880422141555,-0.5040393277512099,-13.841905544353256,2,0,129,64
-4.428122833599077,-2.4652245292122346,-10.032739002058921,-0.548651432689905,-12.434880422141555,-0.5040393277512099,2,0,130,63
-5.65605256705962,-4.428122833599077,-2.4652245292122346,-10.032739002058921,-0.548651432689905,-12.434880422141555,2,0,131,62
-2.3972956174259665,-5.65605256705962,-4.428122833599077,-2.4652245292122346,-10.032739002058921,-0.548651432689905,2,0,132,61
-9.381119776849724,-2.3972956174259665,-5.65605256705962,-4.428122833599077,-2.4652245292122346,-10.032739002058921,2,0,133,60
-0.7644885954168125,-9.381119776849724,-2.3972956174259665,-5.65605256705962,-4.428122833599077,-2.4652245292122346,2,0,134,59
-12.748505431130928,-0.7644885954168125,-9.381119776849724,-2.3972956174259665,-5.65605256705962,-4.428122833599077,2,0,135,58
1.4954436514592346,-12.748505431130928,-0.7644885954168125,-9.381119776849724,-2.3972956174259665,-5.65605256705962,2,0,136,57
-13.624756546409897,1.4954436514592346,-12.748505431130928,-0.7644885954168125,-9.381119776849724,-2.3972956174259665,2,0,137,56
-0.1780295417599287,-13.624756546409897,1.4954436514592346,-12.748505431130928,-0.7644885954168125,-9.381119776849724,2,0,138,55
-13.96935586228393,-0.1780295417599287,-13.624756546409897,1.4954436514592346,-12.748505431130928,-0.7644885954168125,2,0,139,54
-3.3981829473748664,-13.96935586228393,-0.1780295417599287,-13.624756546409897,1.4954436514592346,-12.748505431130928,2,0,140,53
-11.400096144471823,-3.3981829473748664,-13.96935586228393,-0.1780295417599287,-13.624756546409897,1.4954436514592346,2,0,141,52
-6.910481113947329,-11.400096144471823,-3.3981829473748664,-13.96935586228393,-0.1780295417599287,-13.624756546409897,2,0,142,51
-7.84240831991967,-6.910481113947329,-11.400096144471823,-3.3981829473748664,-13.96935586228393,-0.1780295417599287,2,0,143,50
-11.418345833271756,-7.84240831991967,-6.910481113947329,-11.400096144471823,-3.3981829473748664,-13.96935586228393,2,0,144,49
-4.148920044295686,-11.418345833271756,-7.84240831991967,-6.910481113947329,-11.400096144471823,-3.3981829473748664,2,0,145,48
-15.046049819540618,-4.148920044295686,-11.418345833271756,-7.84240831991967,-6.910481113947329,-11.400096144471823,2,0,146,47
-2.960786428424221,-15.046049819540618,-4.148920044295686,-11.418345833271756,-7.84240831991967,-6.910481113947329,2,0,147,46
-17.577067393632195,-2.960786428424221,-15.046049819540618,-4.148920044295686,-11.418345833271756,-7.84240831991967,2,0,148,45
-2.0274566453768417,-17.577067393632195,-2.960786428424221,-15.046049819540618,-4.148920044295686,-11.418345833271756,2,0,149,44
-16.83670456297136,-2.0274566453768417,-17.577067393632195,-2.960786428424221,-15.046049819540618,-4.148920044295686,2,0,150,43
-2.132096929756064,-16.83670456297136,-2.0274566453768417,-17.577067393632195,-2.960786428424221,-15.046049819540618,2,0,151,42
-16.042400538917704,-2.132096929756064,-16.83670456297136,-2.0274566453768417,-17.577067393632195,-2.960786428424221,2,0,152,41
-8.554641378854718,-16.042400538917704,-2.132096929756064,-16.83670456297136,-2.0274566453768417,-17.577067393632195,2,0,153,40
-13.733709267310497,-8.554641378854718,-16.042400538917704,-2.132096929756064,-16.83670456297136,-2.0274566453768417,2,0,154,39
-10.928434640424745,-13.733709267310497,-8.554641378854718,-16.042400538917704,-2.132096929756064,-16.83670456297136,2,0,155,38
-11.747131268016362,-10.928434640424745,-13.733709267310497,-8.554641378854718,-16.042400538917704,-2.132096929756064,2,0,156,37
-13.43304880793064,-11.747131268016362,-10.928434640424745,-13.733709267310497,-8.554641378854718,-16.042400538917704,2,0,157,36
-8.768037968943622,-13.43304880793064,-11.747131268016362,-10.928434640424745,-13.733709267310497,-8.554641378854718,2,0,158,35
-15.818017435570036,-8.768037968943622,-13.43304880793064,-11.747131268016362,-10.928434640424745,-13.733709267310497,2,0,159,34
-7.276317984804461,-15.818017435570036,-8.768037968943622,-13.43304880793064,-11.747131268016362,-10.928434640424745,2,0,160,33
-17.099633315923192,-7.276317984804461,-15.818017435570036,-8.768037968943622,-13.43304880793064,-11.747131268016362,2,0,161,32
-3.804800398761332,-17.099633315923192,-7.276317984804461,-15.818017435570036,-8.768037968943622,-13.43304880793064,2,0,162,31
-18.842391816881715,-3.804800398761332,-17.099633315923192,-7.276317984804461,-15.818017435570036,-8.768037968943622,2,0,163,30
-4.137505528165101,-18.842391816881715,-3.804800398761332,-17.099633315923192,-7.276317984804461,-15.818017435570036,2,0,164,29
-17.441018691921744,-4.137505528165101,-18.842391816881715,-3.804800398761332,-17.099633315923192,-7.276317984804461,2,0,165,28
-6.62740889144437,-17.441018691921744,-4.137505528165101,-18.842391816881715,-3.804800398761332,-17.099633315923192,2,0,166,27
-13.776048333781764,-6.62740889144437,-17.441018691921744,-4.137505528165101,-18.842391816881715,-3.804800398761332,2,0,167,26
-8.987273481287854,-13.776048333781764,-6.62740889144437,-17.441018691921744,-4.137505528165101,-18.842391816881715,2,0,168,25
-13.722753855332254,-8.987273481287854,-13.776048333781764,-6.62740889144437,-17.441018691921744,-4.137505528165101,2,0,169,24
-10.347099888127518,-13.722753855332254,-8.987273481287854,-13.776048333781764,-6.62740889144437,-17.441018691921744,2,0,170,23
-11.6687064327906,-10.347099888127518,-13.722753855332254,-8.987273481287854,-13.776048333781764,-6.62740889144437,2,0,171,22
-13.027671071010442,-11.6687064327906,-10.347099888127518,-13.722753855332254,-8.987273481287854,-13.776048333781764,2,0,172,21
-8.660261895962883,-13.027671071010442,-11.6687064327906,-10.347099888127518,-13.722753855332254,-8.987273481287854,2,0,173,20
-13.88130399801346,-8.660261895962883,-13.027671071010442,-11.6687064327906,-10.347099888127518,-13.722753855332254,2,0,174,19
-9.217512140986587,-13.88130399801346,-8.660261895962883,-13.027671071010442,-11.6687064327906,-10.347099888127518,2,0,175,18
-11.069273347295196,-9.217512140986587,-13.88130399801346,-8.660261895962883,-13.027671071010442,-11.6687064327906,2,0,176,17
-9.834980707220275,-11.069273347295196,-9.217512140986587,-13.88130399801346,-8.660261895962883,-13.027671071010442,2,0,177,16
-9.01706919796819,-9.834980707220275,-11.069273347295196,-9.217512140986587,-13.88130399801346,-8.660261895962883,2,0,178,15
-12.641695833984983,-9.01706919796819,-9.834980707220275,-11.069273347295196,-9.217512140986587,-13.88130399801346,2,0,179,14
-7.435007051689375,-12.641695833984983,-9.01706919796819,-9.834980707220275,-11.069273347295196,-9.217512140986587,2,0,180,13
-13.730348909815964,-7.435007051689375,-12.641695833984983,-9.01706919796819,-9.834980707220275,-11.069273347295196,2,0,181,12
-8.165997633817923,-13.730348909815964,-7.435007051689375,-12.641695833984983,-9.01706919796819,-9.834980707220275,2,0,182,11
-14.760089064695899,-8.165997633817923,-13.730348909815964,-7.435007051689375,-12.641695833984983,-9.01706919796819,2,0,183,10
-7.668519279341341,-14.760089064695899,-8.165997633817923,-13.730348909815964,-7.435007051689375,-12.641695833984983,2,0,184,9
-14.140396835502566,-7.668519279341341,-14.760089064695899,-8.165997633817923,-13.730348909815964,-7.435007051689375,2,0,185,8
-8.508200094272052,-14.140396835502566,-7.668519279341341,-14.760089064695899,-8.165997633817923,-13.730348909815964,2,0,186,7
-11.34544680387261,-8.508200094272052,-14.140396835502566,-7.668519279341341,-14.760089064695899,-8.165997633817923,2,0,187,6
-11.02931772178847,-11.34544680387261,-8.508200094272052,-14.140396835502566,-7.668519279341341,-14.760089064695899,2,1,188,5
-9.671840068494383,-11.02931772178847,-11.34544680387261,-8.508200094272052,-14.140396835502566,-7.668519279341341,2,1,189,4
-5.782071531288537,-9.671840068494383,-11.02931772178847,-11.34544680387261,-8.508200094272052,-14.140396835502566,2,1,190,3
-7.83403826122704,-5.782071531288537,-9.671840068494383,-11.02931772178847,-11.34544680387261,-8.508200094272052,2,1,191,2
-6.847563437770984,-7.83403826122704,-5.782071531288537,-9.671840068494383,-11.02931772178847,-11.34544680387261,2,1,192,1
-5.7119472962518145,-6.847563437770984,-7.83403826122704,-5.782071531288537,-9.671840068494383,-11.02931772178847,3,1,0,0
-8.440473403689786,-5.7119472962518145,-6.847563437770984,-7.83403826122704,-5.782071531288537,-9.671840068494383,3,1,1,212
-7.66397902564243,-8.440473403689786,-5.7119472962518145,-6.847563437770984,-7.83403826122704,-5.782071531288537,3,1,2,211
-8.773666656145775,-7.66397902564243,-8.440473403689786,-5.7119472962518145,-6.847563437770984,-7.83403826122704,3,1,3,210
-12.789681342729857,-8.773666656145775,-7.66397902564243,-8.440473403689786,-5.7119472962518145,-6.847563437770984,3,1,4,209
-10.742459213852229,-12.789681342729857,-8.773666656145775,-7.66397902564243,-8.440473403689786,-5.7119472962518145,3,0,5,208
-12.947205883302242,-10.742459213852229,-12.789681342729857,-8.773666656145775,-7.66397902564243,-8.440473403689786,3,0,6,207
-12.867037696061427,-12.947205883302242,-10.742459213852229,-12.789681342729857,-8.773666656145775,-7.66397902564243,3,0,7,206
-13.218422548041895,-12.867037696061427,-12.947205883302242,-10.742459213852229,-12.789681342729857,-8.773666656145775,3,0,8,205
-9.874128888748128,-13.218422548041895,-12.867037696061427,-12.947205883302242,-10.742459213852229,-12.789681342729857,3,0,9,204
-7.173510764996785,-9.874128888748128,-13.218422548041895,-12.867037696061427,-12.947205883302242,-10.742459213852229,3,0,10,203
-5.219655253763339,-7.173510764996785,-9.874128888748128,-13.218422548041895,-12.867037696061427,-12.947205883302242,3,0,11,202
-3.60276387402103,-5.219655253763339,-7.173510764996785,-9.874128888748128,-13.218422548041895,-12.867037696061427,3,0,12,201
-1.5517672406936796,-3.60276387402103,-5.219655253763339,-7.173510764996785,-9.874128888748128,-13.218422548041895,3,0,13,200
1.0851413981482798,-1.5517672406936796,-3.60276387402103,-5.219655253763339,-7.173510764996785,-9.874128888748128,3,0,14,199
2.677865277635666,1.0851413981482798,-1.5517672406936796,-3.60276387402103,-5.219655253763339,-7.173510764996785,3,0,15,198
4.509419185998169,2.677865277635666,1.0851413981482798,-1.5517672406936796,-3.60276387402103,-5.219655253763339,3,0,16,197
5.506392437091498,4.509419185998169,2.677865277635666,1.0851413981482798,-1.5517672406936796,-3.60276387402103,3,0,17,196
3.3749630521007012,5.506392437091498,4.509419185998169,2.677865277635666,1.0851413981482798,-1.5517672406936796,3,0,18,195
1.2580405542730961,3.3749630521007012,5.506392437091498,4.509419185998169,2.677865277635666,1.0851413981482798,3,0,19,194
0.943299317337426,1.2580405542730961,3.3749630521007012,5.506392437091498,4.509419185998169,2.677865277635666,3,0,20,193
-0.2819913487040344,0.943299317337426,1.2580405542730961,3.3749630521007012,5.506392437091498,4.509419185998169,3,0,21,192
0.6527207870159184,-0.2819913487040344,0.943299317337426,1.2580405542730961,3.3749630521007012,5.506392437091498,3,0,22,191
5.361611690292765,0.6527207870159184,-0.2819913487040344,0.943299317337426,1.2580405542730961,3.3749630521007012,3,0,23,190
10.143906768119852,5.361611690292765,0.6527207870159184,-0.2819913487040344,0.943299317337426,1.2580405542730961,3,0,24,189
10.560717052747961,10.143906768119852,5.361611690292765,0.6527207870159184,-0.2819913487040344,0.943299317337426,3,0,25,188
11.43980700792613,10.560717052747961,10.143906768119852,5.361611690292765,0.6527207870159184,-0.2819913487040344,3,0,26,187
11.73104925489879,11.43980700792613,10.560717052747961,10.143906768119852,5.361611690292765,0.6527207870159184,3,0,27,186
16.55056079392395,11.73104925489879,11.43980700792613,10.560717052747961,10.143906768119852,5.361611690292765,3,0,28,185
19.006919014014255,16.55056079392395,11.73104925489879,11.43980700792613,10.560717052747961,10.143906768119852,3,0,29,184
18.099561643701694,19.006919014014255,16.55056079392395,11.73104925489879,11.43980700792613,10.560717052747961,3,0,30,183
13.710793608195697,18.099561643701694,19.006919014014255,16.55056079392395,11.73104925489879,11.43980700792613,3,0,31,182
12.95213182425781,13.710793608195697,18.099561643701694,19.006919014014255,16.55056079392395,11.73104925489879,3,0,32,181
12.367909709821918,12.95213182425781,13.710793608195697,18.099561643701694,19.006919014014255,16.55056079392395,3,0,33,180
11.766778898338407,12.367909709821918,12.95213182425781,13.710793608195697,18.099561643701694,19.006919014014255,3,0,34,179
8.088808203531238,11.766778898338407,12.367909709821918,12.95213182425781,13.710793608195697,18.099561643701694,3,0,35,178
7.861694849667914,8.088808203531238,11.766778898338407,12.367909709821918,12.95213182425781,13.710793608195697,3,0,36,177
7.708628682296258,7.861694849667914,8.088808203531238,11.766778898338407,12.367909709821918,12.95213182425781,3,0,37,176
4.76415977160007,7.708628682296258,7.861694849667914,8.088808203531238,11.766778898338407,12.367909709821918,3,0,38,175
3.842437680750995,4.76415977160007,7.708628682296258,7.861694849667914,8.088808203531238,11.766778898338407,3,0,39,174
5.770304408437637,3.842437680750995,4.76415977160007,7.708628682296258,7.861694849667914,8.088808203531238,3,0,40,173
8.67020393576621,5.770304408437637,3.842437680750995,4.76415977160007,7.708628682296258,7.861694849667914,3,0,41,172
14.394325543565689,8.67020393576621,5.770304408437637,3.842437680750995,4.76415977160007,7.708628682296258,3,0,42,171
19.345932545338137,14.394325543565689,8.67020393576621,5.770304408437637,3.842437680750995,4.76415977160007,3,0,43,170
25.54011280742753,19.345932545338137,14.394325543565689,8.67020393576621,5.770304408437637,3.842437680750995,3,0,44,169
31.47103235450687,25.54011280742753,19.345932545338137,14.394325543565689,8.67020393576621,5.770304408437637,3,0,45,168
32.04883356597491,31.47103235450687,25.54011280742753,19.345932545338137,14.394325543565689,8.67020393576621,3,0,46,167
35.1702305152858,32.04883356597491,31.47103235450687,25.54011280742753,19.345932545338137,14.394325543565689,3,0,47,166
34.70831586923996,35.1702305152858,32.04883356597491,31.47103235450687,25.54011280742753,19.345932545338137,3,0,48,165
35.54080918191671,34.70831586923996,35.1702305152858,32.04883356597491,31.47103235450687,25.54011280742753,3,0,49,164
33.17674717692604,35.54080918191671,34.70831586923996,35.1702305152858,32.04883356597491,31.47103235450687,3,0,50,163
30.31980365841949,33.17674717692604,35.54080918191671,34.70831586923996,35.1702305152858,32.04883356597491,3,0,51,162
28.90858482826487,30.31980365841949,33.17674717692604,35.54080918191671,34.70831586923996,35.1702305152858,3,0,52,161
27.253233876408288,28.90858482826487,30.31980365841949,33.17674717692604,35.54080918191671,34.70831586923996,3,0,53,160
21.77055789006588,27.253233876408288,28.90858482826487,30.31980365841949,33.17674717692604,35.54080918191671,3,0,54,159
19.193667029834288,21.77055789006588,27.253233876408288,28.90858482826487,30.31980365841949,33.17674717692604,3,0,55,158
16.647904895491568,19.193667029834288,21.77055789006588,27.253233876408288,28.90858482826487,30.31980365841949,3,0,56,157
14.72785707848756,16.647904895491568,19.193667029834288,21.77055789006588,27.253233876408288,28.90858482826487,3,0,57,156
11.854990153701802,14.72785707848756,16.647904895491568,19.193667029834288,21.77055789006588,27.253233876408288,3,0,58,155
5.29774204548292,11.854990153701802,14.72785707848756,16.647904895491568,19.193667029834288,21.77055789006588,3,0,59,154
4.954823898996858,5.29774204548292,11.854990153701802,14.72785707848756,16.647904895491568,19.193667029834288,3,0,60,153
-0.6747481327481308,4.954823898996858,5.29774204548292,11.854990153701802,14.72785707848756,16.647904895491568,3,0,61,152
2.7497146843108435,-0.6747481327481308,4.954823898996858,5.29774204548292,11.854990153701802,14.72785707848756,3,0,62,151
9.605968827452187,2.7497146843108435,-0.6747481327481308,4.954823898996858,5.29774204548292,11.854990153701802,3,0,63,150
13.662624940603802,9.605968827452187,2.7497146843108435,-0.6747481327481308,4.954823898996858,5.29774204548292,3,0,64,149
15.897840342313682,13.662624940603802,9.605968827452187,2.7497146843108435,-0.6747481327481308,4.954823898996858,3,0,65,148
12.986654724305131,15.897840342313682,13.662624940603802,9.605968827452187,2.7497146843108435,-0.6747481327481308,3,0,66,147
10.077324428576595,12.986654724305131,15.897840342313682,13.662624940603802,9.605968827452187,2.7497146843108435,3,0,67,146
5.914870363885756,10.077324428576595,12.986654724305131,15.897840342313682,13.662624940603802,9.605968827452187,3,0,68,145
8.47144672097119,5.914870363885756,10.077324428576595,12.986654724305131,15.897840342313682,13.662624940603802,3,0,69,144
2.98534039465438,8.47144672097119,5.914870363885756,10.077324428576595,12.986654724305131,15.897840342313682,3,0,70,143
6.165934238452426,2.98534039465438,8.47144672097119,5.914870363885756,10.077324428576595,12.986654724305131,3,0,71,142
10.367147894731128,6.165934238452426,2.98534039465438,8.47144672097119,5.914870363885756,10.077324428576595,3,0,72,141
12.357502949397217,10.367147894731128,6.165934238452426,2.98534039465438,8.47144672097119,5.914870363885756,3,0,73,140
11.123123389661265,12.357502949397217,10.367147894731128,6.165934238452426,2.98534039465438,8.47144672097119,3,0,74,139
12.85387876844451,11.123123389661265,12.357502949397217,10.367147894731128,6.165934238452426,2.98534039465438,3,0,75,138
13.525287543594272,12.85387876844451,11.123123389661265,12.357502949397217,10.367147894731128,6.165934238452426,3,0,76,137
14.80056719345681,13.525287543594272,12.85387876844451,11.123123389661265,12.357502949397217,10.367147894731128,3,0,77,136
15.716634849579359,14.80056719345681,13.525287543594272,12.85387876844451,11.123123389661265,12.357502949397217,3,0,78,135
15.89825475181755,15.716634849579359,14.80056719345681,13.525287543594272,12.85387876844451,11.123123389661265,3,0,79,134
13.331873778232165,15.89825475181755,15.716634849579359,14.80056719345681,13.525287543594272,12.85387876844451,3,0,80,133
8.052238540478005,13.331873778232165,15.89825475181755,15.716634849579359,14.80056719345681,13.525287543594272,3,0,81,132
5.818577649057304,8.052238540478005,13.331873778232165,15.89825475181755,15.716634849579359,14.80056719345681,3,0,82,131
9.34775748918414,5.818577649057304,8.052238540478005,13.331873778232165,15.89825475181755,15.716634849579359,3,0,83,130
14.821495091102213,9.34775748918414,5.818577649057304,8.052238540478005,13.331873778232165,15.89825475181755,3,0,84,129
21.06985379874621,14.821495091102213,9.34775748918414,5.818577649057304,8.052238540478005,13.331873778232165,3,0,85,128
22.709939816656092,21.06985379874621,14.821495091102213,9.34775748918414,5.818577649057304,8.052238540478005,3,0,86,127
24.275693291162884,22.709939816656092,21.06985379874621,14.821495091102213,9.34775748918414,5.818577649057304,3,0,87,126
20.783221588918682,24.275693291162884,22.709939816656092,21.06985379874621,14.821495091102213,9.34775748918414,3,0,88,125
15.921599376599971,20.783221588918682,24.275693291162884,22.709939816656092,21.06985379874621,14.821495091102213,3,0,89,124
13.0072532533974,15.921599376599971,20.783221588918682,24.275693291162884,22.709939816656092,21.06985379874621,3,0,90,123
14.513852181253306,13.0072532533974,15.921599376599971,20.783221588918682,24.275693291162884,22.709939816656092,3,0,91,122
14.410112097190984,14.513852181253306,13.0072532533974,15.921599376599971,20.783221588918682,24.275693291162884,3,0,92,121
12.868880864015432,14.410112097190984,14.513852181253306,13.0072532533974,15.921599376599971,20.783221588918682,3,0,93,120
9.526092926070936,12.868880864015432,14.410112097190984,14.513852181253306,13.0072532533974,15.921599376599971,3,0,94,119
10.711921199786328,9.526092926070936,12.868880864015432,14.410112097190984,14.513852181253306,13.0072532533974,3,0,95,118
8.402055294750026,10.711921199786328,9.526092926070936,12.868880864015432,14.410112097190984,14.513852181253306,3,0,96,117
4.167515901147726,8.402055294750026,10.711921199786328,9.526092926070936,12.868880864015432,14.410112097190984,3,0,97,116
2.5119653130293322,4.167515901147726,8.402055294750026,10.711921199786328,9.526092926070936,12.868880864015432,3,0,98,115
-1.288503637680884,2.5119653130293322,4.167515901147726,8.402055294750026,10.711921199786328,9.526092926070936,3,0,99,114
-1.5480385810689143,-1.288503637680884,2.5119653130293322,4.167515901147726,8.402055294750026,10.711921199786328,3,0,100,113
-1.272487551390927,-1.5480385810689143,-1.288503637680884,2.5119653130293322,4.167515901147726,8.402055294750026,3,0,101,112
-2.3013648501771735,-1.272487551390927,-1.5480385810689143,-1.288503637680884,2.5119653130293322,4.167515901147726,3,0,102,111
-1.2311465057215678,-2.3013648501771735,-1.272487551390927,-1.5480385810689143,-1.288503637680884,2.5119653130293322,3,0,103,110
3.0651653895472344,-1.2311465057215678,-2.3013648501771735,-1.272487551390927,-1.5480385810689143,-1.288503637680884,3,0,104,109
3.9055620390123225,3.0651653895472344,-1.2311465057215678,-2.3013648501771735,-1.272487551390927,-1.5480385810689143,3,0,105,108
7.223548627768588,3.9055620390123225,3.0651653895472344,-1.2311465057215678,-2.3013648501771735,-1.272487551390927,3,0,106,107
7.153675849075724,7.223548627768588,3.9055620390123225,3.0651653895472344,-1.2311465057215678,-2.3013648501771735,3,0,107,106
7.516424500639631,7.153675849075724,7.223548627768588,3.9055620390123225,3.0651653895472344,-1.2311465057215678,3,0,108,105
7.320416474075623,7.516424500639631,7.153675849075724,7.223548627768588,3.9055620390123225,3.0651653895472344,3,0,109,104
7.4234332396825,7.320416474075623,7.516424500639631,7.153675849075724,7.223548627768588,3.9055620390123225,3,0,110,103
8.951962895354463,7.4234332396825,7.320416474075623,7.516424500639631,7.153675849075724,7.223548627768588,3,0,111,102
9.728797826167405,8.951962895354463,7.4234332396825,7.320416474075623,7.516424500639631,7.153675849075724,3,0,112,101
9.660176678092885,9.728797826167405,8.951962895354463,7.4234332396825,7.320416474075623,7.516424500639631,3,0,113,100
9.851076683267276,9.660176678092885,9.728797826167405,8.951962895354463,7.4234332396825,7.320416474075623,3,0,114,99
6.504789755130316,9.851076683267276,9.660176678092885,9.728797826167405,8.951962895354463,7.4234332396825,3,0,115,98
7.585238855401341,6.504789755130316,9.851076683267276,9.660176678092885,9.728797826167405,8.951962895354463,3,0,116,97
5.912918091771861,7.585238855401341,6.504789755130316,9.851076683267276,9.660176678092885,9.728797826167405,3,0,117,96
4.445780203891658,5.912918091771861,7.585238855401341,6.504789755130316,9.851076683267276,9.660176678092885,3,0,118,95
1.3766440107952735,4.445780203891658,5.912918091771861,7.585238855401341,6.504789755130316,9.851076683267276,3,0,119,94
-4.488407734589677,1.3766440107952735,4.445780203891658,5.912918091771861,7.585238855401341,6.504789755130316,3,0,120,93
-9.015833535872678,-4.488407734589677,1.3766440107952735,4.445780203891658,5.912918091771861,7.585238855401341,3,0,121,92
-9.66712054307117,-9.015833535872678,-4.488407734589677,1.3766440107952735,4.445780203891658,5.912918091771861,3,0,122,91
-4.358601855174781,-9.66712054307117,-9.015833535872678,-4.488407734589677,1.3766440107952735,4.445780203891658,3,0,123,90
-0.8244114553545983,-4.358601855174781,-9.66712054307117,-9.015833535872678,-4.488407734589677,1.3766440107952735,3,0,124,89
-2.4109386469459437,-0.8244114553545983,-4.358601855174781,-9.66712054307117,-9.015833535872678,-4.488407734589677,3,0,125,88
-0.6245780071831013,-2.4109386469459437,-0.8244114553545983,-4.358601855174781,-9.66712054307117,-9.015833535872678,3,0,126,87
-1.7651887188369009,-0.6245780071831013,-2.4109386469459437,-0.8244114553545983,-4.358601855174781,-9.66712054307117,3,0,127,86
-5.622035612152294,-1.7651887188369009,-0.6245780071831013,-2.4109386469459437,-0.8244114553545983,-4.358601855174781,3,0,128,85
-8.51898929346089,-5.622035612152294,-1.7651887188369009,-0.6245780071831013,-2.4109386469459437,-0.8244114553545983,3,0,129,84
-8.645634921388039,-8.51898929346089,-5.622035612152294,-1.7651887188369009,-0.6245780071831013,-2.4109386469459437,3,0,130,83
-7.542836154332351,-8.645634921388039,-8.51898929346089,-5.622035612152294,-1.7651887188369009,-0.6245780071831013,3,0,131,82
-6.758578721114476,-7.542836154332351,-8.645634921388039,-8.51898929346089,-5.622035612152294,-1.7651887188369009,3,0,132,81
-4.300637762223332,-6.758578721114476,-7.542836154332351,-8.645634921388039,-8.51898929346089,-5.622035612152294,3,0,133,80
-2.488971996679143,-4.300637762223332,-6.758578721114476,-7.542836154332351,-8.645634921388039,-8.51898929346089,3,0,134,79
-0.6803491055169623,-2.488971996679143,-4.300637762223332,-6.758578721114476,-7.542836154332351,-8.645634921388039,3,0,135,78
0.569543058385642,-0.6803491055169623,-2.488971996679143,-4.300637762223332,-6.758578721114476,-7.542836154332351,3,0,136,77
0.5304911652829065,0.569543058385642,-0.6803491055169623,-2.488971996679143,-4.300637762223332,-6.758578721114476,3,0,137,76
-0.2844318795425506,0.5304911652829065,0.569543058385642,-0.6803491055169623,-2.488971996679143,-4.300637762223332,3,0,138,75
1.8708238219519249,-0.2844318795425506,0.5304911652829065,0.569543058385642,-0.6803491055169623,-2.488971996679143,3,0,139,74
1.940268005237693,1.8708238219519249,-0.2844318795425506,0.5304911652829065,0.569543058385642,-0.6803491055169623,3,0,140,73
1.7464051681656652,1.940268005237693,1.8708238219519249,-0.2844318795425506,0.5304911652829065,0.569543058385642,3,0,141,72
1.565836306692831,1.7464051681656652,1.940268005237693,1.8708238219519249,-0.2844318795425506,0.5304911652829065,3,0,142,71
-2.2972008533760744,1.565836306692831,1.7464051681656652,1.940268005237693,1.8708238219519249,-0.2844318795425506,3,0,143,70
-0.7497367951746621,-2.2972008533760744,1.565836306692831,1.7464051681656652,1.940268005237693,1.8708238219519249,3,0,144,69
1.2586495042533328,-0.7497367951746621,-2.2972008533760744,1.565836306692831,1.7464051681656652,1.940268005237693,3,0,145,68
2.7304917864424443,1.2586495042533328,-0.7497367951746621,-2.2972008533760744,1.565836306692831,1.7464051681656652,3,0,146,67
6.881986866271351,2.7304917864424443,1.2586495042533328,-0.7497367951746621,-2.2972008533760744,1.565836306692831,3,0,147,66
8.645000705100435,6.881986866271351,2.7304917864424443,1.2586495042533328,-0.7497367951746621,-2.2972008533760744,3,0,148,65
7.798920658883892,8.645000705100435,6.881986866271351,2.7304917864424443,1.2586495042533328,-0.7497367951746621,3,0,149,64
3.285899347541621,7.798920658883892,8.645000705100435,6.881986866271351,2.7304917864424443,1.2586495042533328,3,0,150,63
1.726692758799014,3.285899347541621,7.798920658883892,8.645000705100435,6.881986866271351,2.7304917864424443,3,0,151,62
0.3317886983835028,1.726692758799014,3.285899347541621,7.798920658883892,8.645000705100435,6.881986866271351,3,0,152,61
3.9569183995986474,0.3317886983835028,1.726692758799014,3.285899347541621,7.798920658883892,8.645000705100435,3,0,153,60
5.580785900715601,3.9569183995986474,0.3317886983835028,1.726692758799014,3.285899347541621,7.798920658883892,3,0,154,59
8.983174194581519,5.580785900715601,3.9569183995986474,0.3317886983835028,1.726692758799014,3.285899347541621,3,0,155,58
10.8560714929547,8.983174194581519,5.580785900715601,3.9569183995986474,0.3317886983835028,1.726692758799014,3,0,156,57
7.853695375015938,10.8560714929547,8.983174194581519,5.580785900715601,3.9569183995986474,0.3317886983835028,3,0,157,56
8.780550682506464,7.853695375015938,10.8560714929547,8.983174194581519,5.580785900715601,3.9569183995986474,3,0,158,55
5.099964845516261,8.780550682506464,7.853695375015938,10.8560714929547,8.983174194581519,5.580785900715601,3,0,159,54
3.0664475635396964,5.099964845516261,8.780550682506464,7.853695375015938,10.8560714929547,8.983174194581519,3,0,160,53
-0.7225827995228769,3.0664475635396964,5.099964845516261,8.780550682506464,7.853695375015938,10.8560714929547,3,0,161,52
0.540453159026328,-0.7225827995228769,3.0664475635396964,5.099964845516261,8.780550682506464,7.853695375015938,3,0,162,51
1.0070238088483259,0.540453159026328,-0.7225827995228769,3.0664475635396964,5.099964845516261,8.780550682506464,3,0,163,50
0.6612363722291916,1.0070238088483259,0.540453159026328,-0.7225827995228769,3.0664475635396964,5.099964845516261,3,0,164,49
2.234557816476883,0.6612363722291916,1.0070238088483259,0.540453159026328,-0.7225827995228769,3.0664475635396964,3,0,165,48
2.8586387905464448,2.234557816476883,0.6612363722291916,1.0070238088483259,0.540453159026328,-0.7225827995228769,3,0,166,47
6.758600992531136,2.8586387905464448,2.234557816476883,0.6612363722291916,1.0070238088483259,0.540453159026328,3,0,167,46
10.366215356032635,6.758600992531136,2.8586387905464448,2.234557816476883,0.6612363722291916,1.0070238088483259,3,0,168,45
12.48797716957413,10.366215356032635,6.758600992531136,2.8586387905464448,2.234557816476883,0.6612363722291916,3,0,169,44
9.350262862661843,12.48797716957413,10.366215356032635,6.758600992531136,2.8586387905464448,2.234557816476883,3,0,170,43
7.687407370350084,9.350262862661843,12.48797716957413,10.366215356032635,6.758600992531136,2.8586387905464448,3,0,171,42
6.7080819126170645,7.687407370350084,9.350262862661843,12.48797716957413,10.366215356032635,6.758600992531136,3,0,172,41
8.674806797115087,6.7080819126170645,7.687407370350084,9.350262862661843,12.48797716957413,10.366215356032635,3,0,173,40
12.880540805808128,8.674806797115087,6.7080819126170645,7.687407370350084,9.350262862661843,12.48797716957413,3,0,174,39
15.14357501451,12.880540805808128,8.674806797115087,6.7080819126170645,7.687407370350084,9.350262862661843,3,0,175,38
18.60646173923422,15.14357501451,12.880540805808128,8.674806797115087,6.7080819126170645,7.687407370350084,3,0,176,37
19.024911766736416,18.60646173923422,15.14357501451,12.880540805808128,8.674806797115087,6.7080819126170645,3,0,177,36
17.364734304944243,19.024911766736416,18.60646173923422,15.14357501451,12.880540805808128,8.674806797115087,3,0,178,35
13.967445252453508,17.364734304944243,19.024911766736416,18.60646173923422,15.14357501451,12.880540805808128,3,0,179,34
13.690572090967859,13.967445252453508,17.364734304944243,19.024911766736416,18.60646173923422,15.14357501451,3,0,180,33
16.736979141389448,13.690572090967859,13.967445252453508,17.364734304944243,19.024911766736416,18.60646173923422,3,0,181,32
21.84637910473785,16.736979141389448,13.690572090967859,13.967445252453508,17.364734304944243,19.024911766736416,3,0,182,31
26.664928637855102,21.84637910473785,16.736979141389448,13.690572090967859,13.967445252453508,17.364734304944243,3,0,183,30
22.754371096253518,26.664928637855102,21.84637910473785,16.736979141389448,13.690572090967859,13.967445252453508,3,0,184,29
21.997967264476692,22.754371096253518,26.664928637855102,21.84637910473785,16.736979141389448,13.690572090967859,3,0,185,28
17.228969620896045,21.997967264476692,22.754371096253518,26.664928637855102,21.84637910473785,16.736979141389448,3,0,186,27
14.697981539586092,17.228969620896045,21.997967264476692,22.754371096253518,26.664928637855102,21.84637910473785,3,0,187,26
12.655330391522895,14.697981539586092,17.228969620896045,21.997967264476692,22.754371096253518,26.664928637855102,3,0,188,25
12.96236741697261,12.655330391522895,14.697981539586092,17.228969620896045,21.997967264476692,22.754371096253518,3,0,189,24
9.966201195301982,12.96236741697261,12.655330391522895,14.697981539586092,17.228969620896045,21.997967264476692,3,0,190,23
9.651112971582604,9.966201195301982,12.96236741697261,12.655330391522895,14.697981539586092,17.228969620896045,3,0,191,22
6.731903157201471,9.651112971582604,9.966201195301982,12.96236741697261,12.655330391522895,14.697981539586092,3,0,192,21
2.690415222109565,6.731903157201471,9.651112971582604,9.966201195301982,12.96236741697261,12.655330391522895,3,0,193,20
-5.142224541344643,2.690415222109565,6.731903157201471,9.651112971582604,9.966201195301982,12.96236741697261,3,0,194,19
-8.340360330293251,-5.142224541344643,2.690415222109565,6.731903157201471,9.651112971582604,9.966201195301982,3,0,195,18
-12.91806371011754,-8.340360330293251,-5.142224541344643,2.690415222109565,6.731903157201471,9.651112971582604,3,0,196,17
-19.22547996101778,-12.91806371011754,-8.340360330293251,-5.142224541344643,2.690415222109565,6.731903157201471,3,0,197,16
-18.499234326157712,-19.22547996101778,-12.91806371011754,-8.340360330293251,-5.142224541344643,2.690415222109565,3,0,198,15
-17.0852717526461,-18.499234326157712,-19.22547996101778,-12.91806371011754,-8.340360330293251,-5.142224541344643,3,0,199,14
-21.447065643363445,-17.0852717526461,-18.499234326157712,-19.22547996101778,-12.91806371011754,-8.340360330293251,3,0,200,13
-16.517384972067703,-21.447065643363445,-17.0852717526461,-18.499234326157712,-19.22547996101778,-12.91806371011754,3,0,201,12
-16.4657566586885,-16.517384972067703,-21.447065643363445,-17.0852717526461,-18.499234326157712,-19.22547996101778,3,0,202,11
-16.627892826737664,-16.4657566586885,-16.517384972067703,-21.447065643363445,-17.0852717526461,-18.499234326157712,3,0,203,10
-11.108658521905772,-16.627892826737664,-16.4657566586885,-16.517384972067703,-21.447065643363445,-17.0852717526461,3,0,204,9
-15.144458998504605,-11.108658521905772,-16.627892826737664,-16.4657566586885,-16.517384972067703,-21.447065643363445,3,0,205,8
-10.979986781897832,-15.144458998504605,-11.108658521905772,-16.627892826737664,-16.4657566586885,-16.517384972067703,3,0,206,7
-10.109205007150683,-10.979986781897832,-15.144458998504605,-11.108658521905772,-16.627892826737664,-16.4657566586885,3,0,207,6
-9.318481378455484,-10.109205007150683,-10.979986781897832,-15.144458998504605,-11.108658521905772,-16.627892826737664,3,1,208,5
-4.684903391450359,-9.318481378455484,-10.109205007150683,-10.979986781897832,-15.144458998504605,-11.108658521905772,3,1,209,4
-8.727928377136202,-4.684903391450359,-9.318481378455484,-10.109205007150683,-10.979986781897832,-15.144458998504605,3,1,210,3
-0.759579407544376,-8.727928377136202,-4.684903391450359,-9.318481378455484,-10.109205007150683,-10.979986781897832,3,1,211,2
-12.894001042877026,-0.759579407544376,-8.727928377136202,-4.684903391450359,-9.318481378455484,-10.109205007150683,3,1,212,1
-1.06360016362903,-12.894001042877026,-0.759579407544376,-8.727928377136202,-4.684903391450359,-9.318481378455484,4,1,0,0
-12.054358045649298,-1.06360016362903,-12.894001042877026,-0.759579407544376,-8.727928377136202,-4.684903391450359,4,1,1,277
-6.713985398753258,-12.054358045649298,-1.06360016362903,-12.894001042877026,-0.759579407544376,-8.727928377136202,4,1,2,276
-7.921677357240478,-6.713985398753258,-12.054358045649298,-1.06360016362903,-12.894001042877026,-0.759579407544376,4,1,3,275
-15.496400787462955,-7.921677357240478,-6.713985398753258,-12.054358045649298,-1.06360016362903,-12.894001042877026,4,1,4,274
-5.4336457371720455,-15.496400787462955,-7.921677357240478,-6.713985398753258,-12.054358045649298,-1.06360016362903,4,0,5,273
-16.244627365319438,-5.4336457371720455,-15.496400787462955,-7.921677357240478,-6.713985398753258,-12.054358045649298,4,0,6,272
-3.91854057015218,-16.244627365319438,-5.4336457371720455,-15.496400787462955,-7.921677357240478,-6.713985398753258,4,0,7,271
-12.220316800847831,-3.91854057015218,-16.244627365319438,-5.4336457371720455,-15.496400787462955,-7.921677357240478,4,0,8,270
-5.961977943100839,-12.220316800847831,-3.91854057015218,-16.244627365319438,-5.4336457371720455,-15.496400787462955,4,0,9,269
-11.332814988014821,-5.961977943100839,-12.220316800847831,-3.91854057015218,-16.244627365319438,-5.4336457371720455,4,0,10,268
-10.073611560515323,-11.332814988014821,-5.961977943100839,-12.220316800847831,-3.91854057015218,-16.244627365319438,4,0,11,267
-11.468269988354757,-10.073611560515323,-11.332814988014821,-5.961977943100839,-12.220316800847831,-3.91854057015218,4,0,12,266
-13.725962271813756,-11.468269988354757,-10.073611560515323,-11.332814988014821,-5.961977943100839,-12.220316800847831,4,0,13,265
-11.808476773977597,-13.725962271813756,-11.468269988354757,-10.073611560515323,-11.332814988014821,-5.961977943100839,4,0,14,264
-18.580879812866293,-11.808476773977597,-13.725962271813756,-11.468269988354757,-10.073611560515323,-11.332814988014821,4,0,15,263
-18.623353752848125,-18.580879812866293,-11.808476773977597,-13.725962271813756,-11.468269988354757,-10.073611560515323,4,0,16,262
-16.448439536416377,-18.623353752848125,-18.580879812866293,-11.808476773977597,-13.725962271813756,-11.468269988354757,4,0,17,261
-29.763582796009644,-16.448439536416377,-18.623353752848125,-18.580879812866293,-11.808476773977597,-13.725962271813756,4,0,18,260
-16.216847746929187,-29.763582796009644,-16.448439536416377,-18.623353752848125,-18.580879812866293,-11.808476773977597,4,0,19,259
-39.4428771695604,-16.216847746929187,-29.763582796009644,-16.448439536416377,-18.623353752848125,-18.580879812866293,4,0,20,258
-15.681119262431043,-39.4428771695604,-16.216847746929187,-29.763582796009644,-16.448439536416377,-18.623353752848125,4,0,21,257
-39.434562549006536,-15.681119262431043,-39.4428771695604,-16.216847746929187,-29.763582796009644,-16.448439536416377,4,0,22,256
-23.678883129912776,-39.434562549006536,-15.681119262431043,-39.4428771695604,-16.216847746929187,-29.763582796009644,4,0,23,255
-29.441932558846435,-23.678883129912776,-39.434562549006536,-15.681119262431043,-39.4428771695604,-16.216847746929187,4,0,24,254
-42.83410041211377,-29.441932558846435,-23.678883129912776,-39.434562549006536,-15.681119262431043,-39.4428771695604,4,0,25,253
-18.259199862647925,-42.83410041211377,-29.441932558846435,-23.678883129912776,-39.434562549006536,-15.681119262431043,4,0,26,252
-55.36859459611604,-18.259199862647925,-42.83410041211377,-29.441932558846435,-23.678883129912776,-39.434562549006536,4,0,27,251
-8.203644251639972,-55.36859459611604,-18.259199862647925,-42.83410041211377,-29.441932558846435,-23.678883129912776,4,0,28,250
-59.4489012185418,-8.203644251639972,-55.36859459611604,-18.259199862647925,-42.83410041211377,-29.441932558846435,4,0,29,249
-12.584302528660695,-59.4489012185418,-8.203644251639972,-55.36859459611604,-18.259199862647925,-42.83410041211377,4,0,30,248
-43.76348182759584,-12.584302528660695,-59.4489012185418,-8.203644251639972,-55.36859459611604,-18.259199862647925,4,0,31,247
-32.499602959619985,-43.76348182759584,-12.584302528660695,-59.4489012185418,-8.203644251639972,-55.36859459611604,4,0,32,246
-23.82808291053599,-32.499602959619985,-43.76348182759584,-12.584302528660695,-59.4489012185418,-8.203644251639972,4,0,33,245
-51.31671777751246,-23.82808291053599,-32.499602959619985,-43.76348182759584,-12.584302528660695,-59.4489012185418,4,0,34,244
-9.7052083885764,-51.31671777751246,-23.82808291053599,-32.499602959619985,-43.76348182759584,-12.584302528660695,4,0,35,243
-56.494670930698874,-9.7052083885764,-51.31671777751246,-23.82808291053599,-32.499602959619985,-43.76348182759584,4,0,36,242
-10.293121562533642,-56.494670930698874,-9.7052083885764,-51.31671777751246,-23.82808291053599,-32.499602959619985,4,0,37,241
-48.824423730989025,-10.293121562533642,-56.494670930698874,-9.7052083885764,-51.31671777751246,-23.82808291053599,4,0,38,240
-25.04964951046263,-48.824423730989025,-10.293121562533642,-56.494670930698874,-9.7052083885764,-51.31671777751246,4,0,39,239
-31.07996302084735,-25.04964951046263,-48.824423730989025,-10.293121562533642,-56.494670930698874,-9.7052083885764,4,0,40,238
-40.118546063209315,-31.07996302084735,-25.04964951046263,-48.824423730989025,-10.293121562533642,-56.494670930698874,4,0,41,237
-16.187194253742422,-40.118546063209315,-31.07996302084735,-25.04964951046263,-48.824423730989025,-10.293121562533642,4,0,42,236
-52.11234739846118,-16.187194253742422,-40.118546063209315,-31.07996302084735,-25.04964951046263,-48.824423730989025,4,0,43,235
-11.751475071049484,-52.11234739846118,-16.187194253742422,-40.118546063209315,-31.07996302084735,-25.04964951046263,4,0,44,234
-46.29679906188754,-11.751475071049484,-52.11234739846118,-16.187194253742422,-40.118546063209315,-31.07996302084735,4,0,45,233
-25.74449340348751,-46.29679906188754,-11.751475071049484,-52.11234739846118,-16.187194253742422,-40.118546063209315,4,0,46,232
-29.67282830128866,-25.74449340348751,-46.29679906188754,-11.751475071049484,-52.11234739846118,-16.187194253742422,4,0,47,231
-38.74416295470837,-29.67282830128866,-25.74449340348751,-46.29679906188754,-11.751475071049484,-52.11234739846118,4,0,48,230
-19.247509198360923,-38.74416295470837,-29.67282830128866,-25.74449340348751,-46.29679906188754,-11.751475071049484,4,0,49,229
-45.837528851096685,-19.247509198360923,-38.74416295470837,-29.67282830128866,-25.74449340348751,-46.29679906188754,4,0,50,228
-18.356096651414312,-45.837528851096685,-19.247509198360923,-38.74416295470837,-29.67282830128866,-25.74449340348751,4,0,51,227
-41.93679627863621,-18.356096651414312,-45.837528851096685,-19.247509198360923,-38.74416295470837,-29.67282830128866,4,0,52,226
-30.928329556139253,-41.93679627863621,-18.356096651414312,-45.837528851096685,-19.247509198360923,-38.74416295470837,4,0,53,225
-32.85610552864737,-30.928329556139253,-41.93679627863621,-18.356096651414312,-45.837528851096685,-19.247509198360923,4,0,54,224
-45.4482729126322,-32.85610552864737,-30.928329556139253,-41.93679627863621,-18.356096651414312,-45.837528851096685,4,0,55,223
-30.769218311920085,-45.4482729126322,-32.85610552864737,-30.928329556139253,-41.93679627863621,-18.356096651414312,4,0,56,222
-53.45452811807033,-30.769218311920085,-45.4482729126322,-32.85610552864737,-30.928329556139253,-41.93679627863621,4,0,57,221
-36.698030824059195,-53.45452811807033,-30.769218311920085,-45.4482729126322,-32.85610552864737,-30.928329556139253,4,0,58,220
-46.97740330091168,-36.698030824059195,-53.45452811807033,-30.769218311920085,-45.4482729126322,-32.85610552864737,4,0,59,219
-44.022583181482055,-46.97740330091168,-36.698030824059195,-53.45452811807033,-30.769218311920085,-45.4482729126322,4,0,60,218
-38.340019539584816,-44.022583181482055,-46.97740330091168,-36.698030824059195,-53.45452811807033,-30.769218311920085,4,0,61,217
-52.75219255491663,-38.340019539584816,-44.022583181482055,-46.97740330091168,-36.698030824059195,-53.45452811807033,4,0,62,216
-30.51750404161076,-52.75219255491663,-38.340019539584816,-44.022583181482055,-46.97740330091168,-36.698030824059195,4,0,63,215
-53.190628290288245,-30.51750404161076,-52.75219255491663,-38.340019539584816,-44.022583181482055,-46.97740330091168,4,0,64,214
-30.412065559141663,-53.190628290288245,-30.51750404161076,-52.75219255491663,-38.340019539584816,-44.022583181482055,4,0,65,213
-57.40100724086211,-30.412065559141663,-53.190628290288245,-30.51750404161076,-52.75219255491663,-38.340019539584816,4,0,66,212
-32.321823561561004,-57.40100724086211,-30.412065559141663,-53.190628290288245,-30.51750404161076,-52.75219255491663,4,0,67,211
-55.07021573002753,-32.321823561561004,-57.40100724086211,-30.412065559141663,-53.190628290288245,-30.51750404161076,4,0,68,210
-43.45293339381318,-55.07021573002753,-32.321823561561004,-57.40100724086211,-30.412065559141663,-53.190628290288245,4,0,69,209
-41.49184248843604,-43.45293339381318,-55.07021573002753,-32.321823561561004,-57.40100724086211,-30.412065559141663,4,0,70,208
-59.25074744240537,-41.49184248843604,-43.45293339381318,-55.07021573002753,-32.321823561561004,-57.40100724086211,4,0,71,207
-28.453584269171927,-59.25074744240537,-41.49184248843604,-43.45293339381318,-55.07021573002753,-32.321823561561004,4,0,72,206
-62.52813366780426,-28.453584269171927,-59.25074744240537,-41.49184248843604,-43.45293339381318,-55.07021573002753,4,0,73,205
-27.690313330485232,-62.52813366780426,-28.453584269171927,-59.25074744240537,-41.49184248843604,-43.45293339381318,4,0,74,204
-58.75413151558895,-27.690313330485232,-62.52813366780426,-28.453584269171927,-59.25074744240537,-41.49184248843604,4,0,75,203
-44.91384945205006,-58.75413151558895,-27.690313330485232,-62.52813366780426,-28.453584269171927,-59.25074744240537,4,0,76,202
-49.15425129501421,-44.91384945205006,-58.75413151558895,-27.690313330485232,-62.52813366780426,-28.453584269171927,4,0,77,201
-70.98917421559001,-49.15425129501421,-44.91384945205006,-58.75413151558895,-27.690313330485232,-62.52813366780426,4,0,78,200
-36.677664068893534,-70.98917421559001,-49.15425129501421,-44.91384945205006,-58.75413151558895,-27.690313330485232,4,0,79,199
-86.68146206465211,-36.677664068893534,-70.98917421559001,-49.15425129501421,-44.91384945205006,-58.75413151558895,4,0,80,198
-38.4726224134007,-86.68146206465211,-36.677664068893534,-70.98917421559001,-49.15425129501421,-44.91384945205006,4,0,81,197
-79.48770866812211,-38.4726224134007,-86.68146206465211,-36.677664068893534,-70.98917421559001,-49.15425129501421,4,0,82,196
-57.64445875190401,-79.48770866812211,-38.4726224134007,-86.68146206465211,-36.677664068893534,-70.98917421559001,4,0,83,195
-60.54334334362944,-57.64445875190401,-79.48770866812211,-38.4726224134007,-86.68146206465211,-36.677664068893534,4,0,84,194
-81.47862622512082,-60.54334334362944,-57.64445875190401,-79.48770866812211,-38.4726224134007,-86.68146206465211,4,0,85,193
-44.647825665763044,-81.47862622512082,-60.54334334362944,-57.64445875190401,-79.48770866812211,-38.4726224134007,4,0,86,192
-95.81154206220373,-44.647825665763044,-81.47862622512082,-60.54334334362944,-57.64445875190401,-79.48770866812211,4,0,87,191
-43.177334090761555,-95.81154206220373,-44.647825665763044,-81.47862622512082,-60.54334334362944,-57.64445875190401,4,0,88,190
-91.97698723985665,-43.177334090761555,-95.81154206220373,-44.647825665763044,-81.47862622512082,-60.54334334362944,4,0,89,189
-56.112098485613025,-91.97698723985665,-43.177334090761555,-95.81154206220373,-44.647825665763044,-81.47862622512082,4,0,90,188
-64.62706670145533,-56.112098485613025,-91.97698723985665,-43.177334090761555,-95.81154206220373,-44.647825665763044,4,0,91,187
-81.75486495465817,-64.62706670145533,-56.112098485613025,-91.97698723985665,-43.177334090761555,-95.81154206220373,4,0,92,186
-38.30270907895661,-81.75486495465817,-64.62706670145533,-56.112098485613025,-91.97698723985665,-43.177334090761555,4,0,93,185
-102.62470984900013,-38.30270907895661,-81.75486495465817,-64.62706670145533,-56.112098485613025,-91.97698723985665,4,0,94,184
-29.979030797762878,-102.62470984900013,-38.30270907895661,-81.75486495465817,-64.62706670145533,-56.112098485613025,4,0,95,183
-98.08376750390175,-29.979030797762878,-102.62470984900013,-38.30270907895661,-81.75486495465817,-64.62706670145533,4,0,96,182
-43.553805835354076,-98.08376750390175,-29.979030797762878,-102.62470984900013,-38.30270907895661,-81.75486495465817,4,0,97,181
-72.15705282626345,-43.553805835354076,-98.08376750390175,-29.979030797762878,-102.62470984900013,-38.30270907895661,4,0,98,180
-70.8501443941317,-72.15705282626345,-43.553805835354076,-98.08376750390175,-29.979030797762878,-102.62470984900013,4,0,99,179
-43.01074375294675,-70.8501443941317,-72.15705282626345,-43.553805835354076,-98.08376750390175,-29.979030797762878,4,0,100,178
-91.65530132951405,-43.01074375294675,-70.8501443941317,-72.15705282626345,-43.553805835354076,-98.08376750390175,4,0,101,177
-33.99113079415591,-91.65530132951405,-43.01074375294675,-70.8501443941317,-72.15705282626345,-43.553805835354076,4,0,102,176
-97.27842161911794,-33.99113079415591,-91.65530132951405,-43.01074375294675,-70.8501443941317,-72.15705282626345,4,0,103,175
-45.188013996454686,-97.27842161911794,-33.99113079415591,-91.65530132951405,-43.01074375294675,-70.8501443941317,4,0,104,174
-82.34443800031279,-45.188013996454686,-97.27842161911794,-33.99113079415591,-91.65530132951405,-43.01074375294675,4,0,105,173
-75.63686368146472,-82.34443800031279,-45.188013996454686,-97.27842161911794,-33.99113079415591,-91.65530132951405,4,0,106,172
-55.707399220663525,-75.63686368146472,-82.34443800031279,-45.188013996454686,-97.27842161911794,-33.99113079415591,4,0,107,171
-104.87319482779576,-55.707399220663525,-75.63686368146472,-82.34443800031279,-45.188013996454686,-97.27842161911794,4,0,108,170
-37.595187032109116,-104.87319482779576,-55.707399220663525,-75.63686368146472,-82.34443800031279,-45.188013996454686,4,0,109,169
-111.89944305812034,-37.595187032109116,-104.87319482779576,-55.707399220663525,-75.63686368146472,-82.34443800031279,4,0,110,168
-47.794779737228176,-111.89944305812034,-37.595187032109116,-104.87319482779576,-55.707399220663525,-75.63686368146472,4,0,111,167
-93.22959567032534,-47.794779737228176,-111.89944305812034,-37.595187032109116,-104.87319482779576,-55.707399220663525,4,0,112,166
-76.37182244266307,-93.22959567032534,-47.794779737228176,-111.89944305812034,-37.595187032109116,-104.87319482779576,4,0,113,165
-64.69224025076564,-76.37182244266307,-93.22959567032534,-47.794779737228176,-111.89944305812034,-37.595187032109116,4,0,114,164
-99.64463837850779,-64.69224025076564,-76.37182244266307,-93.22959567032534,-47.794779737228176,-111.89944305812034,4,0,115,163
-48.09459790262865,-99.64463837850779,-64.69224025076564,-76.37182244266307,-93.22959567032534,-47.794779737228176,4,0,116,162
-109.84678961980589,-48.09459790262865,-99.64463837850779,-64.69224025076564,-76.37182244266307,-93.22959567032534,4,0,117,161
-46.65126348115056,-109.84678961980589,-48.09459790262865,-99.64463837850779,-64.69224025076564,-76.37182244266307,4,0,118,160
-91.75125310718573,-46.65126348115056,-109.84678961980589,-48.09459790262865,-99.64463837850779,-64.69224025076564,4,0,119,159
-63.85965409988798,-91.75125310718573,-46.65126348115056,-109.84678961980589,-48.09459790262865,-99.64463837850779,4,0,120,158
-64.34045596425572,-63.85965409988798,-91.75125310718573,-46.65126348115056,-109.84678961980589,-48.09459790262865,4,0,121,157
-86.85105432033723,-64.34045596425572,-63.85965409988798,-91.75125310718573,-46.65126348115056,-109.84678961980589,4,0,122,156
-51.35424735067559,-86.85105432033723,-64.34045596425572,-63.85965409988798,-91.75125310718573,-46.65126348115056,4,0,123,155
-100.87007980055343,-51.35424735067559,-86.85105432033723,-64.34045596425572,-63.85965409988798,-91.75125310718573,4,0,124,154
-51.00022384874963,-100.87007980055343,-51.35424735067559,-86.85105432033723,-64.34045596425572,-63.85965409988798,4,0,125,153
-97.02205346685986,-51.00022384874963,-100.87007980055343,-51.35424735067559,-86.85105432033723,-64.34045596425572,4,0,126,152
-62.15277646311388,-97.02205346685986,-51.00022384874963,-100.87007980055343,-51.35424735067559,-86.85105432033723,4,0,127,151
-74.81127067557262,-62.15277646311388,-97.02205346685986,-51.00022384874963,-100.87007980055343,-51.35424735067559,4,0,128,150
-83.88754727416341,-74.81127067557262,-62.15277646311388,-97.02205346685986,-51.00022384874963,-100.87007980055343,4,0,129,149
-58.165141480610444,-83.88754727416341,-74.81127067557262,-62.15277646311388,-97.02205346685986,-51.00022384874963,4,0,130,148
-96.73530890495411,-58.165141480610444,-83.88754727416341,-74.81127067557262,-62.15277646311388,-97.02205346685986,4,0,131,147
-52.62079483628607,-96.73530890495411,-58.165141480610444,-83.88754727416341,-74.81127067557262,-62.15277646311388,4,0,132,146
-99.27623878422726,-52.62079483628607,-96.73530890495411,-58.165141480610444,-83.88754727416341,-74.81127067557262,4,0,133,145
-67.01693565670854,-99.27623878422726,-52.62079483628607,-96.73530890495411,-58.165141480610444,-83.88754727416341,4,0,134,144
-87.73373430529544,-67.01693565670854,-99.27623878422726,-52.62079483628607,-96.73530890495411,-58.165141480610444,4,0,135,143
-84.34805563679456,-87.73373430529544,-67.01693565670854,-99.27623878422726,-52.62079483628607,-96.73530890495411,4,0,136,142
-76.34570557418115,-84.34805563679456,-87.73373430529544,-67.01693565670854,-99.27623878422726,-52.62079483628607,4,0,137,141
-94.7473684376671,-76.34570557418115,-84.34805563679456,-87.73373430529544,-67.01693565670854,-99.27623878422726,4,0,138,140
-71.35456965117969,-94.7473684376671,-76.34570557418115,-84.34805563679456,-87.73373430529544,-67.01693565670854,4,0,139,139
-98.48317827822704,-71.35456965117969,-94.7473684376671,-76.34570557418115,-84.34805563679456,-87.73373430529544,4,0,140,138
-73.63610001733416,-98.48317827822704,-71.35456965117969,-94.7473684376671,-76.34570557418115,-84.34805563679456,4,0,141,137
-87.93458662972212,-73.63610001733416,-98.48317827822704,-71.35456965117969,-94.7473684376671,-76.34570557418115,4,0,142,136
-88.76566272470879,-87.93458662972212,-73.63610001733416,-98.48317827822704,-71.35456965117969,-94.7473684376671,4,0,143,135
-78.19075944318332,-88.76566272470879,-87.93458662972212,-73.63610001733416,-98.48317827822704,-71.35456965117969,4,0,144,134
-100.22787750478595,-78.19075944318332,-88.76566272470879,-87.93458662972212,-73.63610001733416,-98.48317827822704,4,0,145,133
-72.83858473793296,-100.22787750478595,-78.19075944318332,-88.76566272470879,-87.93458662972212,-73.63610001733416,4,0,146,132
-100.69793796198842,-72.83858473793296,-100.22787750478595,-78.19075944318332,-88.76566272470879,-87.93458662972212,4,0,147,131
-79.98650166165194,-100.69793796198842,-72.83858473793296,-100.22787750478595,-78.19075944318332,-88.76566272470879,4,0,148,130
-93.75274018744858,-79.98650166165194,-100.69793796198842,-72.83858473793296,-100.22787750478595,-78.19075944318332,4,0,149,129
-94.37365641544548,-93.75274018744858,-79.98650166165194,-100.69793796198842,-72.83858473793296,-100.22787750478595,4,0,150,128
-86.12635797115686,-94.37365641544548,-93.75274018744858,-79.98650166165194,-100.69793796198842,-72.83858473793296,4,0,151,127
-102.31264688664236,-86.12635797115686,-94.37365641544548,-93.75274018744858,-79.98650166165194,-100.69793796198842,4,0,152,126
-86.73809872665194,-102.31264688664236,-86.12635797115686,-94.37365641544548,-93.75274018744858,-79.98650166165194,4,0,153,125
-102.68177237176889,-86.73809872665194,-102.31264688664236,-86.12635797115686,-94.37365641544548,-93.75274018744858,4,0,154,124
-91.41028220989652,-102.68177237176889,-86.73809872665194,-102.31264688664236,-86.12635797115686,-94.37365641544548,4,0,155,123
-97.04753448157992,-91.41028220989652,-102.68177237176889,-86.73809872665194,-102.31264688664236,-86.12635797115686,4,0,156,122
-93.12257731285672,-97.04753448157992,-91.41028220989652,-102.68177237176889,-86.73809872665194,-102.31264688664236,4,0,157,121
-95.87962064416143,-93.12257731285672,-97.04753448157992,-91.41028220989652,-102.68177237176889,-86.73809872665194,4,0,158,120
-95.76904400164848,-95.87962064416143,-93.12257731285672,-97.04753448157992,-91.41028220989652,-102.68177237176889,4,0,159,119
-100.44754450102188,-95.76904400164848,-95.87962064416143,-93.12257731285672,-97.04753448157992,-91.41028220989652,4,0,160,118
-98.22135178703309,-100.44754450102188,-95.76904400164848,-95.87962064416143,-93.12257731285672,-97.04753448157992,4,0,161,117
-99.09993748924205,-98.22135178703309,-100.44754450102188,-95.76904400164848,-95.87962064416143,-93.12257731285672,4,0,162,116
-98.71106850994889,-99.09993748924205,-98.22135178703309,-100.44754450102188,-95.76904400164848,-95.87962064416143,4,0,163,115
-102.82783108158475,-98.71106850994889,-99.09993748924205,-98.22135178703309,-100.44754450102188,-95.76904400164848,4,0,164,114
-96.94073973900593,-102.82783108158475,-98.71106850994889,-99.09993748924205,-98.22135178703309,-100.44754450102188,4,0,165,113
-103.52988847570172,-96.94073973900593,-102.82783108158475,-98.71106850994889,-99.09993748924205,-98.22135178703309,4,0,166,112
-96.71845448255488,-103.52988847570172,-96.94073973900593,-102.82783108158475,-98.71106850994889,-99.09993748924205,4,0,167,111
-102.53532066736224,-96.71845448255488,-103.52988847570172,-96.94073973900593,-102.82783108158475,-98.71106850994889,4,0,168,110
-102.67164942954741,-102.53532066736224,-96.71845448255488,-103.52988847570172,-96.94073973900593,-102.82783108158475,4,0,169,109
-105.99149997264176,-102.67164942954741,-102.53532066736224,-96.71845448255488,-103.52988847570172,-96.94073973900593,4,0,170,108
-105.6205352230366,-105.99149997264176,-102.67164942954741,-102.53532066736224,-96.71845448255488,-103.52988847570172,4,0,171,107
-103.07341199077631,-105.6205352230366,-105.99149997264176,-102.67164942954741,-102.53532066736224,-96.71845448255488,4,0,172,106
-104.46674013273936,-103.07341199077631,-105.6205352230366,-105.99149997264176,-102.67164942954741,-102.53532066736224,4,0,173,105
-103.41476002218081,-104.46674013273936,-103.07341199077631,-105.6205352230366,-105.99149997264176,-102.67164942954741,4,0,174,104
-102.06949912568942,-103.41476002218081,-104.46674013273936,-103.07341199077631,-105.6205352230366,-105.99149997264176,4,0,175,103
-106.12584726124071,-102.06949912568942,-103.41476002218081,-104.46674013273936,-103.07341199077631,-105.6205352230366,4,0,176,102
-105.26745901700761,-106.12584726124071,-102.06949912568942,-103.41476002218081,-104.46674013273936,-103.07341199077631,4,0,177,101
-108.75011296442382,-105.26745901700761,-106.12584726124071,-102.06949912568942,-103.41476002218081,-104.46674013273936,4,0,178,100
