0
-0.2569168784221021
-0.04515703480212088
0.08761645669137647
-0.5879457971755812
0.04832064991106222
0.579774048367935
0.10742571384193923
0.5182815747105479
1.2649336867087253
0.09542272090673076
-1.2735279409772133
-1.051220073582213
-0.7518442614409824
-1.4537111539202672
-0.5422507405941959
-0.2287265710791952
-0.6379900795257576
0.6028440505136583
0.2379250361507912
-1.3519983779738247
-1.3935887402439455
-1.4314394562399948
-2.1703295167534358
-1.652506467590624
-1.158757800775295
-1.402722157644159
-0.6033495856601655
-0.7428799982503648
-2.31355286033702
-1.9243822060355107
-1.3027105652405688
-2.6612587382355946
-1.469849416577055
-0.19868815221385414
-1.3381199045993062
-1.048908669197412
-0.3548057071421929
-0.8743275802620193
-1.8182156506482903
-0.28804235419959323
-0.6647589347209827
-1.3021618693973518
-0.35444166702042285
-0.43935325804266717
-1.5440246662426615
-2.1881673748573527
-0.05027316032912399
0.49968866218561514
-0.6441976555326339
0.058108205854488976
0.7871016503943462
-0.80375070745342
-0.9071495386402502
-0.6106978492304744
-0.7081213990899782
-0.7985280193133459
0.5064289075558748
0.9887038079650274
0.6268208632737928
0.7034074049117731
0.38511432796713074
-0.6673214551817435
-0.1745723136050461
0.8885734563657539
0.05400717831474028
0.7330895436808308
1.3689087521915035
0.752639672158282
0.04883324105598308
1.2569914772572492
0.542611614032893
0.5343009033142918
1.3694797720950105
0.7886900573958058
-0.12212288850447345
0.16164213073607003
-0.3105593407007136
-0.726095529885749
0.8171952490678996
2.4128763169980845
1.725893614426689
1.7535932243610162
1.2993259051634314
0.29225785307913543
0.44498446801783764
1.5393640508941027
1.519010004816731
1.1010403663625206
-0.32297182565997384
-0.4955018956059367
-0.01709486716717551
-1.141715230235991
-0.40691570073494976
0.03900868477747227
-1.5114165235213926
-1.889159876782728
-0.132221029297088
-0.7271438632227178
-1.44133804389711
-0.007899511885410132
-0.09340044122924285
-1.5286978074229907
-0.7528947725469869
-0.21303854896855823
-0.6800209712322677
0.268825627999394
-0.7424713114936781
-2.2555422290254077
-2.200250864012617
-2.2164079569901576
-2.6533020590435803
-2.4880514267398306
-2.630055102323306
-2.350615990065328
-2.0662824074259127
-1.8655032234866709
-1.7885543282050742
-1.3006532717048376
-0.5712602634798569
-0.08009945682290825
-0.4852108861615303
-0.08865809900258226
0.7797995450411903
-0.4483138625379943
-1.7479966016652069
-0.7906888439384573
-1.067485788741927
-1.8339702191111877
-1.308876177987178
-0.6170147329122447
-0.5240264710465028
-0.30547417590631587
-0.06543310630889751
-0.4516979084900291
-0.43557527449676486
0.2932750074121293
-1.0630536379056386
-0.9030905727451182
0.5876055823342186
-0.7856132879837696
-1.4784813712530396
0.4654146844698611
0.38774639084768414
-1.1428963514909765
0.7428121976083312
0.9676762286361316
-0.9642839867488275
-1.245747996861574
-0.28403176182020373
-1.1457155007776492
-1.2201487709335708
-0.1802663138347747
0.05430630667337055
-1.9060494759803666
-0.9733800129667685
0.3325146271747563
-0.8997444972704982
-1.7010208052971951
-1.0053346225669029
-0.6408525997739909
-1.893174168464799
-1.1445456267637062
0.7370231976027256
-0.1489493556747422
-1.6035380217310662
-0.3844088551489406
-0.4141320678217087
-2.9274333399173917
-1.5429276870378605
0.32155453668579725
-1.7479952857871586
-1.5794770014312445
0.5174953502559174
-0.1751567482397799
-0.9613562959765498
1.1583418267398946
0.44397071095557383
-1.0185415278265162
0.7127799270478294
1.005115263844514
-0.265887197180739
0.6361082568336074
1.7096827464701867
0.4768202709027089
0.5514410764557535
1.643867270635615
0.27366944451754316
-0.2670538400062126
0.8808950100378372
0.3788297841790542
-0.04119005284327104
1.577530416751873
1.6743852920306233
0.8670635250384083
1.4924484163524834
2.0771486919124196
0.8544477002982327
1.0459226718964687
1.788604500197121
0.6004696650967026
3.3678083608311242
0.14008607823145525
5.0776897490753266
-0.38026836388994933
5.697774055674962
-1.0170074677704206
5.504111500987043
-0.5835257062953614
4.798106245934985
3.010314491450284
5.830303828148098
3.8641310965844173
5.266777103901395
9.578067208547512
3.3043305677569803
9.869081143058509
3.2533557595546183
12.055300733635546
0.5212437864258428
12.645618809052507
2.457385381545301
11.613704014838046
0.9663308439840428
12.150393217237447
2.20749947288343
7.415429276715177
3.879351839315331
7.328618002089577
4.30992472788699
3.107591179538705
3.3064636399559824
0.9424673931083243
3.183366920815499
-2.8669502386731254
1.4774477485759236
-6.171274465902597
-0.42380520017104306
-9.482895320698923
-2.6876318090191296
-13.209518258493155
-6.276379130438736
-14.357443047439867
-10.91159120781119
-16.68044328710771
-13.231943592404782
-19.35719037812343
-14.799977890813647
-20.20266170645491
-19.151239895575102
-23.27365565182986
-21.21074355645515
-21.942548622803606
-25.464918848955804
-23.292373393872257
-26.94660189759128
-24.698354308677867
-31.83410810353294
-26.226414386615676
-29.376503930691957
-29.887904508567004
-31.215361752512862
-33.14211153248013
-30.234939213102088
-36.89092717193688
-31.23906496079307
-37.39996556657137
-30.929877726427097
-39.059390280603424
-30.05209429933633
-39.915285969577795
-29.312358151453775
-41.970101378521555
-28.63593458426459
-40.920817792473464
-31.11116493780343
-41.897559600797734
-31.947282332861423
-42.088892520663975
-37.712079806166045
-42.33777430856646
-40.02843983374163
-43.2006607249167
-43.596425900417124
-45.09144080233318
-50.2003004547136
-47.62606490672528
-56.21789229470437
-50.21493201770174
-60.373315489046306
-54.9443710819186
-63.818026937752386
-59.01368757245037
-68.53511531520772
-60.90407522082969
-74.01784798452357
-66.11342456093901
-77.3593872890451
-71.81186286725438
-79.18091196196332
-76.68259515353067
-80.8208898461495
-81.6815844746279
-82.51133560644762
-87.52674058526566
-85.46157260502743
-92.8806557728363
-88.03755453190894
-98.89066865544775
-92.65911610332194
-102.66609226696443
-98.10545693817997
-106.17871123670622
-104.9493641754093
-112.76121967694657
-109.14315035307968
-114.40411157517106
-118.43824331966826
-117.12543174011932
-124.29272891297872
-121.20374040877063
-128.82834263866732
-127.10575016927963
-129.60767951888658
-130.35971221534976
-130.1282765311384
-135.3093038388687
-127.34704337681292
-137.62878622126868
-126.69400733568986
-139.5065547019075
-123.93295856460955
-139.40129557832063
-126.1427486614557
-136.78279142058477
-126.95167878988295
-133.7375339902489
-130.70809751948002
-133.54896472757537
-131.67993307704387
-132.0692551206219
-133.76939467416227
-132.64702549478017
-134.8454309201797
-130.92872218493875
-135.81966915783534
-131.19753140993438
-137.5615793979009
-132.18521919948637
-139.5225213518075
-133.0119400124135
-141.72835109813917
-135.48261562600396
-141.05652223684095
-138.98137808691004
-141.38310534570508
-142.2303895617446
-141.63373449335515
-146.292984884068
-142.4614595496725
-150.25566490160168
-142.0040074910741
-154.00800240447836
-142.9181969167803
-156.52344192834423
-142.9659092075735
-157.9291184468533
-146.1073008264118
-157.82397448337863
-146.89901278361896
-157.09165472333314
-150.39064950376292
-156.45407729085753
-152.51592492830127
-154.55551585947165
-156.52965301501774
-156.19444454414506
-160.32203005086677
-156.55686187890723
-163.52954811458665
-158.79760521399777
-165.49203244114454
-160.60232810643205
-165.00374714907377
-164.81781208377086
-163.2118198624884
-168.1555708838896
-165.22120053388454
-172.47713050663637
-165.23990206541959
-176.2410922307897
-167.79646051645062
-177.97901072960104
-170.9941897260378
-181.80238663245626
-169.72724943317334
-185.66394427282987
-171.18707683989757
-187.38893639851102
-172.63511808114902
-186.90045057883174
-175.3807737719085
-185.3413943832687
-174.00754784465676
-183.6489785328068
-176.0086938776455
-191.60348053743698
-188.1517732616125
-195.04505020628656
-186.7232401866279
-191.19356454675105
-183.37486266877409
-187.48735680077
-182.17345437252342
-188.62253439015734
-185.1869429521591
-190.67980640642844
-186.07008469122937
-187.3433452163957
-180.16061634180653
-187.78128726834368
-180.82986175879083
-176.613827045187
-168.54438573141582
-176.97792696891688
-179.8727680177025
-183.79609109367436
-179.90250441406891
-181.6851526368676
-179.2521831115303
-177.47735660733616
-174.0418454712036
-175.65854958801447
-175.8212592689195
-181.36891611439813
-185.72272314074314
-187.87291931033766
-183.79378195573602
-179.23832241225676
-178.2784262746739
-179.2119814106345
-178.97234672867808
-178.67369541306238
-184.0390736481835
-189.44993987608
-192.21222879910601
-186.71979445579603
-182.88209894758464
-181.562761745871
-180.2928641019913
-181.70975368494405
-184.63087053052897
-189.85340766763665
-190.75201993327167
-193.39991411233362
-193.7037506933202
-191.21654217792988
-190.59485060093843
-195.59896128593195
-192.51287455959374
-192.70046375758855
-192.40066873349767
-193.49536107251888
-190.60522747841796
-192.8274926000856
-194.6271182811127
-191.3329612215271
-187.23104104954717
-189.7088093245242
-193.23922484447056
-192.76101066456164
-188.05505956522035
-190.12520812985295
-193.12526098816068
-191.46171624377598
-189.89144685923787
-190.8661563910506
-190.45085012458892
-195.61163403980453
-193.24283008697483
-192.65100152966778
-185.01672334889457
-187.86890912186664
-189.63764330626333
-197.06916520502207
-195.08680889241458
-195.2923163466699
-197.18413919182598
-196.56254501277672
-196.47372956578067
-197.61532889456726
-195.4908004651029
-194.93490906763725
-193.42912434952774
-194.60187128085704
-195.74487615568356
-195.14891781688732
-195.7005417003088
-192.4001229934442
-191.20393976734056
-191.6890989611927
-198.1836546077377
-200.40736152790032
-199.9268572968539
-189.19557448177608
-190.64865485070575
-193.55745065186085
-199.15919212828993
-192.45883242503533
-195.30491774967123
-193.48504537045264
-198.2940426858079
-196.02879477982714
-195.23466747887193
-194.4949490527328
-197.70859237445663
-193.82182364693125
-197.50104059444567
-197.59007546687835
-196.30104604909482
-190.95809238653214
-196.13753834126442
-197.1452532389404
-195.69892721174284
-194.67661152135872
-195.20671341212577
-192.03225336800455
-192.95145729917192
-191.54703095228197
-190.41774258544615
-191.59597591688663
-195.4293145749029
-192.47630714780215
-193.5985401721782
-194.5861414048859
-194.14295243163753
-192.6498911366241
-196.00251489445486
-193.3958425188132
-197.06128486386456
-197.214505766027
-200.00098864286534
-196.48343152419673
-194.9705663128546
-193.12533166779278
-202.0191819170603
-203.38135614207073
-202.07559220378812
-196.27173599551543
-199.69001694498547
-202.98895358601592
-203.75912699023783
-203.47471857341012
-202.6700818898415
-197.75464628849403
-199.08440311679385
-202.74407484437535
-207.44907995211943
-202.9352013494751
-197.0376873314765
-192.37185118284742
-197.13586622807168
-197.85102638593884
-200.95178853951185
-200.37672656645645
-202.6052004260135
-192.58918489152387
-190.84382922964244
-193.8968246917919
-201.53316051784168
-201.8576449573977
-208.66840307148829
-210.48519612521707
-206.22305760093911
-197.0640522125837
-198.48263730122127
-208.38378004239652
-209.4787196499284
-205.36808871326699
-203.522525768371
-203.43145461829937
-199.7252639083976
-197.5153788419948
-201.62278460018865
-204.18948685860224
-202.41995518132268
-198.56328355778285
-195.56340118119823
-190.5525810447966
-193.87330868422248
-198.3014305305521
-202.04660245079162
-200.16569518774025
-196.67520698955605
-195.3343764343909
-194.86116975729087
-192.59465352763675
-192.65388327267164
-192.8418222725974
-190.77604375702902
-194.13103062217158
-191.40945692154057
-192.0290142019341
-193.15652830513173
-201.54266475058546
-194.2565025048748
-203.01107449944354
-199.77486709404045
-204.54336182774887
-203.85730061733275
-207.71091910126862
-213.08012262911947
-209.00080497220998
-216.19320052890555
-216.20410918024618
-219.23336646949136
-217.87913261934423
-227.34133979322561
-223.1740157055473
-230.89003499484153
-225.9576521531463
-235.9037427789805
-229.13159994232765
-236.74824858664036
-236.02737642358414
-243.08208311002986
-243.37324157909538
-242.85389546967107
-250.9982537485056
-245.47316215593565
-253.20166367145026
-246.19179572615323
-255.45118112690028
-253.8304368177223
-254.46654859696915
-262.5509254768459
-253.8167322750452
-271.1287722651751
-255.42562282260982
-273.80028913256535
-262.10550548978966
-278.014953862069
-265.39586038405525
-277.75522331824914
-275.5920644708916
-278.10886547420375
-281.19390017239823
-274.6378208303373
-291.0042740500178
-273.3522420122331
-297.03457730742616
-273.68439533043636
-299.8789946790574
-275.9596716490121
-305.19210949640365
-280.87707642145176
-302.1602249748514
-298.65037583626446
-297.9803300642394
-306.4716815240973
-293.0238685457007
-316.8875238898035
-290.8945404283385
-321.893127346784
-294.54924503844063
-328.92221008302704
-296.9430006516851
-325.9148073459428
-310.65456395277465
-323.96669121504203
-317.60033360830676
-322.47772044376364
-326.9452115237849
-324.19416688911133
-328.4201843901115
-328.5729584302619
-331.03084008881353
-331.69300725316316
-334.81306761034796
-336.1954947809976
-336.594157758449
-339.333722908096
-336.6716118353087
-344.8638203379934
-345.29672999566685
-346.8165052546441
-350.7722766184926
-356.1699396854638
-354.7008227995898
-366.0621372941299
-355.10082286450114
-369.62050248849437
-363.0181166070539
-371.47194374734124
-370.1257392539143
-372.6701573292979
-378.2435699517645
-367.0878118919192
-380.11442910500017
-368.3029753259743
-382.59985311758925
-369.97937532371554
-384.7843954689465
-369.50464614242685
-383.77175283135176
-374.42087402838854
-380.6580862787208
-377.8535178518618
-380.1839964130559
-378.9378290706326
-379.31761067551827
-375.8296542285693
-374.92751927000006
-375.8494822485383
-372.8672010766625
-371.2200225003914
-367.8004792476593
-370.8639304376658
-371.1267555918884
-369.68434251805303
-366.5828024630527
-374.05796275284484
-370.8463901459747
-374.07489636296185
-375.2576469899833
-377.29562896635946
-372.4101360029691
-376.39625891924084
-373.1951452080287
-379.2196620342528
-375.681102717857
-380.3077779946558
-376.8131776219761
-384.892890013059
-377.54411874060577
-389.1684977773389
-382.1559751474838
-387.4694041356091
-388.38643989653355
-385.40805542722757
-391.8556258798542
-382.585531727573
-395.23811918262857
-382.53463573946294
-396.42292939217157
-383.71152671002324
-395.6997430639594
-384.13100491698316
-392.53538912073674
-389.98113701463427
-381.1746463852119
-397.8054715954823
-373.9563946102868
-394.8000587046875
-371.36467332635243
-392.08303127873967
-366.4729497291158
-389.8562844359977
-366.7921010918405
-382.42665995885864
-371.38147851620965
-376.2454731641799
-376.5694657634707
-374.21733179164164
-375.4034811977532
-367.8501056630888
-377.78817531160433
-364.8000334681522
-374.90148292195516
-362.57531754119833
-365.3349976732214
-359.3954816015226
-354.6719435562503
-360.65191783796865
-344.7842969414522
-356.86206900033665
-339.49501512397916
-358.3309002565117
-335.8833544835162
-349.63172640805294
-334.6861506100321
-345.0995763953822
-337.0387006751103
-333.3023774526887
-333.3274330057794
-328.574366236106
-327.09518023743624
-321.05780557044216
-326.2549180243167
-319.4579348029506
-319.50007102876145
-313.750554794579
-317.815595583306
-310.40014020702904
-315.5270736516817
-312.0213546894778
-312.0588899546593
-314.5507411331256
-308.9772887421375
-315.26593861366075
-305.3642755927366
