0
0.4393534834999905
1.3591602770926863
1.4455899071840839
2.0584290861193124
3.169433350343529
2.791105366287013
2.094585936410846
2.30971820282058
2.999021233199022
3.2075783228174233
3.256756560032972
3.9476315343306974
3.9986053649650346
3.662335985143925
3.9308329063091185
4.020093552684853
3.295353824945127
3.0307997564928373
2.954552523933695
2.7035677748795988
2.4373691848710695
2.5985049892745256
2.905906170531518
2.30528524603299
2.5591987724907423
2.529109059173005
2.2455174016060084
2.2084031639544253
2.861467911832214
3.5043274536507365
3.718341865556626
5.055513996025543
4.855717135212602
4.559152832235682
4.449116408818735
5.4084009199710605
4.972901554553125
4.463323539135258
4.974324331231192
5.516431213627525
6.219763774421322
6.51815888174331
6.72243040810947
7.096523772620106
6.301203215892154
7.236024129792475
8.32615618153683
7.055102299649584
7.448642293276705
7.977408798915163
7.07474411018221
6.762409669721383
6.736496057224027
6.756364222231631
6.077839186537454
6.540533968219136
6.586014867497344
5.609927359598341
6.089152048776444
6.231756651217492
5.279165122509895
6.026931917767405
7.013547361221988
6.3470650826192525
6.402063410431445
6.947094238919597
6.414160484316503
5.806979445724394
6.612133705857368
6.214142636243045
5.358527612590632
6.164956322733972
6.586691019004923
5.331986117523558
5.482704259788919
6.42362162426695
6.916968104796576
6.801378077617742
7.19533015784046
7.868796758974164
7.836657981649196
8.83747136097575
8.06441685165413
8.00394168135808
8.337616245896825
8.256011058672689
8.792542850576227
9.220153354273087
9.409728688546906
9.468885074431336
9.591025649429104
9.037385928601605
8.564293928516278
8.953988804771624
8.375263994614896
8.265582069737349
7.5875124925311
7.179429318033831
7.491133965405834
6.308759214139956
6.741434206014281
6.743693250928735
6.0511407087238
5.424990094680603
6.0103885627550175
6.509667010542332
5.829083635664581
5.384605625511636
6.164427462030895
5.725063149399316
4.972170683241808
5.101224158154326
5.870836114560274
5.640224413077596
6.383805338875335
6.346249286248851
6.069315330823498
7.008381906241438
6.320213121672906
6.675296994000428
7.651834310826484
7.052723247507069
7.632573678775763
7.806552470146599
7.116299846881771
8.433473830489968
8.52999623062198
8.814510472886356
9.375324183698739
8.931432359751634
8.84544711963136
9.261800705554874
8.771256479259858
8.527350051306493
8.447603558724516
8.72642211169562
8.697731635586319
7.566610878579256
8.248864020951997
8.852589734994742
8.350942368797257
8.535605102751775
8.410180867531018
8.51349002525242
8.97723186200362
8.190677031563991
8.37998792248432
10.328160714601294
9.795461370518794
9.766548828786506
10.711774520481608
10.50977638583396
10.20591033434861
10.893560555630424
10.315341978146773
11.096675570812092
12.076433156170307
11.932909118781135
12.814198605961577
13.415683025639657
12.916939375057567
12.771887809538873
13.794434195136413
12.936944790456387
12.597764699600734
13.434189322547802
13.353592346982605
12.861362927745635
13.745010061820171
14.051834476231233
13.321419426757688
13.6160932934387
14.205539998445188
13.963111638786904
14.16655759061244
13.350968906044214
14.49214823799461
14.1667248265791
13.084121850506214
13.708931504111286
14.479973099032579
14.61760044069224
14.509699670731147
14.689283324577985
14.742607637746573
14.87162362177147
14.9223759376056
14.695623504331024
14.506611486389119
14.866321133350027
15.542487154567505
15.930413938200335
15.29806561289383
15.66271732588343
16.787129729667406
16.216881488561086
16.081553225463804
17.020587013895312
16.348333208613067
15.772361574622538
16.47654128879066
16.146095529221217
15.214733873045915
14.788079386833475
16.01681561897695
14.909422856716368
14.065498331270488
15.689682051071587
13.23553674489445
14.281026318350575
12.422275424179375
11.850518153239115
12.552854337583558
10.742809288744805
11.669946508269305
11.94338099031644
9.780832221724166
14.23056353548038
9.703410225970112
13.738966933583718
9.270635540373815
14.960008708186598
10.00901958754365
15.157520249543726
10.536415418625532
14.954089440292023
10.978109402014017
15.052214864626091
9.138031547563862
17.35768306293955
10.374957367128136
16.76761817041744
14.427802189747068
16.051625966020264
18.385226066843817
14.545133962164043
19.277586186280345
15.191198455280343
20.506421763776725
16.882138167713883
19.871825269841715
19.18639177799862
18.22659111373889
21.525976158436887
16.175901087530633
21.345971023972027
14.616036417553229
20.383678568535387
14.850093372443553
21.100037517667918
14.3407795026497
18.97077239064219
13.936990110941228
18.42048685200902
11.632743264796748
22.297797085412522
11.580865215696697
23.584948146425344
9.915221824501689
23.41378111268307
7.5581858314520955
23.14124940304005
7.980565061909606
21.03399143990495
10.670505102324846
17.76975931110479
12.11743773675256
15.283735981305375
14.750743167205194
15.232226859786318
16.334553105538504
16.873222018050434
17.884828998040394
16.654572440517885
18.49221570485914
18.12993368959413
17.931069120338424
18.096320719901943
17.89016583473263
15.506377634497934
18.218708097471982
14.91672289969136
17.64471199872679
14.682584046176327
20.080239144321503
13.581191473759832
21.229426159695144
12.712917738803696
22.447875015371597
11.54786604304307
22.583249998996077
11.766566494195457
23.513491796845337
12.352180807586109
25.367086985322292
15.564179523969203
22.450081921153615
16.66692419011464
19.332467937373803
16.40643013896638
16.27179315712811
19.829897658994497
12.976864554888879
22.172616012220658
7.894670445053684
24.05450424065314
6.620573671188515
22.8173117991341
10.585747791534725
16.448777795425162
15.023315657549212
13.010383349918127
16.977505899302496
11.732741617064205
18.976148128130866
6.061625094003987
18.303427802506704
6.885165611470345
16.29325367449163
10.468886269618695
12.52786299786309
9.407484735372233
7.88965187111879
9.701321491005814
6.886936004033833
9.65760072571829
9.020111114321498
7.397106638685434
11.809772360270333
5.226168475544492
14.223174566251632
5.387009992658065
15.644313909164408
4.48720668726552
15.187952266382585
4.668793902488881
16.45095160790435
6.402946476017845
13.266735594793913
8.88814441868544
11.667841804614195
10.945029261934446
8.831245050278092
10.697303389155458
9.416824709931664
10.086967302633882
8.595730241809852
10.841473692087884
8.004958470310084
11.90897872285894
9.298172575202702
9.690082421986794
10.211318866061031
9.561605278765494
11.47144512720395
9.184898150552211
11.379232484299333
11.617107672250839
10.023011793135183
13.0433379687304
9.326257742122463
13.31666662315867
6.8745240175330995
15.112791307241118
4.4467995601516535
16.9747114338374
4.937687840944812
14.18986558615595
6.443629594663469
10.957939070801965
11.680550211364329
5.308967756101245
14.446479954277104
4.27470365003728
12.704555485221674
2.9796971731201407
13.184756660822764
2.347248999577287
11.493761739530788
4.015797548382235
6.656367802426818
8.02863920749446
3.6625147370238427
11.334383492614203
2.93203343615892
11.806212106936474
0.9605761048073957
14.86394503597633
1.8095276435716825
16.615398787768914
3.448046211153704
16.671040535345764
8.556816181252827
12.387049689390523
10.200125561531081
8.978904979239058
13.109204950812217
5.981157022219222
12.989777218255902
4.035652971502037
9.14440036579693
7.083120715735418
5.966765077739746
10.072230770918065
5.945018788129033
9.373357548370281
3.6560280540613244
7.805232789247353
3.5744794888519946
3.7380097700700325
2.486539746193124
6.175937302587181
3.1732875959677216
0.7419484501421909
-1.5417846980351961
-5.022137498269291
-3.504868159678976
-0.32073779094045785
2.0463249027649786
0.9151499617704912
0.2174787460688304
-1.639632790270978
-3.623767492153493
-4.790582609354807
-2.118199032420139
0.7538552332862163
4.717737530619734
4.186204095018246
4.169958064843065
5.436459882722653
4.367564908044013
7.450104633109507
7.555976788772801
6.394530589937082
1.5589665986990626
-6.624378854776381
-5.338103564189726
-3.201904692285355
-1.2680424267954997
1.8022941332048499
0.5778671391427901
5.7608340502876025
7.615978418521653
6.799322235433577
9.02193729069205
15.299119414736719
15.046978794474903
15.300169284245952
8.382654979689644
3.9494041392550026
4.043794682973995
1.352184799012039
1.7893788424525348
-1.102075717071238
-2.419312373495273
-0.08808813492578693
2.2042914892703096
1.3130056117076085
1.390359362414411
1.1278077195373082
4.314829743746004
4.238958707896263
4.633620593536219
4.174065225240733
1.471522912872382
0.6556828048650403
-5.162079748807865
-6.799003999893787
-4.594842599762348
-2.099122383013332
-0.6894887902474872
0.16085099959909388
1.185427975031593
4.490189409333298
6.332122717668831
7.866372296984207
11.027088193871855
11.49995546050185
15.523178248515755
14.953391295600461
15.708931692602361
17.625420804819917
16.35773363278208
17.23289434839519
20.733138941502165
21.750991302106957
25.383701694497457
28.90899215491898
30.21594990739617
31.736354856277803
34.12723461677342
38.328528091363395
40.178313832246594
41.70686854278101
38.994952461748554
36.431806892098216
34.05251477473558
32.3726614666941
30.847401459789058
29.574605604432445
25.370946693559546
27.464374900972643
28.03271339043425
29.025297216377673
29.20044487704873
28.533487149905877
27.56142489209856
29.219132113218183
30.181680795616835
30.574759762166522
33.24603237209474
34.919237493278956
35.47760089817068
40.06857052927751
44.14022677210865
45.197080717003935
49.914289168341384
48.70892159671851
52.18290984248543
55.9392306167876
55.19771001053508
48.905773389581945
41.95964913342676
38.722365818995655
31.480595290554064
30.624707434152317
31.532524186945903
32.111929531364666
28.27122868542191
25.157022812432736
21.08993553794539
22.9374170143172
19.8569853879048
16.297533855608172
11.407930774335252
13.576191991905066
18.523707415979153
25.955134924213596
31.844613891960183
35.25666120106749
33.55132707297561
34.51420440350798
38.37676193554468
42.344262058367995
43.02421255210807
40.9004744242016
39.910340916776086
40.913202039690724
39.32243903914154
33.436404140836686
28.570378846564097
29.010934024867268
29.023278895524513
26.659675538990108
22.014663689357224
23.20154193000416
24.413116957816648
27.603852472790056
28.163390441332464
38.43776106336877
39.38091326004791
41.698772664695525
42.472913603460384
42.28922652752359
41.355065969833106
44.169359611495025
46.43098176645254
45.79690912421271
45.36618299776369
44.99993949789593
47.10785895045869
48.27904768796458
41.621130069797395
37.99059043946797
33.81561457718236
32.103042313319335
31.262859403084757
31.672541005189316
31.2984467963854
32.76040518219962
33.82433363800889
31.914055574792304
29.58961348142958
29.84211738163245
33.76851208451753
40.709568798918475
45.01932247196952
45.565866745933285
44.950447886409556
48.36376341350052
54.34967313453854
57.24404418536416
58.9872911423296
58.674271154893205
59.53815456381617
60.37339157629028
61.274860355656436
63.103136738493845
67.91991703894216
70.57403932658787
69.45074969152596
66.40428227198193
63.83865943176885
60.152322129700465
57.23459656238637
54.05579272171796
58.93096973349973
54.76791869078645
55.10249494894535
52.20417493506105
46.70899588554273
46.4500629805658
49.67923552930095
41.9278977109769
48.677847836184114
46.176108451297516
46.16107092346768
51.270153921884315
42.71565122504857
56.55783102158907
41.21749350187967
53.993504107149796
46.35460371629872
48.30990935605455
53.02277840208943
41.73727859411949
50.866826392081926
43.64143101956704
47.38608059647253
43.25011594774464
43.67761421363634
41.634938709678266
43.014654276988715
38.93692036126596
42.531042914046765
43.68479076641801
40.29778044129739
49.3156310273433
38.50473474504502
51.70169689166379
39.60195071334034
51.66079329596066
40.83008643718475
42.51055697996412
39.65634432921068
39.771308519197746
42.76725938002631
41.42021282747259
47.77167217736296
52.358654565439785
49.77243937527104
59.6519661325315
54.17761826661279
64.01198165459836
61.27458776073379
59.38888211997222
64.32953984425845
56.80125016578796
63.982548500004775
52.18536220409838
64.47293939968861
50.04063609478815
62.07058392935249
53.90524488596725
51.29088386322802
59.72335869088872
47.88137863014929
58.53798799390577
51.63130113871138
51.56284405890982
61.256254063063395
41.879812035059096
67.98489033104701
39.10711083065626
72.76156694135331
41.84293944386041
64.89700332118294
51.7218173871409
51.459139709683875
57.75350360012468
38.443221256928936
61.61061307552085
35.1450578992058
56.10544420408074
39.98826113274847
50.42484098645336
51.03436021990078
45.65290439548238
64.6904279848407
40.22593051871965
66.51305944328686
43.02998760682051
58.913200156738014
56.39294961494304
48.987932894660645
64.91648314521905
38.70891036250399
67.33920692535253
37.37038440883023
52.10534703005665
47.85928294650868
34.36391111387323
53.98877929201582
28.647128132745955
51.24885811732077
30.00694930071472
41.339177627631535
31.48130483976259
27.285623133931537
42.09472475475478
12.519105616057152
39.36934147059868
7.121568402952211
33.385154230966435
8.849309440882205
23.31609852457752
18.926334699833948
8.220865348224853
34.39672227141396
0.5262841573166264
37.047222562828566
2.7470779436063943
26.392352924801287
17.831855272132067
19.97498414656154
35.962950061049966
9.41089737373914
44.224244438761055
9.686593700353095
42.606118791192344
19.475907343494967
31.418608149945985
34.67169634715429
18.360710077522562
41.884189710823
15.386303625964983
39.09168488299001
21.161701035594835
28.52945669571858
29.68573761685903
18.531200009880514
37.01514055120111
13.759931023417716
36.1128121446655
16.495945595369136
33.804575118644
23.540043949288656
21.658689347263746
25.8315664809307
11.466391797897133
28.575952475350878
13.474539761565097
25.559042371578148
23.27506233389857
20.131947406671365
25.929320371013908
16.508627619842116
24.76172763727931
10.316917573913193
24.350576627658683
2.7153746795597
20.929938048986862
7.206266816633086
11.583631653649881
18.62909541167392
5.734288581037118
32.98923653336138
-0.415577180208607
40.81608079466591
6.800065672968239
34.93450756660015
20.430834301408495
21.659004812336033
36.327487484224676
11.032544084898184
43.76632832941761
12.345215734201782
39.7872807880258
25.797426671318178
26.439737407711572
49.665434882654054
15.31413389697477
59.43129033994862
16.539708701672623
60.345462910069266
37.48067878205804
50.926080771601846
62.76854177562023
35.996504684522925
76.67763552173255
40.66557150810654
75.72686453312933
49.33286624537409
70.00931726673679
65.18696560932118
58.06295512522756
72.40652318624123
56.69972256158909
72.86693254567842
62.91702883455086
