t,t-1,t-2,t-3,t-4,t-5,concept,transition,steps_since_bkp,steps_to_bkp
-0.03268964984534403,0.3673563818446606,-0.25412188836748173,0.4548544115969949,0.2503810931816141,-0.218032092202621,1,0,100,200
0.6015253156963944,-0.03268964984534403,0.3673563818446606,-0.25412188836748173,0.4548544115969949,0.2503810931816141,1,0,101,199
0.30536160472386736,0.6015253156963944,-0.03268964984534403,0.3673563818446606,-0.25412188836748173,0.4548544115969949,1,0,102,198
0.5737425633559718,0.30536160472386736,0.6015253156963944,-0.03268964984534403,0.3673563818446606,-0.25412188836748173,1,0,103,197
0.7718982208812912,0.5737425633559718,0.30536160472386736,0.6015253156963944,-0.03268964984534403,0.3673563818446606,1,0,104,196
0.9311137477895933,0.7718982208812912,0.5737425633559718,0.30536160472386736,0.6015253156963944,-0.03268964984534403,1,0,105,195
0.7131137445863114,0.9311137477895933,0.7718982208812912,0.5737425633559718,0.30536160472386736,0.6015253156963944,1,0,106,194
0.6385630496195005,0.7131137445863114,0.9311137477895933,0.7718982208812912,0.5737425633559718,0.30536160472386736,1,0,107,193
0.7220823101652767,0.6385630496195005,0.7131137445863114,0.9311137477895933,0.7718982208812912,0.5737425633559718,1,0,108,192
0.45352404579731337,0.7220823101652767,0.6385630496195005,0.7131137445863114,0.9311137477895933,0.7718982208812912,1,0,109,191
0.43337471717460585,0.45352404579731337,0.7220823101652767,0.6385630496195005,0.7131137445863114,0.9311137477895933,1,0,110,190
-0.08360690635021473,0.43337471717460585,0.45352404579731337,0.7220823101652767,0.6385630496195005,0.7131137445863114,1,0,111,189
0.3411089817125935,-0.08360690635021473,0.43337471717460585,0.45352404579731337,0.7220823101652767,0.6385630496195005,1,0,112,188
0.65135939957394,0.3411089817125935,-0.08360690635021473,0.43337471717460585,0.45352404579731337,0.7220823101652767,1,0,113,187
-0.4853995251135957,0.65135939957394,0.3411089817125935,-0.08360690635021473,0.43337471717460585,0.45352404579731337,1,0,114,186
-0.24187263914786392,-0.4853995251135957,0.65135939957394,0.3411089817125935,-0.08360690635021473,0.43337471717460585,1,0,115,185
-0.13369761645458783,-0.24187263914786392,-0.4853995251135957,0.65135939957394,0.3411089817125935,-0.08360690635021473,1,0,116,184
0.1645669504232128,-0.13369761645458783,-0.24187263914786392,-0.4853995251135957,0.65135939957394,0.3411089817125935,1,0,117,183
0.7729113706968921,0.1645669504232128,-0.13369761645458783,-0.24187263914786392,-0.4853995251135957,0.65135939957394,1,0,118,182
0.547293594706254,0.7729113706968921,0.1645669504232128,-0.13369761645458783,-0.24187263914786392,-0.4853995251135957,1,0,119,181
0.567274224710108,0.547293594706254,0.7729113706968921,0.1645669504232128,-0.13369761645458783,-0.24187263914786392,1,0,120,180
0.05377820226265795,0.567274224710108,0.547293594706254,0.7729113706968921,0.1645669504232128,-0.13369761645458783,1,0,121,179
0.39225094156505436,0.05377820226265795,0.567274224710108,0.547293594706254,0.7729113706968921,0.1645669504232128,1,0,122,178
0.07702761428210134,0.39225094156505436,0.05377820226265795,0.567274224710108,0.547293594706254,0.7729113706968921,1,0,123,177
-0.02927903652417785,0.07702761428210134,0.39225094156505436,0.05377820226265795,0.567274224710108,0.547293594706254,1,0,124,176
-1.3840746918854352,-0.02927903652417785,0.07702761428210134,0.39225094156505436,0.05377820226265795,0.567274224710108,1,0,125,175
-0.8183988885669953,-1.3840746918854352,-0.02927903652417785,0.07702761428210134,0.39225094156505436,0.05377820226265795,1,0,126,174
-1.4862269197040743,-0.8183988885669953,-1.3840746918854352,-0.02927903652417785,0.07702761428210134,0.39225094156505436,1,0,127,173
-0.5251565224808454,-1.4862269197040743,-0.8183988885669953,-1.3840746918854352,-0.02927903652417785,0.07702761428210134,1,0,128,172
-0.9992991774484717,-0.5251565224808454,-1.4862269197040743,-0.8183988885669953,-1.3840746918854352,-0.02927903652417785,1,0,129,171
-0.34885402015185407,-0.9992991774484717,-0.5251565224808454,-1.4862269197040743,-0.8183988885669953,-1.3840746918854352,1,0,130,170
-0.3016561803009027,-0.34885402015185407,-0.9992991774484717,-0.5251565224808454,-1.4862269197040743,-0.8183988885669953,1,0,131,169
0.31714713929819094,-0.3016561803009027,-0.34885402015185407,-0.9992991774484717,-0.5251565224808454,-1.4862269197040743,1,0,132,168
-0.4557572509250696,0.31714713929819094,-0.3016561803009027,-0.34885402015185407,-0.9992991774484717,-0.5251565224808454,1,0,133,167
0.2674170788701434,-0.4557572509250696,0.31714713929819094,-0.3016561803009027,-0.34885402015185407,-0.9992991774484717,1,0,134,166
0.9293088906732255,0.2674170788701434,-0.4557572509250696,0.31714713929819094,-0.3016561803009027,-0.34885402015185407,1,0,135,165
1.00098519885067,0.9293088906732255,0.2674170788701434,-0.4557572509250696,0.31714713929819094,-0.3016561803009027,1,0,136,164
1.109272663739836,1.00098519885067,0.9293088906732255,0.2674170788701434,-0.4557572509250696,0.31714713929819094,1,0,137,163
0.8065865074187009,1.109272663739836,1.00098519885067,0.9293088906732255,0.2674170788701434,-0.4557572509250696,1,0,138,162
0.5334770258704773,0.8065865074187009,1.109272663739836,1.00098519885067,0.9293088906732255,0.2674170788701434,1,0,139,161
0.8581214682528276,0.5334770258704773,0.8065865074187009,1.109272663739836,1.00098519885067,0.9293088906732255,1,0,140,160
0.1446059096094593,0.8581214682528276,0.5334770258704773,0.8065865074187009,1.109272663739836,1.00098519885067,1,0,141,159
0.7215702837817033,0.1446059096094593,0.8581214682528276,0.5334770258704773,0.8065865074187009,1.109272663739836,1,0,142,158
1.040808059057829,0.7215702837817033,0.1446059096094593,0.8581214682528276,0.5334770258704773,0.8065865074187009,1,0,143,157
0.010883577181261983,1.040808059057829,0.7215702837817033,0.1446059096094593,0.8581214682528276,0.5334770258704773,1,0,144,156
0.5415258098931783,0.010883577181261983,1.040808059057829,0.7215702837817033,0.1446059096094593,0.8581214682528276,1,0,145,155
0.4738880833486355,0.5415258098931783,0.010883577181261983,1.040808059057829,0.7215702837817033,0.1446059096094593,1,0,146,154
0.5299565600417543,0.4738880833486355,0.5415258098931783,0.010883577181261983,1.040808059057829,0.7215702837817033,1,0,147,153
-0.07144373018497308,0.5299565600417543,0.4738880833486355,0.5415258098931783,0.010883577181261983,1.040808059057829,1,0,148,152
0.342769730362976,-0.07144373018497308,0.5299565600417543,0.4738880833486355,0.5415258098931783,0.010883577181261983,1,0,149,151
0.20439141433933145,0.342769730362976,-0.07144373018497308,0.5299565600417543,0.4738880833486355,0.5415258098931783,1,0,150,150
0.8373228643922123,0.20439141433933145,0.342769730362976,-0.07144373018497308,0.5299565600417543,0.4738880833486355,1,0,151,149
0.12576995565331905,0.8373228643922123,0.20439141433933145,0.342769730362976,-0.07144373018497308,0.5299565600417543,1,0,152,148
0.1341807984098241,0.12576995565331905,0.8373228643922123,0.20439141433933145,0.342769730362976,-0.07144373018497308,1,0,153,147
0.040882808310999164,0.1341807984098241,0.12576995565331905,0.8373228643922123,0.20439141433933145,0.342769730362976,1,0,154,146
0.37331431424573225,0.040882808310999164,0.1341807984098241,0.12576995565331905,0.8373228643922123,0.20439141433933145,1,0,155,145
-0.5140736056438194,0.37331431424573225,0.040882808310999164,0.1341807984098241,0.12576995565331905,0.8373228643922123,1,0,156,144
-0.401220208032991,-0.5140736056438194,0.37331431424573225,0.040882808310999164,0.1341807984098241,0.12576995565331905,1,0,157,143
0.5815441907047403,-0.401220208032991,-0.5140736056438194,0.37331431424573225,0.040882808310999164,0.1341807984098241,1,0,158,142
0.17424874022345907,0.5815441907047403,-0.401220208032991,-0.5140736056438194,0.37331431424573225,0.040882808310999164,1,0,159,141
0.311999973367976,0.17424874022345907,0.5815441907047403,-0.401220208032991,-0.5140736056438194,0.37331431424573225,1,0,160,140
0.21620223672695177,0.311999973367976,0.17424874022345907,0.5815441907047403,-0.401220208032991,-0.5140736056438194,1,0,161,139
0.17962124036107507,0.21620223672695177,0.311999973367976,0.17424874022345907,0.5815441907047403,-0.401220208032991,1,0,162,138
0.6598479628005298,0.17962124036107507,0.21620223672695177,0.311999973367976,0.17424874022345907,0.5815441907047403,1,0,163,137
0.4047420844880825,0.6598479628005298,0.17962124036107507,0.21620223672695177,0.311999973367976,0.17424874022345907,1,0,164,136
-0.18644817682499526,0.4047420844880825,0.6598479628005298,0.17962124036107507,0.21620223672695177,0.311999973367976,1,0,165,135
-0.7807788042053405,-0.18644817682499526,0.4047420844880825,0.6598479628005298,0.17962124036107507,0.21620223672695177,1,0,166,134
-0.658672515866965,-0.7807788042053405,-0.18644817682499526,0.4047420844880825,0.6598479628005298,0.17962124036107507,1,0,167,133
0.007851889476910512,-0.658672515866965,-0.7807788042053405,-0.18644817682499526,0.4047420844880825,0.6598479628005298,1,0,168,132
-0.01660117827480806,0.007851889476910512,-0.658672515866965,-0.7807788042053405,-0.18644817682499526,0.4047420844880825,1,0,169,131
0.6014005885825379,-0.01660117827480806,0.007851889476910512,-0.658672515866965,-0.7807788042053405,-0.18644817682499526,1,0,170,130
-0.13967923576498742,0.6014005885825379,-0.01660117827480806,0.007851889476910512,-0.658672515866965,-0.7807788042053405,1,0,171,129
0.32335369038040107,-0.13967923576498742,0.6014005885825379,-0.01660117827480806,0.007851889476910512,-0.658672515866965,1,0,172,128
-0.40683585435183184,0.32335369038040107,-0.13967923576498742,0.6014005885825379,-0.01660117827480806,0.007851889476910512,1,0,173,127
-0.6954322816097812,-0.40683585435183184,0.32335369038040107,-0.13967923576498742,0.6014005885825379,-0.01660117827480806,1,0,174,126
-0.044368984519098986,-0.6954322816097812,-0.40683585435183184,0.32335369038040107,-0.13967923576498742,0.6014005885825379,1,0,175,125
0.6427233428093919,-0.044368984519098986,-0.6954322816097812,-0.40683585435183184,0.32335369038040107,-0.13967923576498742,1,0,176,124
-0.16715841394269193,0.6427233428093919,-0.044368984519098986,-0.6954322816097812,-0.40683585435183184,0.32335369038040107,1,0,177,123
0.9071887655143285,-0.16715841394269193,0.6427233428093919,-0.044368984519098986,-0.6954322816097812,-0.40683585435183184,1,0,178,122
0.04355133062209643,0.9071887655143285,-0.16715841394269193,0.6427233428093919,-0.044368984519098986,-0.6954322816097812,1,0,179,121
-0.25424972773366317,0.04355133062209643,0.9071887655143285,-0.16715841394269193,0.6427233428093919,-0.044368984519098986,1,0,180,120
0.03128673853278932,-0.25424972773366317,0.04355133062209643,0.9071887655143285,-0.16715841394269193,0.6427233428093919,1,0,181,119
-0.27752078277018455,0.03128673853278932,-0.25424972773366317,0.04355133062209643,0.9071887655143285,-0.16715841394269193,1,0,182,118
-0.8033943458907045,-0.27752078277018455,0.03128673853278932,-0.25424972773366317,0.04355133062209643,0.9071887655143285,1,0,183,117
-0.8335159280520601,-0.8033943458907045,-0.27752078277018455,0.03128673853278932,-0.25424972773366317,0.04355133062209643,1,0,184,116
-1.2438041346645334,-0.8335159280520601,-0.8033943458907045,-0.27752078277018455,0.03128673853278932,-0.25424972773366317,1,0,185,115
-2.0222341271189865,-1.2438041346645334,-0.8335159280520601,-0.8033943458907045,-0.27752078277018455,0.03128673853278932,1,0,186,114
-0.7755267680176356,-2.0222341271189865,-1.2438041346645334,-0.8335159280520601,-0.8033943458907045,-0.27752078277018455,1,0,187,113
-1.1925112381495229,-0.7755267680176356,-2.0222341271189865,-1.2438041346645334,-0.8335159280520601,-0.8033943458907045,1,0,188,112
-0.9537857954068758,-1.1925112381495229,-0.7755267680176356,-2.0222341271189865,-1.2438041346645334,-0.8335159280520601,1,0,189,111
-0.7200676135976296,-0.9537857954068758,-1.1925112381495229,-0.7755267680176356,-2.0222341271189865,-1.2438041346645334,1,0,190,110
-1.3963296534260936,-0.7200676135976296,-0.9537857954068758,-1.1925112381495229,-0.7755267680176356,-2.0222341271189865,1,0,191,109
-0.7944824012241074,-1.3963296534260936,-0.7200676135976296,-0.9537857954068758,-1.1925112381495229,-0.7755267680176356,1,0,192,108
-1.103386695336779,-0.7944824012241074,-1.3963296534260936,-0.7200676135976296,-0.9537857954068758,-1.1925112381495229,1,0,193,107
-0.278612444106765,-1.103386695336779,-0.7944824012241074,-1.3963296534260936,-0.7200676135976296,-0.9537857954068758,1,0,194,106
-0.8055152496470575,-0.278612444106765,-1.103386695336779,-0.7944824012241074,-1.3963296534260936,-0.7200676135976296,1,0,195,105
-0.43300276109864455,-0.8055152496470575,-0.278612444106765,-1.103386695336779,-0.7944824012241074,-1.3963296534260936,1,0,196,104
-0.48669426812034844,-0.43300276109864455,-0.8055152496470575,-0.278612444106765,-1.103386695336779,-0.7944824012241074,1,0,197,103
-0.2914333569812716,-0.48669426812034844,-0.43300276109864455,-0.8055152496470575,-0.278612444106765,-1.103386695336779,1,0,198,102
-0.8550266643318716,-0.2914333569812716,-0.48669426812034844,-0.43300276109864455,-0.8055152496470575,-0.278612444106765,1,0,199,101
-0.008115874749569207,-0.8550266643318716,-0.2914333569812716,-0.48669426812034844,-0.43300276109864455,-0.8055152496470575,1,0,200,100
-0.6010350331823449,-0.008115874749569207,-0.8550266643318716,-0.2914333569812716,-0.48669426812034844,-0.43300276109864455,1,0,201,99
-0.6443283192755628,-0.6010350331823449,-0.008115874749569207,-0.8550266643318716,-0.2914333569812716,-0.48669426812034844,1,0,202,98
0.10506175758133818,-0.6443283192755628,-0.6010350331823449,-0.008115874749569207,-0.8550266643318716,-0.2914333569812716,1,0,203,97
0.22647317776339643,0.10506175758133818,-0.6443283192755628,-0.6010350331823449,-0.008115874749569207,-0.8550266643318716,1,0,204,96
0.5722042136486499,0.22647317776339643,0.10506175758133818,-0.6443283192755628,-0.6010350331823449,-0.008115874749569207,1,0,205,95
0.4688437450815225,0.5722042136486499,0.22647317776339643,0.10506175758133818,-0.6443283192755628,-0.6010350331823449,1,0,206,94
1.142624106366049,0.4688437450815225,0.5722042136486499,0.22647317776339643,0.10506175758133818,-0.6443283192755628,1,0,207,93
1.2240470626039213,1.142624106366049,0.4688437450815225,0.5722042136486499,0.22647317776339643,0.10506175758133818,1,0,208,92
0.9327891154239173,1.2240470626039213,1.142624106366049,0.4688437450815225,0.5722042136486499,0.22647317776339643,1,0,209,91
1.3592865937163792,0.9327891154239173,1.2240470626039213,1.142624106366049,0.4688437450815225,0.5722042136486499,1,0,210,90
0.7651571546245408,1.3592865937163792,0.9327891154239173,1.2240470626039213,1.142624106366049,0.4688437450815225,1,0,211,89
0.8496075260173259,0.7651571546245408,1.3592865937163792,0.9327891154239173,1.2240470626039213,1.142624106366049,1,0,212,88
0.5193076246900621,0.8496075260173259,0.7651571546245408,1.3592865937163792,0.9327891154239173,1.2240470626039213,1,0,213,87
0.8657930370171988,0.5193076246900621,0.8496075260173259,0.7651571546245408,1.3592865937163792,0.9327891154239173,1,0,214,86
0.8563935760153002,0.8657930370171988,0.5193076246900621,0.8496075260173259,0.7651571546245408,1.3592865937163792,1,0,215,85
0.9209411222087021,0.8563935760153002,0.8657930370171988,0.5193076246900621,0.8496075260173259,0.7651571546245408,1,0,216,84
0.7272553714932999,0.9209411222087021,0.8563935760153002,0.8657930370171988,0.5193076246900621,0.8496075260173259,1,0,217,83
1.4173365660433863,0.7272553714932999,0.9209411222087021,0.8563935760153002,0.8657930370171988,0.5193076246900621,1,0,218,82
1.5671809193753472,1.4173365660433863,0.7272553714932999,0.9209411222087021,0.8563935760153002,0.8657930370171988,1,0,219,81
0.9210146738993984,1.5671809193753472,1.4173365660433863,0.7272553714932999,0.9209411222087021,0.8563935760153002,1,0,220,80
0.5811058759365656,0.9210146738993984,1.5671809193753472,1.4173365660433863,0.7272553714932999,0.9209411222087021,1,0,221,79
-0.3004974475523854,0.5811058759365656,0.9210146738993984,1.5671809193753472,1.4173365660433863,0.7272553714932999,1,0,222,78
-0.682598441791761,-0.3004974475523854,0.5811058759365656,0.9210146738993984,1.5671809193753472,1.4173365660433863,1,0,223,77
-0.1720692163990758,-0.682598441791761,-0.3004974475523854,0.5811058759365656,0.9210146738993984,1.5671809193753472,1,0,224,76
-1.6404172584820245,-0.1720692163990758,-0.682598441791761,-0.3004974475523854,0.5811058759365656,0.9210146738993984,1,0,225,75
-0.033144702987162766,-1.6404172584820245,-0.1720692163990758,-0.682598441791761,-0.3004974475523854,0.5811058759365656,1,0,226,74
-0.5401115773671261,-0.033144702987162766,-1.6404172584820245,-0.1720692163990758,-0.682598441791761,-0.3004974475523854,1,0,227,73
-0.2480860342026185,-0.5401115773671261,-0.033144702987162766,-1.6404172584820245,-0.1720692163990758,-0.682598441791761,1,0,228,72
0.23580712893503464,-0.2480860342026185,-0.5401115773671261,-0.033144702987162766,-1.6404172584820245,-0.1720692163990758,1,0,229,71
-0.6431281236004325,0.23580712893503464,-0.2480860342026185,-0.5401115773671261,-0.033144702987162766,-1.6404172584820245,1,0,230,70
-0.6439936591374664,-0.6431281236004325,0.23580712893503464,-0.2480860342026185,-0.5401115773671261,-0.033144702987162766,1,0,231,69
-0.01730142716828098,-0.6439936591374664,-0.6431281236004325,0.23580712893503464,-0.2480860342026185,-0.5401115773671261,1,0,232,68
-1.171319301349396,-0.01730142716828098,-0.6439936591374664,-0.6431281236004325,0.23580712893503464,-0.2480860342026185,1,0,233,67
-1.0530045696367432,-1.171319301349396,-0.01730142716828098,-0.6439936591374664,-0.6431281236004325,0.23580712893503464,1,0,234,66
-1.9766845187507558,-1.0530045696367432,-1.171319301349396,-0.01730142716828098,-0.6439936591374664,-0.6431281236004325,1,0,235,65
-0.8055491983788899,-1.9766845187507558,-1.0530045696367432,-1.171319301349396,-0.01730142716828098,-0.6439936591374664,1,0,236,64
-0.7662134833126237,-0.8055491983788899,-1.9766845187507558,-1.0530045696367432,-1.171319301349396,-0.01730142716828098,1,0,237,63
-1.3700139795566746,-0.7662134833126237,-0.8055491983788899,-1.9766845187507558,-1.0530045696367432,-1.171319301349396,1,0,238,62
-1.9095603551478264,-1.3700139795566746,-0.7662134833126237,-0.8055491983788899,-1.9766845187507558,-1.0530045696367432,1,0,239,61
-1.50104160866418,-1.9095603551478264,-1.3700139795566746,-0.7662134833126237,-0.8055491983788899,-1.9766845187507558,1,0,240,60
-2.716521355754126,-1.50104160866418,-1.9095603551478264,-1.3700139795566746,-0.7662134833126237,-0.8055491983788899,1,0,241,59
-1.828185787901766,-2.716521355754126,-1.50104160866418,-1.9095603551478264,-1.3700139795566746,-0.7662134833126237,1,0,242,58
-2.000890332915415,-1.828185787901766,-2.716521355754126,-1.50104160866418,-1.9095603551478264,-1.3700139795566746,1,0,243,57
-2.335909684762191,-2.000890332915415,-1.828185787901766,-2.716521355754126,-1.50104160866418,-1.9095603551478264,1,0,244,56
-2.476102954734635,-2.335909684762191,-2.000890332915415,-1.828185787901766,-2.716521355754126,-1.50104160866418,1,0,245,55
-2.8505991545017553,-2.476102954734635,-2.335909684762191,-2.000890332915415,-1.828185787901766,-2.716521355754126,1,0,246,54
-2.0170615461279264,-2.8505991545017553,-2.476102954734635,-2.335909684762191,-2.000890332915415,-1.828185787901766,1,0,247,53
-0.9171845232575162,-2.0170615461279264,-2.8505991545017553,-2.476102954734635,-2.335909684762191,-2.000890332915415,1,0,248,52
-1.697518694037277,-0.9171845232575162,-2.0170615461279264,-2.8505991545017553,-2.476102954734635,-2.335909684762191,1,0,249,51
0.17783228252157546,-1.697518694037277,-0.9171845232575162,-2.0170615461279264,-2.8505991545017553,-2.476102954734635,1,0,250,50
-0.8360483126001551,0.17783228252157546,-1.697518694037277,-0.9171845232575162,-2.0170615461279264,-2.8505991545017553,1,0,251,49
-0.15872933825669072,-0.8360483126001551,0.17783228252157546,-1.697518694037277,-0.9171845232575162,-2.0170615461279264,1,0,252,48
-0.2355406526069515,-0.15872933825669072,-0.8360483126001551,0.17783228252157546,-1.697518694037277,-0.9171845232575162,1,0,253,47
0.722692899335074,-0.2355406526069515,-0.15872933825669072,-0.8360483126001551,0.17783228252157546,-1.697518694037277,1,0,254,46
0.09663705726650959,0.722692899335074,-0.2355406526069515,-0.15872933825669072,-0.8360483126001551,0.17783228252157546,1,0,255,45
0.20808716746636405,0.09663705726650959,0.722692899335074,-0.2355406526069515,-0.15872933825669072,-0.8360483126001551,1,0,256,44
0.5519920588036644,0.20808716746636405,0.09663705726650959,0.722692899335074,-0.2355406526069515,-0.15872933825669072,1,0,257,43
0.7945403598521487,0.5519920588036644,0.20808716746636405,0.09663705726650959,0.722692899335074,-0.2355406526069515,1,0,258,42
1.1986460981653697,0.7945403598521487,0.5519920588036644,0.20808716746636405,0.09663705726650959,0.722692899335074,1,0,259,41
0.05611131884506915,1.1986460981653697,0.7945403598521487,0.5519920588036644,0.20808716746636405,0.09663705726650959,1,0,260,40
0.6582363923992052,0.05611131884506915,1.1986460981653697,0.7945403598521487,0.5519920588036644,0.20808716746636405,1,0,261,39
0.3545610027753496,0.6582363923992052,0.05611131884506915,1.1986460981653697,0.7945403598521487,0.5519920588036644,1,0,262,38
0.6077054507076446,0.3545610027753496,0.6582363923992052,0.05611131884506915,1.1986460981653697,0.7945403598521487,1,0,263,37
1.0658081117504525,0.6077054507076446,0.3545610027753496,0.6582363923992052,0.05611131884506915,1.1986460981653697,1,0,264,36
0.7545196810453341,1.0658081117504525,0.6077054507076446,0.3545610027753496,0.6582363923992052,0.05611131884506915,1,0,265,35
0.8597658355843782,0.7545196810453341,1.0658081117504525,0.6077054507076446,0.3545610027753496,0.6582363923992052,1,0,266,34
0.3745789130441795,0.8597658355843782,0.7545196810453341,1.0658081117504525,0.6077054507076446,0.3545610027753496,1,0,267,33
1.284047386983112,0.3745789130441795,0.8597658355843782,0.7545196810453341,1.0658081117504525,0.6077054507076446,1,0,268,32
0.9833944079564265,1.284047386983112,0.3745789130441795,0.8597658355843782,0.7545196810453341,1.0658081117504525,1,0,269,31
1.0992428269017738,0.9833944079564265,1.284047386983112,0.3745789130441795,0.8597658355843782,0.7545196810453341,1,0,270,30
1.3741275238874118,1.0992428269017738,0.9833944079564265,1.284047386983112,0.3745789130441795,0.8597658355843782,1,0,271,29
1.752504583865995,1.3741275238874118,1.0992428269017738,0.9833944079564265,1.284047386983112,0.3745789130441795,1,0,272,28
0.9625493419430722,1.752504583865995,1.3741275238874118,1.0992428269017738,0.9833944079564265,1.284047386983112,1,0,273,27
0.9668502213670419,0.9625493419430722,1.752504583865995,1.3741275238874118,1.0992428269017738,0.9833944079564265,1,0,274,26
0.513274023218569,0.9668502213670419,0.9625493419430722,1.752504583865995,1.3741275238874118,1.0992428269017738,1,0,275,25
1.218878882247919,0.513274023218569,0.9668502213670419,0.9625493419430722,1.752504583865995,1.3741275238874118,1,0,276,24
1.1819082194190285,1.218878882247919,0.513274023218569,0.9668502213670419,0.9625493419430722,1.752504583865995,1,0,277,23
0.8815284465947208,1.1819082194190285,1.218878882247919,0.513274023218569,0.9668502213670419,0.9625493419430722,1,0,278,22
0.9956102530375436,0.8815284465947208,1.1819082194190285,1.218878882247919,0.513274023218569,0.9668502213670419,1,0,279,21
1.1872559996727012,0.9956102530375436,0.8815284465947208,1.1819082194190285,1.218878882247919,0.513274023218569,1,0,280,20
1.3128059925959807,1.1872559996727012,0.9956102530375436,0.8815284465947208,1.1819082194190285,1.218878882247919,1,0,281,19
0.8314001653072691,1.3128059925959807,1.1872559996727012,0.9956102530375436,0.8815284465947208,1.1819082194190285,1,0,282,18
0.6307338627283081,0.8314001653072691,1.3128059925959807,1.1872559996727012,0.9956102530375436,0.8815284465947208,1,0,283,17
1.275046202914016,0.6307338627283081,0.8314001653072691,1.3128059925959807,1.1872559996727012,0.9956102530375436,1,0,284,16
0.813944842366939,1.275046202914016,0.6307338627283081,0.8314001653072691,1.3128059925959807,1.1872559996727012,1,0,285,15
1.4158658996526896,0.813944842366939,1.275046202914016,0.6307338627283081,0.8314001653072691,1.3128059925959807,1,0,286,14
0.9467591153177779,1.4158658996526896,0.813944842366939,1.275046202914016,0.6307338627283081,0.8314001653072691,1,0,287,13
1.5876526669432338,0.9467591153177779,1.4158658996526896,0.813944842366939,1.275046202914016,0.6307338627283081,1,0,288,12
0.646473826823563,1.5876526669432338,0.9467591153177779,1.4158658996526896,0.813944842366939,1.275046202914016,1,0,289,11
0.6542245813467129,0.646473826823563,1.5876526669432338,0.9467591153177779,1.4158658996526896,0.813944842366939,1,0,290,10
1.844970531746645,0.6542245813467129,0.646473826823563,1.5876526669432338,0.9467591153177779,1.4158658996526896,1,0,291,9
1.715082126344237,1.844970531746645,0.6542245813467129,0.646473826823563,1.5876526669432338,0.9467591153177779,1,0,292,8
1.1688412940187831,1.715082126344237,1.844970531746645,0.6542245813467129,0.646473826823563,1.5876526669432338,1,0,293,7
2.8046036829749266,1.1688412940187831,1.715082126344237,1.844970531746645,0.6542245813467129,0.646473826823563,1,0,294,6
2.345597998878476,2.8046036829749266,1.1688412940187831,1.715082126344237,1.844970531746645,0.6542245813467129,1,1,295,5
2.5964917860036714,2.345597998878476,2.8046036829749266,1.1688412940187831,1.715082126344237,1.844970531746645,1,1,296,4
3.080850079611017,2.5964917860036714,2.345597998878476,2.8046036829749266,1.1688412940187831,1.715082126344237,1,1,297,3
4.622381975866403,3.080850079611017,2.5964917860036714,2.345597998878476,2.8046036829749266,1.1688412940187831,1,1,298,2
5.381414515026856,4.622381975866403,3.080850079611017,2.5964917860036714,2.345597998878476,2.8046036829749266,1,1,299,1
5.530419228354341,5.381414515026856,4.622381975866403,3.080850079611017,2.5964917860036714,2.345597998878476,2,1,0,0
4.366299046177745,5.530419228354341,5.381414515026856,4.622381975866403,3.080850079611017,2.5964917860036714,2,1,1,195
2.8536106333271487,4.366299046177745,5.530419228354341,5.381414515026856,4.622381975866403,3.080850079611017,2,1,2,194
2.4992905236428404,2.8536106333271487,4.366299046177745,5.530419228354341,5.381414515026856,4.622381975866403,2,1,3,193
3.021199390272614,2.4992905236428404,2.8536106333271487,4.366299046177745,5.530419228354341,5.381414515026856,2,1,4,192
3.3147833361289436,3.021199390272614,2.4992905236428404,2.8536106333271487,4.366299046177745,5.530419228354341,2,0,5,191
3.4391251755843113,3.3147833361289436,3.021199390272614,2.4992905236428404,2.8536106333271487,4.366299046177745,2,0,6,190
3.4616451560723593,3.4391251755843113,3.3147833361289436,3.021199390272614,2.4992905236428404,2.8536106333271487,2,0,7,189
5.202745637118272,3.4616451560723593,3.4391251755843113,3.3147833361289436,3.021199390272614,2.4992905236428404,2,0,8,188
4.95810089558341,5.202745637118272,3.4616451560723593,3.4391251755843113,3.3147833361289436,3.021199390272614,2,0,9,187
7.851948183181574,4.95810089558341,5.202745637118272,3.4616451560723593,3.4391251755843113,3.3147833361289436,2,0,10,186
9.269676575611925,7.851948183181574,4.95810089558341,5.202745637118272,3.4616451560723593,3.4391251755843113,2,0,11,185
9.431060537628582,9.269676575611925,7.851948183181574,4.95810089558341,5.202745637118272,3.4616451560723593,2,0,12,184
9.283217151767198,9.431060537628582,9.269676575611925,7.851948183181574,4.95810089558341,5.202745637118272,2,0,13,183
9.248020673809568,9.283217151767198,9.431060537628582,9.269676575611925,7.851948183181574,4.95810089558341,2,0,14,182
6.779294047610086,9.248020673809568,9.283217151767198,9.431060537628582,9.269676575611925,7.851948183181574,2,0,15,181
7.714872753994088,6.779294047610086,9.248020673809568,9.283217151767198,9.431060537628582,9.269676575611925,2,0,16,180
9.725564286853066,7.714872753994088,6.779294047610086,9.248020673809568,9.283217151767198,9.431060537628582,2,0,17,179
9.451610604283443,9.725564286853066,7.714872753994088,6.779294047610086,9.248020673809568,9.283217151767198,2,0,18,178
12.259257513215982,9.451610604283443,9.725564286853066,7.714872753994088,6.779294047610086,9.248020673809568,2,0,19,177
12.957482319603253,12.259257513215982,9.451610604283443,9.725564286853066,7.714872753994088,6.779294047610086,2,0,20,176
12.436563961348831,12.957482319603253,12.259257513215982,9.451610604283443,9.725564286853066,7.714872753994088,2,0,21,175
11.723506554040716,12.436563961348831,12.957482319603253,12.259257513215982,9.451610604283443,9.725564286853066,2,0,22,174
11.061341563304639,11.723506554040716,12.436563961348831,12.957482319603253,12.259257513215982,9.451610604283443,2,0,23,173
9.093322794933597,11.061341563304639,11.723506554040716,12.436563961348831,12.957482319603253,12.259257513215982,2,0,24,172
9.538945858041531,9.093322794933597,11.061341563304639,11.723506554040716,12.436563961348831,12.957482319603253,2,0,25,171
9.417866336894981,9.538945858041531,9.093322794933597,11.061341563304639,11.723506554040716,12.436563961348831,2,0,26,170
9.728621948457077,9.417866336894981,9.538945858041531,9.093322794933597,11.061341563304639,11.723506554040716,2,0,27,169
9.81301472470389,9.728621948457077,9.417866336894981,9.538945858041531,9.093322794933597,11.061341563304639,2,0,28,168
7.603501404859334,9.81301472470389,9.728621948457077,9.417866336894981,9.538945858041531,9.093322794933597,2,0,29,167
7.239266088686841,7.603501404859334,9.81301472470389,9.728621948457077,9.417866336894981,9.538945858041531,2,0,30,166
8.630985472106529,7.239266088686841,7.603501404859334,9.81301472470389,9.728621948457077,9.417866336894981,2,0,31,165
7.851392866885662,8.630985472106529,7.239266088686841,7.603501404859334,9.81301472470389,9.728621948457077,2,0,32,164
6.032210346138118,7.851392866885662,8.630985472106529,7.239266088686841,7.603501404859334,9.81301472470389,2,0,33,163
6.777887726922605,6.032210346138118,7.851392866885662,8.630985472106529,7.239266088686841,7.603501404859334,2,0,34,162
6.681126261552161,6.777887726922605,6.032210346138118,7.851392866885662,8.630985472106529,7.239266088686841,2,0,35,161
8.135849678585814,6.681126261552161,6.777887726922605,6.032210346138118,7.851392866885662,8.630985472106529,2,0,36,160
10.13902883332691,8.135849678585814,6.681126261552161,6.777887726922605,6.032210346138118,7.851392866885662,2,0,37,159
10.00091683763137,10.13902883332691,8.135849678585814,6.681126261552161,6.777887726922605,6.032210346138118,2,0,38,158
9.879188602591457,10.00091683763137,10.13902883332691,8.135849678585814,6.681126261552161,6.777887726922605,2,0,39,157
7.550022216503976,9.879188602591457,10.00091683763137,10.13902883332691,8.135849678585814,6.681126261552161,2,0,40,156
5.210525029510537,7.550022216503976,9.879188602591457,10.00091683763137,10.13902883332691,8.135849678585814,2,0,41,155
6.768757738332666,5.210525029510537,7.550022216503976,9.879188602591457,10.00091683763137,10.13902883332691,2,0,42,154
7.927906038229132,6.768757738332666,5.210525029510537,7.550022216503976,9.879188602591457,10.00091683763137,2,0,43,153
11.660591869793183,7.927906038229132,6.768757738332666,5.210525029510537,7.550022216503976,9.879188602591457,2,0,44,152
13.344925220786953,11.660591869793183,7.927906038229132,6.768757738332666,5.210525029510537,7.550022216503976,2,0,45,151
13.334322304420574,13.344925220786953,11.660591869793183,7.927906038229132,6.768757738332666,5.210525029510537,2,0,46,150
13.26544539351167,13.334322304420574,13.344925220786953,11.660591869793183,7.927906038229132,6.768757738332666,2,0,47,149
13.727879521597568,13.26544539351167,13.334322304420574,13.344925220786953,11.660591869793183,7.927906038229132,2,0,48,148
14.034340549959474,13.727879521597568,13.26544539351167,13.334322304420574,13.344925220786953,11.660591869793183,2,0,49,147
15.810928799682088,14.034340549959474,13.727879521597568,13.26544539351167,13.334322304420574,13.344925220786953,2,0,50,146
18.565586483425978,15.810928799682088,14.034340549959474,13.727879521597568,13.26544539351167,13.334322304420574,2,0,51,145
19.303000325753512,18.565586483425978,15.810928799682088,14.034340549959474,13.727879521597568,13.26544539351167,2,0,52,144
22.157445011013394,19.303000325753512,18.565586483425978,15.810928799682088,14.034340549959474,13.727879521597568,2,0,53,143
26.45136725867788,22.157445011013394,19.303000325753512,18.565586483425978,15.810928799682088,14.034340549959474,2,0,54,142
27.291168240215043,26.45136725867788,22.157445011013394,19.303000325753512,18.565586483425978,15.810928799682088,2,0,55,141
28.340853175223362,27.291168240215043,26.45136725867788,22.157445011013394,19.303000325753512,18.565586483425978,2,0,56,140
25.57763513957184,28.340853175223362,27.291168240215043,26.45136725867788,22.157445011013394,19.303000325753512,2,0,57,139
24.467456356801787,25.57763513957184,28.340853175223362,27.291168240215043,26.45136725867788,22.157445011013394,2,0,58,138
24.493440119188147,24.467456356801787,25.57763513957184,28.340853175223362,27.291168240215043,26.45136725867788,2,0,59,137
26.952926839539522,24.493440119188147,24.467456356801787,25.57763513957184,28.340853175223362,27.291168240215043,2,0,60,136
29.91978204383381,26.952926839539522,24.493440119188147,24.467456356801787,25.57763513957184,28.340853175223362,2,0,61,135
32.15053902644948,29.91978204383381,26.952926839539522,24.493440119188147,24.467456356801787,25.57763513957184,2,0,62,134
32.62042423826847,32.15053902644948,29.91978204383381,26.952926839539522,24.493440119188147,24.467456356801787,2,0,63,133
34.52922901840226,32.62042423826847,32.15053902644948,29.91978204383381,26.952926839539522,24.493440119188147,2,0,64,132
34.61941503922454,34.52922901840226,32.62042423826847,32.15053902644948,29.91978204383381,26.952926839539522,2,0,65,131
34.51582162953968,34.61941503922454,34.52922901840226,32.62042423826847,32.15053902644948,29.91978204383381,2,0,66,130
36.4883233285036,34.51582162953968,34.61941503922454,34.52922901840226,32.62042423826847,32.15053902644948,2,0,67,129
37.23150759707572,36.4883233285036,34.51582162953968,34.61941503922454,34.52922901840226,32.62042423826847,2,0,68,128
38.50811051037969,37.23150759707572,36.4883233285036,34.51582162953968,34.61941503922454,34.52922901840226,2,0,69,127
40.003030521242444,38.50811051037969,37.23150759707572,36.4883233285036,34.51582162953968,34.61941503922454,2,0,70,126
42.136173654650825,40.003030521242444,38.50811051037969,37.23150759707572,36.4883233285036,34.51582162953968,2,0,71,125
43.52331555468445,42.136173654650825,40.003030521242444,38.50811051037969,37.23150759707572,36.4883233285036,2,0,72,124
45.374389744353955,43.52331555468445,42.136173654650825,40.003030521242444,38.50811051037969,37.23150759707572,2,0,73,123
44.58332264258589,45.374389744353955,43.52331555468445,42.136173654650825,40.003030521242444,38.50811051037969,2,0,74,122
44.51333648454598,44.58332264258589,45.374389744353955,43.52331555468445,42.136173654650825,40.003030521242444,2,0,75,121
42.5732063596064,44.51333648454598,44.58332264258589,45.374389744353955,43.52331555468445,42.136173654650825,2,0,76,120
42.452929451970874,42.5732063596064,44.51333648454598,44.58332264258589,45.374389744353955,43.52331555468445,2,0,77,119
42.393176079405144,42.452929451970874,42.5732063596064,44.51333648454598,44.58332264258589,45.374389744353955,2,0,78,118
41.84690945336492,42.393176079405144,42.452929451970874,42.5732063596064,44.51333648454598,44.58332264258589,2,0,79,117
42.489577370072205,41.84690945336492,42.393176079405144,42.452929451970874,42.5732063596064,44.51333648454598,2,0,80,116
43.776516276972686,42.489577370072205,41.84690945336492,42.393176079405144,42.452929451970874,42.5732063596064,2,0,81,115
39.46089815529732,43.776516276972686,42.489577370072205,41.84690945336492,42.393176079405144,42.452929451970874,2,0,82,114
39.780459421623576,39.46089815529732,43.776516276972686,42.489577370072205,41.84690945336492,42.393176079405144,2,0,83,113
42.417567092113934,39.780459421623576,39.46089815529732,43.776516276972686,42.489577370072205,41.84690945336492,2,0,84,112
45.11598830092301,42.417567092113934,39.780459421623576,39.46089815529732,43.776516276972686,42.489577370072205,2,0,85,111
49.08197277471741,45.11598830092301,42.417567092113934,39.780459421623576,39.46089815529732,43.776516276972686,2,0,86,110
50.19259614988166,49.08197277471741,45.11598830092301,42.417567092113934,39.780459421623576,39.46089815529732,2,0,87,109
51.20218444208352,50.19259614988166,49.08197277471741,45.11598830092301,42.417567092113934,39.780459421623576,2,0,88,108
53.31034751096969,51.20218444208352,50.19259614988166,49.08197277471741,45.11598830092301,42.417567092113934,2,0,89,107
51.5477304357079,53.31034751096969,51.20218444208352,50.19259614988166,49.08197277471741,45.11598830092301,2,0,90,106
52.64161476928222,51.5477304357079,53.31034751096969,51.20218444208352,50.19259614988166,49.08197277471741,2,0,91,105
50.158146760052,52.64161476928222,51.5477304357079,53.31034751096969,51.20218444208352,50.19259614988166,2,0,92,104
51.292060252856075,50.158146760052,52.64161476928222,51.5477304357079,53.31034751096969,51.20218444208352,2,0,93,103
51.302245203396865,51.292060252856075,50.158146760052,52.64161476928222,51.5477304357079,53.31034751096969,2,0,94,102
52.766657110184354,51.302245203396865,51.292060252856075,50.158146760052,52.64161476928222,51.5477304357079,2,0,95,101
56.3836045939072,52.766657110184354,51.302245203396865,51.292060252856075,50.158146760052,52.64161476928222,2,0,96,100
58.23943233613015,56.3836045939072,52.766657110184354,51.302245203396865,51.292060252856075,50.158146760052,2,0,97,99
59.46990153281133,58.23943233613015,56.3836045939072,52.766657110184354,51.302245203396865,51.292060252856075,2,0,98,98
59.962067745916904,59.46990153281133,58.23943233613015,56.3836045939072,52.766657110184354,51.302245203396865,2,0,99,97
60.149654101779,59.962067745916904,59.46990153281133,58.23943233613015,56.3836045939072,52.766657110184354,2,0,100,96
60.52877307299852,60.149654101779,59.962067745916904,59.46990153281133,58.23943233613015,56.3836045939072,2,0,101,95
58.83383284073982,60.52877307299852,60.149654101779,59.962067745916904,59.46990153281133,58.23943233613015,2,0,102,94
58.8552256423837,58.83383284073982,60.52877307299852,60.149654101779,59.962067745916904,59.46990153281133,2,0,103,93
57.998639702601594,58.8552256423837,58.83383284073982,60.52877307299852,60.149654101779,59.962067745916904,2,0,104,92
56.5914838705993,57.998639702601594,58.8552256423837,58.83383284073982,60.52877307299852,60.149654101779,2,0,105,91
57.773608534283625,56.5914838705993,57.998639702601594,58.8552256423837,58.83383284073982,60.52877307299852,2,0,106,90
56.76529030129537,57.773608534283625,56.5914838705993,57.998639702601594,58.8552256423837,58.83383284073982,2,0,107,89
59.45612864233665,56.76529030129537,57.773608534283625,56.5914838705993,57.998639702601594,58.8552256423837,2,0,108,88
60.3268754449698,59.45612864233665,56.76529030129537,57.773608534283625,56.5914838705993,57.998639702601594,2,0,109,87
62.398005195170555,60.3268754449698,59.45612864233665,56.76529030129537,57.773608534283625,56.5914838705993,2,0,110,86
63.562122804849515,62.398005195170555,60.3268754449698,59.45612864233665,56.76529030129537,57.773608534283625,2,0,111,85
62.5588212836597,63.562122804849515,62.398005195170555,60.3268754449698,59.45612864233665,56.76529030129537,2,0,112,84
63.12639925534059,62.5588212836597,63.562122804849515,62.398005195170555,60.3268754449698,59.45612864233665,2,0,113,83
60.974393403860525,63.12639925534059,62.5588212836597,63.562122804849515,62.398005195170555,60.3268754449698,2,0,114,82
58.66492913917262,60.974393403860525,63.12639925534059,62.5588212836597,63.562122804849515,62.398005195170555,2,0,115,81
55.07245117991335,58.66492913917262,60.974393403860525,63.12639925534059,62.5588212836597,63.562122804849515,2,0,116,80
54.707803484434706,55.07245117991335,58.66492913917262,60.974393403860525,63.12639925534059,62.5588212836597,2,0,117,79
54.02418608238964,54.707803484434706,55.07245117991335,58.66492913917262,60.974393403860525,63.12639925534059,2,0,118,78
52.25830628961287,54.02418608238964,54.707803484434706,55.07245117991335,58.66492913917262,60.974393403860525,2,0,119,77
54.60088648132343,52.25830628961287,54.02418608238964,54.707803484434706,55.07245117991335,58.66492913917262,2,0,120,76
54.61284366997819,54.60088648132343,52.25830628961287,54.02418608238964,54.707803484434706,55.07245117991335,2,0,121,75
55.18999009441617,54.61284366997819,54.60088648132343,52.25830628961287,54.02418608238964,54.707803484434706,2,0,122,74
54.32147410305592,55.18999009441617,54.61284366997819,54.60088648132343,52.25830628961287,54.02418608238964,2,0,123,73
51.83382352868053,54.32147410305592,55.18999009441617,54.61284366997819,54.60088648132343,52.25830628961287,2,0,124,72
47.947814209552455,51.83382352868053,54.32147410305592,55.18999009441617,54.61284366997819,54.60088648132343,2,0,125,71
44.04790515490962,47.947814209552455,51.83382352868053,54.32147410305592,55.18999009441617,54.61284366997819,2,0,126,70
40.87918524493816,44.04790515490962,47.947814209552455,51.83382352868053,54.32147410305592,55.18999009441617,2,0,127,69
37.431944661891364,40.87918524493816,44.04790515490962,47.947814209552455,51.83382352868053,54.32147410305592,2,0,128,68
37.003557664493684,37.431944661891364,40.87918524493816,44.04790515490962,47.947814209552455,51.83382352868053,2,0,129,67
39.37880247515261,37.003557664493684,37.431944661891364,40.87918524493816,44.04790515490962,47.947814209552455,2,0,130,66
40.87432226576065,39.37880247515261,37.003557664493684,37.431944661891364,40.87918524493816,44.04790515490962,2,0,131,65
41.66875951884926,40.87432226576065,39.37880247515261,37.003557664493684,37.431944661891364,40.87918524493816,2,0,132,64
40.89984195150838,41.66875951884926,40.87432226576065,39.37880247515261,37.003557664493684,37.431944661891364,2,0,133,63
40.11380231919488,40.89984195150838,41.66875951884926,40.87432226576065,39.37880247515261,37.003557664493684,2,0,134,62
39.47356324101111,40.11380231919488,40.89984195150838,41.66875951884926,40.87432226576065,39.37880247515261,2,0,135,61
43.0239010992585,39.47356324101111,40.11380231919488,40.89984195150838,41.66875951884926,40.87432226576065,2,0,136,60
43.16307603688789,43.0239010992585,39.47356324101111,40.11380231919488,40.89984195150838,41.66875951884926,2,0,137,59
43.424714742034546,43.16307603688789,43.0239010992585,39.47356324101111,40.11380231919488,40.89984195150838,2,0,138,58
44.66132072647561,43.424714742034546,43.16307603688789,43.0239010992585,39.47356324101111,40.11380231919488,2,0,139,57
44.211377820375176,44.66132072647561,43.424714742034546,43.16307603688789,43.0239010992585,39.47356324101111,2,0,140,56
42.36367075354714,44.211377820375176,44.66132072647561,43.424714742034546,43.16307603688789,43.0239010992585,2,0,141,55
38.935552984432135,42.36367075354714,44.211377820375176,44.66132072647561,43.424714742034546,43.16307603688789,2,0,142,54
38.90209915378378,38.935552984432135,42.36367075354714,44.211377820375176,44.66132072647561,43.424714742034546,2,0,143,53
41.773853643177425,38.90209915378378,38.935552984432135,42.36367075354714,44.211377820375176,44.66132072647561,2,0,144,52
42.788556277935974,41.773853643177425,38.90209915378378,38.935552984432135,42.36367075354714,44.211377820375176,2,0,145,51
43.36714938441312,42.788556277935974,41.773853643177425,38.90209915378378,38.935552984432135,42.36367075354714,2,0,146,50
43.688145252131356,43.36714938441312,42.788556277935974,41.773853643177425,38.90209915378378,38.935552984432135,2,0,147,49
43.92477764485331,43.688145252131356,43.36714938441312,42.788556277935974,41.773853643177425,38.90209915378378,2,0,148,48
42.21894536506394,43.92477764485331,43.688145252131356,43.36714938441312,42.788556277935974,41.773853643177425,2,0,149,47
41.827383200817195,42.21894536506394,43.92477764485331,43.688145252131356,43.36714938441312,42.788556277935974,2,0,150,46
39.79074889867096,41.827383200817195,42.21894536506394,43.92477764485331,43.688145252131356,43.36714938441312,2,0,151,45
38.91536646228906,39.79074889867096,41.827383200817195,42.21894536506394,43.92477764485331,43.688145252131356,2,0,152,44
38.9910019970328,38.91536646228906,39.79074889867096,41.827383200817195,42.21894536506394,43.92477764485331,2,0,153,43
38.95114579239686,38.9910019970328,38.91536646228906,39.79074889867096,41.827383200817195,42.21894536506394,2,0,154,42
40.100309372795685,38.95114579239686,38.9910019970328,38.91536646228906,39.79074889867096,41.827383200817195,2,0,155,41
43.06700430990051,40.100309372795685,38.95114579239686,38.9910019970328,38.91536646228906,39.79074889867096,2,0,156,40
44.70292974884663,43.06700430990051,40.100309372795685,38.95114579239686,38.9910019970328,38.91536646228906,2,0,157,39
45.59507220536801,44.70292974884663,43.06700430990051,40.100309372795685,38.95114579239686,38.9910019970328,2,0,158,38
43.386747405870636,45.59507220536801,44.70292974884663,43.06700430990051,40.100309372795685,38.95114579239686,2,0,159,37
39.944045582075205,43.386747405870636,45.59507220536801,44.70292974884663,43.06700430990051,40.100309372795685,2,0,160,36
38.338809244528235,39.944045582075205,43.386747405870636,45.59507220536801,44.70292974884663,43.06700430990051,2,0,161,35
36.63579066875489,38.338809244528235,39.944045582075205,43.386747405870636,45.59507220536801,44.70292974884663,2,0,162,34
38.36154782130714,36.63579066875489,38.338809244528235,39.944045582075205,43.386747405870636,45.59507220536801,2,0,163,33
36.38244378704797,38.36154782130714,36.63579066875489,38.338809244528235,39.944045582075205,43.386747405870636,2,0,164,32
33.68095200714457,36.38244378704797,38.36154782130714,36.63579066875489,38.338809244528235,39.944045582075205,2,0,165,31
30.04731419165954,33.68095200714457,36.38244378704797,38.36154782130714,36.63579066875489,38.338809244528235,2,0,166,30
31.427903404388132,30.04731419165954,33.68095200714457,36.38244378704797,38.36154782130714,36.63579066875489,2,0,167,29
33.77727279653301,31.427903404388132,30.04731419165954,33.68095200714457,36.38244378704797,38.36154782130714,2,0,168,28
36.14130449420254,33.77727279653301,31.427903404388132,30.04731419165954,33.68095200714457,36.38244378704797,2,0,169,27
38.87494382964914,36.14130449420254,33.77727279653301,31.427903404388132,30.04731419165954,33.68095200714457,2,0,170,26
41.39758515234263,38.87494382964914,36.14130449420254,33.77727279653301,31.427903404388132,30.04731419165954,2,0,171,25
40.4207975909586,41.39758515234263,38.87494382964914,36.14130449420254,33.77727279653301,31.427903404388132,2,0,172,24
42.304676252119876,40.4207975909586,41.39758515234263,38.87494382964914,36.14130449420254,33.77727279653301,2,0,173,23
44.12540467255509,42.304676252119876,40.4207975909586,41.39758515234263,38.87494382964914,36.14130449420254,2,0,174,22
44.2235604109668,44.12540467255509,42.304676252119876,40.4207975909586,41.39758515234263,38.87494382964914,2,0,175,21
42.76360096969841,44.2235604109668,44.12540467255509,42.304676252119876,40.4207975909586,41.39758515234263,2,0,176,20
39.57823661134111,42.76360096969841,44.2235604109668,44.12540467255509,42.304676252119876,40.4207975909586,2,0,177,19
39.839603464050754,39.57823661134111,42.76360096969841,44.2235604109668,44.12540467255509,42.304676252119876,2,0,178,18
41.66728980876554,39.839603464050754,39.57823661134111,42.76360096969841,44.2235604109668,44.12540467255509,2,0,179,17
41.882074488016706,41.66728980876554,39.839603464050754,39.57823661134111,42.76360096969841,44.2235604109668,2,0,180,16
41.19736629238783,41.882074488016706,41.66728980876554,39.839603464050754,39.57823661134111,42.76360096969841,2,0,181,15
39.01488452199017,41.19736629238783,41.882074488016706,41.66728980876554,39.839603464050754,39.57823661134111,2,0,182,14
39.418283306708254,39.01488452199017,41.19736629238783,41.882074488016706,41.66728980876554,39.839603464050754,2,0,183,13
38.06803836979877,39.418283306708254,39.01488452199017,41.19736629238783,41.882074488016706,41.66728980876554,2,0,184,12
36.664336458204495,38.06803836979877,39.418283306708254,39.01488452199017,41.19736629238783,41.882074488016706,2,0,185,11
34.70454384498375,36.664336458204495,38.06803836979877,39.418283306708254,39.01488452199017,41.19736629238783,2,0,186,10
33.04465385650566,34.70454384498375,36.664336458204495,38.06803836979877,39.418283306708254,39.01488452199017,2,0,187,9
34.27871202629393,33.04465385650566,34.70454384498375,36.664336458204495,38.06803836979877,39.418283306708254,2,0,188,8
37.32528341323721,34.27871202629393,33.04465385650566,34.70454384498375,36.664336458204495,38.06803836979877,2,0,189,7
38.895832644392584,37.32528341323721,34.27871202629393,33.04465385650566,34.70454384498375,36.664336458204495,2,0,190,6
37.90812731618376,38.895832644392584,37.32528341323721,34.27871202629393,33.04465385650566,34.70454384498375,2,1,191,5
39.66204869395052,37.90812731618376,38.895832644392584,37.32528341323721,34.27871202629393,33.04465385650566,2,1,192,4
39.70323708156063,39.66204869395052,37.90812731618376,38.895832644392584,37.32528341323721,34.27871202629393,2,1,193,3
38.67680629289907,39.70323708156063,39.66204869395052,37.90812731618376,38.895832644392584,37.32528341323721,2,1,194,2
37.527872441006835,38.67680629289907,39.70323708156063,39.66204869395052,37.90812731618376,38.895832644392584,2,1,195,1
39.23447970812136,37.527872441006835,38.67680629289907,39.70323708156063,39.66204869395052,37.90812731618376,3,1,0,0
38.397174769384385,39.23447970812136,37.527872441006835,38.67680629289907,39.70323708156063,39.66204869395052,3,1,1,198
38.41706609239395,38.397174769384385,39.23447970812136,37.527872441006835,38.67680629289907,39.70323708156063,3,1,2,197
36.98143044105175,38.41706609239395,38.397174769384385,39.23447970812136,37.527872441006835,38.67680629289907,3,1,3,196
36.045974221352395,36.98143044105175,38.41706609239395,38.397174769384385,39.23447970812136,37.527872441006835,3,1,4,195
36.90623969617697,36.045974221352395,36.98143044105175,38.41706609239395,38.397174769384385,39.23447970812136,3,0,5,194
35.61445544224528,36.90623969617697,36.045974221352395,36.98143044105175,38.41706609239395,38.397174769384385,3,0,6,193
31.90997057625161,35.61445544224528,36.90623969617697,36.045974221352395,36.98143044105175,38.41706609239395,3,0,7,192
32.46103333674538,31.90997057625161,35.61445544224528,36.90623969617697,36.045974221352395,36.98143044105175,3,0,8,191
32.69312785920052,32.46103333674538,31.90997057625161,35.61445544224528,36.90623969617697,36.045974221352395,3,0,9,190
30.125214890215283,32.69312785920052,32.46103333674538,31.90997057625161,35.61445544224528,36.90623969617697,3,0,10,189
31.663769737022104,30.125214890215283,32.69312785920052,32.46103333674538,31.90997057625161,35.61445544224528,3,0,11,188
33.370570048795926,31.663769737022104,30.125214890215283,32.69312785920052,32.46103333674538,31.90997057625161,3,0,12,187
31.165777282616993,33.370570048795926,31.663769737022104,30.125214890215283,32.69312785920052,32.46103333674538,3,0,13,186
34.7585909186733,31.165777282616993,33.370570048795926,31.663769737022104,30.125214890215283,32.69312785920052,3,0,14,185
35.41822269900294,34.7585909186733,31.165777282616993,33.370570048795926,31.663769737022104,30.125214890215283,3,0,15,184
31.073934051568337,35.41822269900294,34.7585909186733,31.165777282616993,33.370570048795926,31.663769737022104,3,0,16,183
34.2392800220776,31.073934051568337,35.41822269900294,34.7585909186733,31.165777282616993,33.370570048795926,3,0,17,182
33.770965155322735,34.2392800220776,31.073934051568337,35.41822269900294,34.7585909186733,31.165777282616993,3,0,18,181
31.289411669537028,33.770965155322735,34.2392800220776,31.073934051568337,35.41822269900294,34.7585909186733,3,0,19,180
33.85353885498175,31.289411669537028,33.770965155322735,34.2392800220776,31.073934051568337,35.41822269900294,3,0,20,179
35.83389796366228,33.85353885498175,31.289411669537028,33.770965155322735,34.2392800220776,31.073934051568337,3,0,21,178
25.339997493467386,35.83389796366228,33.85353885498175,31.289411669537028,33.770965155322735,34.2392800220776,3,0,22,177
26.308701569788745,25.339997493467386,35.83389796366228,33.85353885498175,31.289411669537028,33.770965155322735,3,0,23,176
30.128460840903056,26.308701569788745,25.339997493467386,35.83389796366228,33.85353885498175,31.289411669537028,3,0,24,175
21.572244032584038,30.128460840903056,26.308701569788745,25.339997493467386,35.83389796366228,33.85353885498175,3,0,25,174
21.12309592925416,21.572244032584038,30.128460840903056,26.308701569788745,25.339997493467386,35.83389796366228,3,0,26,173
24.161863064293243,21.12309592925416,21.572244032584038,30.128460840903056,26.308701569788745,25.339997493467386,3,0,27,172
19.64074572691186,24.161863064293243,21.12309592925416,21.572244032584038,30.128460840903056,26.308701569788745,3,0,28,171
20.822292448856324,19.64074572691186,24.161863064293243,21.12309592925416,21.572244032584038,30.128460840903056,3,0,29,170
24.81060764414413,20.822292448856324,19.64074572691186,24.161863064293243,21.12309592925416,21.572244032584038,3,0,30,169
22.61314270239564,24.81060764414413,20.822292448856324,19.64074572691186,24.161863064293243,21.12309592925416,3,0,31,168
24.101097808302644,22.61314270239564,24.81060764414413,20.822292448856324,19.64074572691186,24.161863064293243,3,0,32,167
28.395818573250843,24.101097808302644,22.61314270239564,24.81060764414413,20.822292448856324,19.64074572691186,3,0,33,166
26.13509518659047,28.395818573250843,24.101097808302644,22.61314270239564,24.81060764414413,20.822292448856324,3,0,34,165
28.07746128079378,26.13509518659047,28.395818573250843,24.101097808302644,22.61314270239564,24.81060764414413,3,0,35,164
29.92918952733703,28.07746128079378,26.13509518659047,28.395818573250843,24.101097808302644,22.61314270239564,3,0,36,163
28.75434515147549,29.92918952733703,28.07746128079378,26.13509518659047,28.395818573250843,24.101097808302644,3,0,37,162
26.46064128307284,28.75434515147549,29.92918952733703,28.07746128079378,26.13509518659047,28.395818573250843,3,0,38,161
21.599502166515542,26.46064128307284,28.75434515147549,29.92918952733703,28.07746128079378,26.13509518659047,3,0,39,160
20.17233617638883,21.599502166515542,26.46064128307284,28.75434515147549,29.92918952733703,28.07746128079378,3,0,40,159
22.150979510686682,20.17233617638883,21.599502166515542,26.46064128307284,28.75434515147549,29.92918952733703,3,0,41,158
22.800432345634924,22.150979510686682,20.17233617638883,21.599502166515542,26.46064128307284,28.75434515147549,3,0,42,157
19.546875939990386,22.800432345634924,22.150979510686682,20.17233617638883,21.599502166515542,26.46064128307284,3,0,43,156
19.134065427719765,19.546875939990386,22.800432345634924,22.150979510686682,20.17233617638883,21.599502166515542,3,0,44,155
16.00255384667021,19.134065427719765,19.546875939990386,22.800432345634924,22.150979510686682,20.17233617638883,3,0,45,154
13.442190329273648,16.00255384667021,19.134065427719765,19.546875939990386,22.800432345634924,22.150979510686682,3,0,46,153
16.075965420499923,13.442190329273648,16.00255384667021,19.134065427719765,19.546875939990386,22.800432345634924,3,0,47,152
14.585929349811716,16.075965420499923,13.442190329273648,16.00255384667021,19.134065427719765,19.546875939990386,3,0,48,151
12.21866332010862,14.585929349811716,16.075965420499923,13.442190329273648,16.00255384667021,19.134065427719765,3,0,49,150
13.128632419496274,12.21866332010862,14.585929349811716,16.075965420499923,13.442190329273648,16.00255384667021,3,0,50,149
18.059767234062654,13.128632419496274,12.21866332010862,14.585929349811716,16.075965420499923,13.442190329273648,3,0,51,148
18.035946367700866,18.059767234062654,13.128632419496274,12.21866332010862,14.585929349811716,16.075965420499923,3,0,52,147
15.76738408710521,18.035946367700866,18.059767234062654,13.128632419496274,12.21866332010862,14.585929349811716,3,0,53,146
16.77288887584295,15.76738408710521,18.035946367700866,18.059767234062654,13.128632419496274,12.21866332010862,3,0,54,145
19.203297669604915,16.77288887584295,15.76738408710521,18.035946367700866,18.059767234062654,13.128632419496274,3,0,55,144
17.225114168127096,19.203297669604915,16.77288887584295,15.76738408710521,18.035946367700866,18.059767234062654,3,0,56,143
17.694863544502397,17.225114168127096,19.203297669604915,16.77288887584295,15.76738408710521,18.035946367700866,3,0,57,142
21.47364134539025,17.694863544502397,17.225114168127096,19.203297669604915,16.77288887584295,15.76738408710521,3,0,58,141
21.031856772626046,21.47364134539025,17.694863544502397,17.225114168127096,19.203297669604915,16.77288887584295,3,0,59,140
20.40500948597865,21.031856772626046,21.47364134539025,17.694863544502397,17.225114168127096,19.203297669604915,3,0,60,139
20.22309853087194,20.40500948597865,21.031856772626046,21.47364134539025,17.694863544502397,17.225114168127096,3,0,61,138
16.366214079762088,20.22309853087194,20.40500948597865,21.031856772626046,21.47364134539025,17.694863544502397,3,0,62,137
13.986043002224003,16.366214079762088,20.22309853087194,20.40500948597865,21.031856772626046,21.47364134539025,3,0,63,136
15.294105437059,13.986043002224003,16.366214079762088,20.22309853087194,20.40500948597865,21.031856772626046,3,0,64,135
10.032360117475655,15.294105437059,13.986043002224003,16.366214079762088,20.22309853087194,20.40500948597865,3,0,65,134
11.172384972088787,10.032360117475655,15.294105437059,13.986043002224003,16.366214079762088,20.22309853087194,3,0,66,133
11.48902152725167,11.172384972088787,10.032360117475655,15.294105437059,13.986043002224003,16.366214079762088,3,0,67,132
10.593350109005566,11.48902152725167,11.172384972088787,10.032360117475655,15.294105437059,13.986043002224003,3,0,68,131
11.141051080391872,10.593350109005566,11.48902152725167,11.172384972088787,10.032360117475655,15.294105437059,3,0,69,130
14.984343321150366,11.141051080391872,10.593350109005566,11.48902152725167,11.172384972088787,10.032360117475655,3,0,70,129
14.604188982548933,14.984343321150366,11.141051080391872,10.593350109005566,11.48902152725167,11.172384972088787,3,0,71,128
14.616646325972317,14.604188982548933,14.984343321150366,11.141051080391872,10.593350109005566,11.48902152725167,3,0,72,127
12.773186250279084,14.616646325972317,14.604188982548933,14.984343321150366,11.141051080391872,10.593350109005566,3,0,73,126
7.023036017980033,12.773186250279084,14.616646325972317,14.604188982548933,14.984343321150366,11.141051080391872,3,0,74,125
7.02081824929517,7.023036017980033,12.773186250279084,14.616646325972317,14.604188982548933,14.984343321150366,3,0,75,124
8.36426200573625,7.02081824929517,7.023036017980033,12.773186250279084,14.616646325972317,14.604188982548933,3,0,76,123
6.729471103868233,8.36426200573625,7.02081824929517,7.023036017980033,12.773186250279084,14.616646325972317,3,0,77,122
8.146488063758184,6.729471103868233,8.36426200573625,7.02081824929517,7.023036017980033,12.773186250279084,3,0,78,121
8.022736428439996,8.146488063758184,6.729471103868233,8.36426200573625,7.02081824929517,7.023036017980033,3,0,79,120
8.8511516240697,8.022736428439996,8.146488063758184,6.729471103868233,8.36426200573625,7.02081824929517,3,0,80,119
9.779136135152706,8.8511516240697,8.022736428439996,8.146488063758184,6.729471103868233,8.36426200573625,3,0,81,118
7.869997656323491,9.779136135152706,8.8511516240697,8.022736428439996,8.146488063758184,6.729471103868233,3,0,82,117
6.9974002405439135,7.869997656323491,9.779136135152706,8.8511516240697,8.022736428439996,8.146488063758184,3,0,83,116
9.973043070456454,6.9974002405439135,7.869997656323491,9.779136135152706,8.8511516240697,8.022736428439996,3,0,84,115
8.049739200076784,9.973043070456454,6.9974002405439135,7.869997656323491,9.779136135152706,8.8511516240697,3,0,85,114
12.219766706051995,8.049739200076784,9.973043070456454,6.9974002405439135,7.869997656323491,9.779136135152706,3,0,86,113
13.599233805147573,12.219766706051995,8.049739200076784,9.973043070456454,6.9974002405439135,7.869997656323491,3,0,87,112
13.104586730680683,13.599233805147573,12.219766706051995,8.049739200076784,9.973043070456454,6.9974002405439135,3,0,88,111
14.57108539632677,13.104586730680683,13.599233805147573,12.219766706051995,8.049739200076784,9.973043070456454,3,0,89,110
13.710220322376857,14.57108539632677,13.104586730680683,13.599233805147573,12.219766706051995,8.049739200076784,3,0,90,109
12.482765484795816,13.710220322376857,14.57108539632677,13.104586730680683,13.599233805147573,12.219766706051995,3,0,91,108
14.573708864617165,12.482765484795816,13.710220322376857,14.57108539632677,13.104586730680683,13.599233805147573,3,0,92,107
16.60283760982484,14.573708864617165,12.482765484795816,13.710220322376857,14.57108539632677,13.104586730680683,3,0,93,106
18.36134717375304,16.60283760982484,14.573708864617165,12.482765484795816,13.710220322376857,14.57108539632677,3,0,94,105
19.054423993222514,18.36134717375304,16.60283760982484,14.573708864617165,12.482765484795816,13.710220322376857,3,0,95,104
19.933347456397357,19.054423993222514,18.36134717375304,16.60283760982484,14.573708864617165,12.482765484795816,3,0,96,103
21.461090801893125,19.933347456397357,19.054423993222514,18.36134717375304,16.60283760982484,14.573708864617165,3,0,97,102
23.92930021172231,21.461090801893125,19.933347456397357,19.054423993222514,18.36134717375304,16.60283760982484,3,0,98,101
22.235112617817574,23.92930021172231,21.461090801893125,19.933347456397357,19.054423993222514,18.36134717375304,3,0,99,100
25.10468061574462,22.235112617817574,23.92930021172231,21.461090801893125,19.933347456397357,19.054423993222514,3,0,100,99
29.72118811247524,25.10468061574462,22.235112617817574,23.92930021172231,21.461090801893125,19.933347456397357,3,0,101,98
28.137718879151347,29.72118811247524,25.10468061574462,22.235112617817574,23.92930021172231,21.461090801893125,3,0,102,97
30.768665519380406,28.137718879151347,29.72118811247524,25.10468061574462,22.235112617817574,23.92930021172231,3,0,103,96
33.76247914120001,30.768665519380406,28.137718879151347,29.72118811247524,25.10468061574462,22.235112617817574,3,0,104,95
33.286608978785225,33.76247914120001,30.768665519380406,28.137718879151347,29.72118811247524,25.10468061574462,3,0,105,94
32.25588779434257,33.286608978785225,33.76247914120001,30.768665519380406,28.137718879151347,29.72118811247524,3,0,106,93
35.78493241735976,32.25588779434257,33.286608978785225,33.76247914120001,30.768665519380406,28.137718879151347,3,0,107,92
39.68859200674427,35.78493241735976,32.25588779434257,33.286608978785225,33.76247914120001,30.768665519380406,3,0,108,91
38.36475718207473,39.68859200674427,35.78493241735976,32.25588779434257,33.286608978785225,33.76247914120001,3,0,109,90
38.04904261305574,38.36475718207473,39.68859200674427,35.78493241735976,32.25588779434257,33.286608978785225,3,0,110,89
42.892856288487685,38.04904261305574,38.36475718207473,39.68859200674427,35.78493241735976,32.25588779434257,3,0,111,88
39.86172872587089,42.892856288487685,38.04904261305574,38.36475718207473,39.68859200674427,35.78493241735976,3,0,112,87
37.363245095688384,39.86172872587089,42.892856288487685,38.04904261305574,38.36475718207473,39.68859200674427,3,0,113,86
42.239818646748915,37.363245095688384,39.86172872587089,42.892856288487685,38.04904261305574,38.36475718207473,3,0,114,85
43.65644763127682,42.239818646748915,37.363245095688384,39.86172872587089,42.892856288487685,38.04904261305574,3,0,115,84
38.05613616621027,43.65644763127682,42.239818646748915,37.363245095688384,39.86172872587089,42.892856288487685,3,0,116,83
38.70236019712924,38.05613616621027,43.65644763127682,42.239818646748915,37.363245095688384,39.86172872587089,3,0,117,82
37.26089013838327,38.70236019712924,38.05613616621027,43.65644763127682,42.239818646748915,37.363245095688384,3,0,118,81
39.34872072286456,37.26089013838327,38.70236019712924,38.05613616621027,43.65644763127682,42.239818646748915,3,0,119,80
36.50860175540384,39.34872072286456,37.26089013838327,38.70236019712924,38.05613616621027,43.65644763127682,3,0,120,79
33.8335023254774,36.50860175540384,39.34872072286456,37.26089013838327,38.70236019712924,38.05613616621027,3,0,121,78
32.05749441220603,33.8335023254774,36.50860175540384,39.34872072286456,37.26089013838327,38.70236019712924,3,0,122,77
29.124809016462667,32.05749441220603,33.8335023254774,36.50860175540384,39.34872072286456,37.26089013838327,3,0,123,76
29.152568219483317,29.124809016462667,32.05749441220603,33.8335023254774,36.50860175540384,39.34872072286456,3,0,124,75
28.4235939689294,29.152568219483317,29.124809016462667,32.05749441220603,33.8335023254774,36.50860175540384,3,0,125,74
26.57630252552455,28.4235939689294,29.152568219483317,29.124809016462667,32.05749441220603,33.8335023254774,3,0,126,73
24.27878867128782,26.57630252552455,28.4235939689294,29.152568219483317,29.124809016462667,32.05749441220603,3,0,127,72
24.97295776901449,24.27878867128782,26.57630252552455,28.4235939689294,29.152568219483317,29.124809016462667,3,0,128,71
21.95982665526001,24.97295776901449,24.27878867128782,26.57630252552455,28.4235939689294,29.152568219483317,3,0,129,70
21.97039656732966,21.95982665526001,24.97295776901449,24.27878867128782,26.57630252552455,28.4235939689294,3,0,130,69
22.26779111081303,21.97039656732966,21.95982665526001,24.97295776901449,24.27878867128782,26.57630252552455,3,0,131,68
24.81856481272189,22.26779111081303,21.97039656732966,21.95982665526001,24.97295776901449,24.27878867128782,3,0,132,67
23.143372615613274,24.81856481272189,22.26779111081303,21.97039656732966,21.95982665526001,24.97295776901449,3,0,133,66
27.876597649845692,23.143372615613274,24.81856481272189,22.26779111081303,21.97039656732966,21.95982665526001,3,0,134,65
30.04260625950011,27.876597649845692,23.143372615613274,24.81856481272189,22.26779111081303,21.97039656732966,3,0,135,64
28.03441085546608,30.04260625950011,27.876597649845692,23.143372615613274,24.81856481272189,22.26779111081303,3,0,136,63
33.62982957447755,28.03441085546608,30.04260625950011,27.876597649845692,23.143372615613274,24.81856481272189,3,0,137,62
32.795971455031555,33.62982957447755,28.03441085546608,30.04260625950011,27.876597649845692,23.143372615613274,3,0,138,61
37.33576801565449,32.795971455031555,33.62982957447755,28.03441085546608,30.04260625950011,27.876597649845692,3,0,139,60
41.27578165519894,37.33576801565449,32.795971455031555,33.62982957447755,28.03441085546608,30.04260625950011,3,0,140,59
38.05435990951442,41.27578165519894,37.33576801565449,32.795971455031555,33.62982957447755,28.03441085546608,3,0,141,58
39.92564875224147,38.05435990951442,41.27578165519894,37.33576801565449,32.795971455031555,33.62982957447755,3,0,142,57
41.02631573040198,39.92564875224147,38.05435990951442,41.27578165519894,37.33576801565449,32.795971455031555,3,0,143,56
37.61272845662097,41.02631573040198,39.92564875224147,38.05435990951442,41.27578165519894,37.33576801565449,3,0,144,55
37.340668235805566,37.61272845662097,41.02631573040198,39.92564875224147,38.05435990951442,41.27578165519894,3,0,145,54
40.88510849301406,37.340668235805566,37.61272845662097,41.02631573040198,39.92564875224147,38.05435990951442,3,0,146,53
35.927373825599865,40.88510849301406,37.340668235805566,37.61272845662097,41.02631573040198,39.92564875224147,3,0,147,52
33.727001036718676,35.927373825599865,40.88510849301406,37.340668235805566,37.61272845662097,41.02631573040198,3,0,148,51
35.91231581292807,33.727001036718676,35.927373825599865,40.88510849301406,37.340668235805566,37.61272845662097,3,0,149,50
32.86361299415733,35.91231581292807,33.727001036718676,35.927373825599865,40.88510849301406,37.340668235805566,3,0,150,49
33.02617404178456,32.86361299415733,35.91231581292807,33.727001036718676,35.927373825599865,40.88510849301406,3,0,151,48
32.96804209060686,33.02617404178456,32.86361299415733,35.91231581292807,33.727001036718676,35.927373825599865,3,0,152,47
30.067988698965834,32.96804209060686,33.02617404178456,32.86361299415733,35.91231581292807,33.727001036718676,3,0,153,46
31.835582915696534,30.067988698965834,32.96804209060686,33.02617404178456,32.86361299415733,35.91231581292807,3,0,154,45
33.495413028820195,31.835582915696534,30.067988698965834,32.96804209060686,33.02617404178456,32.86361299415733,3,0,155,44
31.12394959472111,33.495413028820195,31.835582915696534,30.067988698965834,32.96804209060686,33.02617404178456,3,0,156,43
33.09875306673556,31.12394959472111,33.495413028820195,31.835582915696534,30.067988698965834,32.96804209060686,3,0,157,42
35.33069988997527,33.09875306673556,31.12394959472111,33.495413028820195,31.835582915696534,30.067988698965834,3,0,158,41
36.37231797466382,35.33069988997527,33.09875306673556,31.12394959472111,33.495413028820195,31.835582915696534,3,0,159,40
36.43484358702598,36.37231797466382,35.33069988997527,33.09875306673556,31.12394959472111,33.495413028820195,3,0,160,39
44.47320404526481,36.43484358702598,36.37231797466382,35.33069988997527,33.09875306673556,31.12394959472111,3,0,161,38
43.26670635488108,44.47320404526481,36.43484358702598,36.37231797466382,35.33069988997527,33.09875306673556,3,0,162,37
40.43076752749461,43.26670635488108,44.47320404526481,36.43484358702598,36.37231797466382,35.33069988997527,3,0,163,36
46.264441142576985,40.43076752749461,43.26670635488108,44.47320404526481,36.43484358702598,36.37231797466382,3,0,164,35
45.98914917751017,46.264441142576985,40.43076752749461,43.26670635488108,44.47320404526481,36.43484358702598,3,0,165,34
42.77141713448451,45.98914917751017,46.264441142576985,40.43076752749461,43.26670635488108,44.47320404526481,3,0,166,33
47.63869088362113,42.77141713448451,45.98914917751017,46.264441142576985,40.43076752749461,43.26670635488108,3,0,167,32
45.96310589219611,47.63869088362113,42.77141713448451,45.98914917751017,46.264441142576985,40.43076752749461,3,0,168,31
45.7809461858474,45.96310589219611,47.63869088362113,42.77141713448451,45.98914917751017,46.264441142576985,3,0,169,30
49.140208234256576,45.7809461858474,45.96310589219611,47.63869088362113,42.77141713448451,45.98914917751017,3,0,170,29
48.218938068367606,49.140208234256576,45.7809461858474,45.96310589219611,47.63869088362113,42.77141713448451,3,0,171,28
48.95042424143947,48.218938068367606,49.140208234256576,45.7809461858474,45.96310589219611,47.63869088362113,3,0,172,27
49.369475986685465,48.95042424143947,48.218938068367606,49.140208234256576,45.7809461858474,45.96310589219611,3,0,173,26
47.20803152960686,49.369475986685465,48.95042424143947,48.218938068367606,49.140208234256576,45.7809461858474,3,0,174,25
44.714780036425054,47.20803152960686,49.369475986685465,48.95042424143947,48.218938068367606,49.140208234256576,3,0,175,24
44.17575969555659,44.714780036425054,47.20803152960686,49.369475986685465,48.95042424143947,48.218938068367606,3,0,176,23
45.81881202847953,44.17575969555659,44.714780036425054,47.20803152960686,49.369475986685465,48.95042424143947,3,0,177,22
46.936697330443316,45.81881202847953,44.17575969555659,44.714780036425054,47.20803152960686,49.369475986685465,3,0,178,21
45.07877338129021,46.936697330443316,45.81881202847953,44.17575969555659,44.714780036425054,47.20803152960686,3,0,179,20
45.65584005568837,45.07877338129021,46.936697330443316,45.81881202847953,44.17575969555659,44.714780036425054,3,0,180,19
44.18134832401373,45.65584005568837,45.07877338129021,46.936697330443316,45.81881202847953,44.17575969555659,3,0,181,18
39.111925562038046,44.18134832401373,45.65584005568837,45.07877338129021,46.936697330443316,45.81881202847953,3,0,182,17
40.314210884171544,39.111925562038046,44.18134832401373,45.65584005568837,45.07877338129021,46.936697330443316,3,0,183,16
42.86788989591357,40.314210884171544,39.111925562038046,44.18134832401373,45.65584005568837,45.07877338129021,3,0,184,15
41.23569957385239,42.86788989591357,40.314210884171544,39.111925562038046,44.18134832401373,45.65584005568837,3,0,185,14
38.19385642406037,41.23569957385239,42.86788989591357,40.314210884171544,39.111925562038046,44.18134832401373,3,0,186,13
41.590752060798614,38.19385642406037,41.23569957385239,42.86788989591357,40.314210884171544,39.111925562038046,3,0,187,12
45.19154067539653,41.590752060798614,38.19385642406037,41.23569957385239,42.86788989591357,40.314210884171544,3,0,188,11
43.420562412080834,45.19154067539653,41.590752060798614,38.19385642406037,41.23569957385239,42.86788989591357,3,0,189,10
46.915331283809834,43.420562412080834,45.19154067539653,41.590752060798614,38.19385642406037,41.23569957385239,3,0,190,9
50.66230033113396,46.915331283809834,43.420562412080834,45.19154067539653,41.590752060798614,38.19385642406037,3,0,191,8
48.66427351059836,50.66230033113396,46.915331283809834,43.420562412080834,45.19154067539653,41.590752060798614,3,0,192,7
52.75454553975429,48.66427351059836,50.66230033113396,46.915331283809834,43.420562412080834,45.19154067539653,3,0,193,6
49.85409431704033,52.75454553975429,48.66427351059836,50.66230033113396,46.915331283809834,43.420562412080834,3,1,194,5
45.7399159949115,49.85409431704033,52.75454553975429,48.66427351059836,50.66230033113396,46.915331283809834,3,1,195,4
45.8948740060357,45.7399159949115,49.85409431704033,52.75454553975429,48.66427351059836,50.66230033113396,3,1,196,3
43.4568320465813,45.8948740060357,45.7399159949115,49.85409431704033,52.75454553975429,48.66427351059836,3,1,197,2
44.68128065776701,43.4568320465813,45.8948740060357,45.7399159949115,49.85409431704033,52.75454553975429,3,1,198,1
39.74050221181349,44.68128065776701,43.4568320465813,45.8948740060357,45.7399159949115,49.85409431704033,4,1,0,0
43.85396871238514,39.74050221181349,44.68128065776701,43.4568320465813,45.8948740060357,45.7399159949115,4,1,1,293
44.16922725494842,43.85396871238514,39.74050221181349,44.68128065776701,43.4568320465813,45.8948740060357,4,1,2,292
45.55837716215795,44.16922725494842,43.85396871238514,39.74050221181349,44.68128065776701,43.4568320465813,4,1,3,291
41.96136392267073,45.55837716215795,44.16922725494842,43.85396871238514,39.74050221181349,44.68128065776701,4,1,4,290
43.04907638607505,41.96136392267073,45.55837716215795,44.16922725494842,43.85396871238514,39.74050221181349,4,0,5,289
45.7641347980408,43.04907638607505,41.96136392267073,45.55837716215795,44.16922725494842,43.85396871238514,4,0,6,288
41.002647909358245,45.7641347980408,43.04907638607505,41.96136392267073,45.55837716215795,44.16922725494842,4,0,7,287
49.10010884556873,41.002647909358245,45.7641347980408,43.04907638607505,41.96136392267073,45.55837716215795,4,0,8,286
41.01212061806477,49.10010884556873,41.002647909358245,45.7641347980408,43.04907638607505,41.96136392267073,4,0,9,285
52.33710218521674,41.01212061806477,49.10010884556873,41.002647909358245,45.7641347980408,43.04907638607505,4,0,10,284
49.23602786259793,52.33710218521674,41.01212061806477,49.10010884556873,41.002647909358245,45.7641347980408,4,0,11,283
56.004288502131246,49.23602786259793,52.33710218521674,41.01212061806477,49.10010884556873,41.002647909358245,4,0,12,282
53.86874470846412,56.004288502131246,49.23602786259793,52.33710218521674,41.01212061806477,49.10010884556873,4,0,13,281
60.849517207685004,53.86874470846412,56.004288502131246,49.23602786259793,52.33710218521674,41.01212061806477,4,0,14,280
57.34899553268958,60.849517207685004,53.86874470846412,56.004288502131246,49.23602786259793,52.33710218521674,4,0,15,279
54.24526231313837,57.34899553268958,60.849517207685004,53.86874470846412,56.004288502131246,49.23602786259793,4,0,16,278
54.595516392103846,54.24526231313837,57.34899553268958,60.849517207685004,53.86874470846412,56.004288502131246,4,0,17,277
46.99128970214464,54.595516392103846,54.24526231313837,57.34899553268958,60.849517207685004,53.86874470846412,4,0,18,276
47.53606666897736,46.99128970214464,54.595516392103846,54.24526231313837,57.34899553268958,60.849517207685004,4,0,19,275
38.00292424980857,47.53606666897736,46.99128970214464,54.595516392103846,54.24526231313837,57.34899553268958,4,0,20,274
35.630136720065636,38.00292424980857,47.53606666897736,46.99128970214464,54.595516392103846,54.24526231313837,4,0,21,273
27.458030170863807,35.630136720065636,38.00292424980857,47.53606666897736,46.99128970214464,54.595516392103846,4,0,22,272
24.564845247217114,27.458030170863807,35.630136720065636,38.00292424980857,47.53606666897736,46.99128970214464,4,0,23,271
24.87754031414559,24.564845247217114,27.458030170863807,35.630136720065636,38.00292424980857,47.53606666897736,4,0,24,270
27.150839583958994,24.87754031414559,24.564845247217114,27.458030170863807,35.630136720065636,38.00292424980857,4,0,25,269
27.988963502427328,27.150839583958994,24.87754031414559,24.564845247217114,27.458030170863807,35.630136720065636,4,0,26,268
26.86919811922362,27.988963502427328,27.150839583958994,24.87754031414559,24.564845247217114,27.458030170863807,4,0,27,267
30.101953960178463,26.86919811922362,27.988963502427328,27.150839583958994,24.87754031414559,24.564845247217114,4,0,28,266
29.550356824380327,30.101953960178463,26.86919811922362,27.988963502427328,27.150839583958994,24.87754031414559,4,0,29,265
33.06899835533544,29.550356824380327,30.101953960178463,26.86919811922362,27.988963502427328,27.150839583958994,4,0,30,264
34.28018558982027,33.06899835533544,29.550356824380327,30.101953960178463,26.86919811922362,27.988963502427328,4,0,31,263
35.6653995080093,34.28018558982027,33.06899835533544,29.550356824380327,30.101953960178463,26.86919811922362,4,0,32,262
33.246991138520386,35.6653995080093,34.28018558982027,33.06899835533544,29.550356824380327,30.101953960178463,4,0,33,261
35.440665964198324,33.246991138520386,35.6653995080093,34.28018558982027,33.06899835533544,29.550356824380327,4,0,34,260
25.136158184846373,35.440665964198324,33.246991138520386,35.6653995080093,34.28018558982027,33.06899835533544,4,0,35,259
25.72030155764761,25.136158184846373,35.440665964198324,33.246991138520386,35.6653995080093,34.28018558982027,4,0,36,258
13.469410479719482,25.72030155764761,25.136158184846373,35.440665964198324,33.246991138520386,35.6653995080093,4,0,37,257
9.668038225765141,13.469410479719482,25.72030155764761,25.136158184846373,35.440665964198324,33.246991138520386,4,0,38,256
2.435300708195248,9.668038225765141,13.469410479719482,25.72030155764761,25.136158184846373,35.440665964198324,4,0,39,255
-7.565561841308666,2.435300708195248,9.668038225765141,13.469410479719482,25.72030155764761,25.136158184846373,4,0,40,254
-10.54787879489032,-7.565561841308666,2.435300708195248,9.668038225765141,13.469410479719482,25.72030155764761,4,0,41,253
-18.162146059247878,-10.54787879489032,-7.565561841308666,2.435300708195248,9.668038225765141,13.469410479719482,4,0,42,252
-19.49873766928078,-18.162146059247878,-10.54787879489032,-7.565561841308666,2.435300708195248,9.668038225765141,4,0,43,251
-28.42859552504647,-19.49873766928078,-18.162146059247878,-10.54787879489032,-7.565561841308666,2.435300708195248,4,0,44,250
-22.726860329912867,-28.42859552504647,-19.49873766928078,-18.162146059247878,-10.54787879489032,-7.565561841308666,4,0,45,249
-27.496939872734234,-22.726860329912867,-28.42859552504647,-19.49873766928078,-18.162146059247878,-10.54787879489032,4,0,46,248
-14.868670098930318,-27.496939872734234,-22.726860329912867,-28.42859552504647,-19.49873766928078,-18.162146059247878,4,0,47,247
-8.613342972135488,-14.868670098930318,-27.496939872734234,-22.726860329912867,-28.42859552504647,-19.49873766928078,4,0,48,246
2.5547253513092523,-8.613342972135488,-14.868670098930318,-27.496939872734234,-22.726860329912867,-28.42859552504647,4,0,49,245
8.468463377515073,2.5547253513092523,-8.613342972135488,-14.868670098930318,-27.496939872734234,-22.726860329912867,4,0,50,244
15.652817589108999,8.468463377515073,2.5547253513092523,-8.613342972135488,-14.868670098930318,-27.496939872734234,4,0,51,243
23.0076737184125,15.652817589108999,8.468463377515073,2.5547253513092523,-8.613342972135488,-14.868670098930318,4,0,52,242
26.844932434537327,23.0076737184125,15.652817589108999,8.468463377515073,2.5547253513092523,-8.613342972135488,4,0,53,241
28.88271587255687,26.844932434537327,23.0076737184125,15.652817589108999,8.468463377515073,2.5547253513092523,4,0,54,240
32.92145282831974,28.88271587255687,26.844932434537327,23.0076737184125,15.652817589108999,8.468463377515073,4,0,55,239
26.511247203463505,32.92145282831974,28.88271587255687,26.844932434537327,23.0076737184125,15.652817589108999,4,0,56,238
25.852177860460735,26.511247203463505,32.92145282831974,28.88271587255687,26.844932434537327,23.0076737184125,4,0,57,237
22.357873991297033,25.852177860460735,26.511247203463505,32.92145282831974,28.88271587255687,26.844932434537327,4,0,58,236
20.710004674845997,22.357873991297033,25.852177860460735,26.511247203463505,32.92145282831974,28.88271587255687,4,0,59,235
15.247596089848386,20.710004674845997,22.357873991297033,25.852177860460735,26.511247203463505,32.92145282831974,4,0,60,234
10.486683541475003,15.247596089848386,20.710004674845997,22.357873991297033,25.852177860460735,26.511247203463505,4,0,61,233
12.22999337533821,10.486683541475003,15.247596089848386,20.710004674845997,22.357873991297033,25.852177860460735,4,0,62,232
10.305981481963844,12.22999337533821,10.486683541475003,15.247596089848386,20.710004674845997,22.357873991297033,4,0,63,231
6.36993742653671,10.305981481963844,12.22999337533821,10.486683541475003,15.247596089848386,20.710004674845997,4,0,64,230
-1.2635696875683742,6.36993742653671,10.305981481963844,12.22999337533821,10.486683541475003,15.247596089848386,4,0,65,229
1.5756464671341635,-1.2635696875683742,6.36993742653671,10.305981481963844,12.22999337533821,10.486683541475003,4,0,66,228
-9.111362118480084,1.5756464671341635,-1.2635696875683742,6.36993742653671,10.305981481963844,12.22999337533821,4,0,67,227
-9.669873303204227,-9.111362118480084,1.5756464671341635,-1.2635696875683742,6.36993742653671,10.305981481963844,4,0,68,226
-15.140959661669434,-9.669873303204227,-9.111362118480084,1.5756464671341635,-1.2635696875683742,6.36993742653671,4,0,69,225
-13.890619151555727,-15.140959661669434,-9.669873303204227,-9.111362118480084,1.5756464671341635,-1.2635696875683742,4,0,70,224
-21.779470407554957,-13.890619151555727,-15.140959661669434,-9.669873303204227,-9.111362118480084,1.5756464671341635,4,0,71,223
-13.04712797208326,-21.779470407554957,-13.890619151555727,-15.140959661669434,-9.669873303204227,-9.111362118480084,4,0,72,222
-18.46274634185574,-13.04712797208326,-21.779470407554957,-13.890619151555727,-15.140959661669434,-9.669873303204227,4,0,73,221
-17.786146779669096,-18.46274634185574,-13.04712797208326,-21.779470407554957,-13.890619151555727,-15.140959661669434,4,0,74,220
-23.759765988871855,-17.786146779669096,-18.46274634185574,-13.04712797208326,-21.779470407554957,-13.890619151555727,4,0,75,219
-15.096978485066108,-23.759765988871855,-17.786146779669096,-18.46274634185574,-13.04712797208326,-21.779470407554957,4,0,76,218
-18.181075847196688,-15.096978485066108,-23.759765988871855,-17.786146779669096,-18.46274634185574,-13.04712797208326,4,0,77,217
-14.526116152795842,-18.181075847196688,-15.096978485066108,-23.759765988871855,-17.786146779669096,-18.46274634185574,4,0,78,216
-15.503727469410277,-14.526116152795842,-18.181075847196688,-15.096978485066108,-23.759765988871855,-17.786146779669096,4,0,79,215
0.0487855590670101,-15.503727469410277,-14.526116152795842,-18.181075847196688,-15.096978485066108,-23.759765988871855,4,0,80,214
-1.9473097668929178,0.0487855590670101,-15.503727469410277,-14.526116152795842,-18.181075847196688,-15.096978485066108,4,0,81,213
7.589446036166656,-1.9473097668929178,0.0487855590670101,-15.503727469410277,-14.526116152795842,-18.181075847196688,4,0,82,212
4.523802192963368,7.589446036166656,-1.9473097668929178,0.0487855590670101,-15.503727469410277,-14.526116152795842,4,0,83,211
12.931294130273773,4.523802192963368,7.589446036166656,-1.9473097668929178,0.0487855590670101,-15.503727469410277,4,0,84,210
13.018812244008105,12.931294130273773,4.523802192963368,7.589446036166656,-1.9473097668929178,0.0487855590670101,4,0,85,209
7.013831700806854,13.018812244008105,12.931294130273773,4.523802192963368,7.589446036166656,-1.9473097668929178,4,0,86,208
6.944229670207136,7.013831700806854,13.018812244008105,12.931294130273773,4.523802192963368,7.589446036166656,4,0,87,207
-4.11744334568094,6.944229670207136,7.013831700806854,13.018812244008105,12.931294130273773,4.523802192963368,4,0,88,206
-1.3838830807137588,-4.11744334568094,6.944229670207136,7.013831700806854,13.018812244008105,12.931294130273773,4,0,89,205
-13.177436837323487,-1.3838830807137588,-4.11744334568094,6.944229670207136,7.013831700806854,13.018812244008105,4,0,90,204
-17.06145726643841,-13.177436837323487,-1.3838830807137588,-4.11744334568094,6.944229670207136,7.013831700806854,4,0,91,203
-22.578050408377784,-17.06145726643841,-13.177436837323487,-1.3838830807137588,-4.11744334568094,6.944229670207136,4,0,92,202
-23.54216810874671,-22.578050408377784,-17.06145726643841,-13.177436837323487,-1.3838830807137588,-4.11744334568094,4,0,93,201
-22.971868071523133,-23.54216810874671,-22.578050408377784,-17.06145726643841,-13.177436837323487,-1.3838830807137588,4,0,94,200
-17.659317625665757,-22.971868071523133,-23.54216810874671,-22.578050408377784,-17.06145726643841,-13.177436837323487,4,0,95,199
-11.31962163910594,-17.659317625665757,-22.971868071523133,-23.54216810874671,-22.578050408377784,-17.06145726643841,4,0,96,198
-11.456948178229593,-11.31962163910594,-17.659317625665757,-22.971868071523133,-23.54216810874671,-22.578050408377784,4,0,97,197
-1.0199438456377727,-11.456948178229593,-11.31962163910594,-17.659317625665757,-22.971868071523133,-23.54216810874671,4,0,98,196
-3.1725890371192618,-1.0199438456377727,-11.456948178229593,-11.31962163910594,-17.659317625665757,-22.971868071523133,4,0,99,195
-0.9060115072030115,-3.1725890371192618,-1.0199438456377727,-11.456948178229593,-11.31962163910594,-17.659317625665757,4,0,100,194
-10.30887100468357,-0.9060115072030115,-3.1725890371192618,-1.0199438456377727,-11.456948178229593,-11.31962163910594,4,0,101,193
-8.939924962967671,-10.30887100468357,-0.9060115072030115,-3.1725890371192618,-1.0199438456377727,-11.456948178229593,4,0,102,192
-12.708998228607793,-8.939924962967671,-10.30887100468357,-0.9060115072030115,-3.1725890371192618,-1.0199438456377727,4,0,103,191
-19.000225377934143,-12.708998228607793,-8.939924962967671,-10.30887100468357,-0.9060115072030115,-3.1725890371192618,4,0,104,190
-31.013763851403716,-19.000225377934143,-12.708998228607793,-8.939924962967671,-10.30887100468357,-0.9060115072030115,4,0,105,189
-38.032304205662115,-31.013763851403716,-19.000225377934143,-12.708998228607793,-8.939924962967671,-10.30887100468357,4,0,106,188
-47.26501233224923,-38.032304205662115,-31.013763851403716,-19.000225377934143,-12.708998228607793,-8.939924962967671,4,0,107,187
-55.11874956686122,-47.26501233224923,-38.032304205662115,-31.013763851403716,-19.000225377934143,-12.708998228607793,4,0,108,186
-63.59198337079463,-55.11874956686122,-47.26501233224923,-38.032304205662115,-31.013763851403716,-19.000225377934143,4,0,109,185
-66.22932642044994,-63.59198337079463,-55.11874956686122,-47.26501233224923,-38.032304205662115,-31.013763851403716,4,0,110,184
-70.7367737935397,-66.22932642044994,-63.59198337079463,-55.11874956686122,-47.26501233224923,-38.032304205662115,4,0,111,183
-68.03704032743029,-70.7367737935397,-66.22932642044994,-63.59198337079463,-55.11874956686122,-47.26501233224923,4,0,112,182
-67.67246697244505,-68.03704032743029,-70.7367737935397,-66.22932642044994,-63.59198337079463,-55.11874956686122,4,0,113,181
-58.75674253280072,-67.67246697244505,-68.03704032743029,-70.7367737935397,-66.22932642044994,-63.59198337079463,4,0,114,180
-52.67748207043837,-58.75674253280072,-67.67246697244505,-68.03704032743029,-70.7367737935397,-66.22932642044994,4,0,115,179
-43.077214394339876,-52.67748207043837,-58.75674253280072,-67.67246697244505,-68.03704032743029,-70.7367737935397,4,0,116,178
-41.11410959710692,-43.077214394339876,-52.67748207043837,-58.75674253280072,-67.67246697244505,-68.03704032743029,4,0,117,177
-34.4709433592235,-41.11410959710692,-43.077214394339876,-52.67748207043837,-58.75674253280072,-67.67246697244505,4,0,118,176
-36.92297379208563,-34.4709433592235,-41.11410959710692,-43.077214394339876,-52.67748207043837,-58.75674253280072,4,0,119,175
-30.041085526266478,-36.92297379208563,-34.4709433592235,-41.11410959710692,-43.077214394339876,-52.67748207043837,4,0,120,174
-34.95720113771982,-30.041085526266478,-36.92297379208563,-34.4709433592235,-41.11410959710692,-43.077214394339876,4,0,121,173
-38.93734082084853,-34.95720113771982,-30.041085526266478,-36.92297379208563,-34.4709433592235,-41.11410959710692,4,0,122,172
-44.526310459818326,-38.93734082084853,-34.95720113771982,-30.041085526266478,-36.92297379208563,-34.4709433592235,4,0,123,171
-50.23439918759699,-44.526310459818326,-38.93734082084853,-34.95720113771982,-30.041085526266478,-36.92297379208563,4,0,124,170
-48.444853200732354,-50.23439918759699,-44.526310459818326,-38.93734082084853,-34.95720113771982,-30.041085526266478,4,0,125,169
-60.79246872189925,-48.444853200732354,-50.23439918759699,-44.526310459818326,-38.93734082084853,-34.95720113771982,4,0,126,168
-55.173513804757135,-60.79246872189925,-48.444853200732354,-50.23439918759699,-44.526310459818326,-38.93734082084853,4,0,127,167
-59.04667732802028,-55.173513804757135,-60.79246872189925,-48.444853200732354,-50.23439918759699,-44.526310459818326,4,0,128,166
-55.503253454225565,-59.04667732802028,-55.173513804757135,-60.79246872189925,-48.444853200732354,-50.23439918759699,4,0,129,165
-63.5179226536553,-55.503253454225565,-59.04667732802028,-55.173513804757135,-60.79246872189925,-48.444853200732354,4,0,130,164
-54.68640789574894,-63.5179226536553,-55.503253454225565,-59.04667732802028,-55.173513804757135,-60.79246872189925,4,0,131,163
-59.68712931436699,-54.68640789574894,-63.5179226536553,-55.503253454225565,-59.04667732802028,-55.173513804757135,4,0,132,162
-55.410532000170505,-59.68712931436699,-54.68640789574894,-63.5179226536553,-55.503253454225565,-59.04667732802028,4,0,133,161
-60.01104667597056,-55.410532000170505,-59.68712931436699,-54.68640789574894,-63.5179226536553,-55.503253454225565,4,0,134,160
-57.054971583314526,-60.01104667597056,-55.410532000170505,-59.68712931436699,-54.68640789574894,-63.5179226536553,4,0,135,159
-54.73925850197818,-57.054971583314526,-60.01104667597056,-55.410532000170505,-59.68712931436699,-54.68640789574894,4,0,136,158
-61.25509983329891,-54.73925850197818,-57.054971583314526,-60.01104667597056,-55.410532000170505,-59.68712931436699,4,0,137,157
-59.822747956823136,-61.25509983329891,-54.73925850197818,-57.054971583314526,-60.01104667597056,-55.410532000170505,4,0,138,156
-63.39272341549787,-59.822747956823136,-61.25509983329891,-54.73925850197818,-57.054971583314526,-60.01104667597056,4,0,139,155
-63.29189891301769,-63.39272341549787,-59.822747956823136,-61.25509983329891,-54.73925850197818,-57.054971583314526,4,0,140,154
-66.97043181492329,-63.29189891301769,-63.39272341549787,-59.822747956823136,-61.25509983329891,-54.73925850197818,4,0,141,153
-65.95671304175598,-66.97043181492329,-63.29189891301769,-63.39272341549787,-59.822747956823136,-61.25509983329891,4,0,142,152
-66.63204383573964,-65.95671304175598,-66.97043181492329,-63.29189891301769,-63.39272341549787,-59.822747956823136,4,0,143,151
-63.05214128358989,-66.63204383573964,-65.95671304175598,-66.97043181492329,-63.29189891301769,-63.39272341549787,4,0,144,150
-64.83821524695134,-63.05214128358989,-66.63204383573964,-65.95671304175598,-66.97043181492329,-63.29189891301769,4,0,145,149
-59.22884575219821,-64.83821524695134,-63.05214128358989,-66.63204383573964,-65.95671304175598,-66.97043181492329,4,0,146,148
-57.9788655772123,-59.22884575219821,-64.83821524695134,-63.05214128358989,-66.63204383573964,-65.95671304175598,4,0,147,147
-54.68652560194324,-57.9788655772123,-59.22884575219821,-64.83821524695134,-63.05214128358989,-66.63204383573964,4,0,148,146
-57.09871742889255,-54.68652560194324,-57.9788655772123,-59.22884575219821,-64.83821524695134,-63.05214128358989,4,0,149,145
-53.092758363309784,-57.09871742889255,-54.68652560194324,-57.9788655772123,-59.22884575219821,-64.83821524695134,4,0,150,144
-48.55455868847626,-53.092758363309784,-57.09871742889255,-54.68652560194324,-57.9788655772123,-59.22884575219821,4,0,151,143
-58.56249262268954,-48.55455868847626,-53.092758363309784,-57.09871742889255,-54.68652560194324,-57.9788655772123,4,0,152,142
-56.036596939535684,-58.56249262268954,-48.55455868847626,-53.092758363309784,-57.09871742889255,-54.68652560194324,4,0,153,141
-67.17527059035581,-56.036596939535684,-58.56249262268954,-48.55455868847626,-53.092758363309784,-57.09871742889255,4,0,154,140
-60.27999394720222,-67.17527059035581,-56.036596939535684,-58.56249262268954,-48.55455868847626,-53.092758363309784,4,0,155,139
-72.83501100588813,-60.27999394720222,-67.17527059035581,-56.036596939535684,-58.56249262268954,-48.55455868847626,4,0,156,138
-69.47815656275871,-72.83501100588813,-60.27999394720222,-67.17527059035581,-56.036596939535684,-58.56249262268954,4,0,157,137
-79.24696489043345,-69.47815656275871,-72.83501100588813,-60.27999394720222,-67.17527059035581,-56.036596939535684,4,0,158,136
-79.18216903550744,-79.24696489043345,-69.47815656275871,-72.83501100588813,-60.27999394720222,-67.17527059035581,4,0,159,135
-86.0366670598094,-79.18216903550744,-79.24696489043345,-69.47815656275871,-72.83501100588813,-60.27999394720222,4,0,160,134
-88.86591641429831,-86.0366670598094,-79.18216903550744,-79.24696489043345,-69.47815656275871,-72.83501100588813,4,0,161,133
-94.14630505685568,-88.86591641429831,-86.0366670598094,-79.18216903550744,-79.24696489043345,-69.47815656275871,4,0,162,132
-92.65717674731329,-94.14630505685568,-88.86591641429831,-86.0366670598094,-79.18216903550744,-79.24696489043345,4,0,163,131
-99.07815284580204,-92.65717674731329,-94.14630505685568,-88.86591641429831,-86.0366670598094,-79.18216903550744,4,0,164,130
-97.36504576143741,-99.07815284580204,-92.65717674731329,-94.14630505685568,-88.86591641429831,-86.0366670598094,4,0,165,129
-103.52699672766678,-97.36504576143741,-99.07815284580204,-92.65717674731329,-94.14630505685568,-88.86591641429831,4,0,166,128
-100.84884086731003,-103.52699672766678,-97.36504576143741,-99.07815284580204,-92.65717674731329,-94.14630505685568,4,0,167,127
-107.04109646257362,-100.84884086731003,-103.52699672766678,-97.36504576143741,-99.07815284580204,-92.65717674731329,4,0,168,126
-102.12702714208623,-107.04109646257362,-100.84884086731003,-103.52699672766678,-97.36504576143741,-99.07815284580204,4,0,169,125
-105.33799864698958,-102.12702714208623,-107.04109646257362,-100.84884086731003,-103.52699672766678,-97.36504576143741,4,0,170,124
-101.95621886767266,-105.33799864698958,-102.12702714208623,-107.04109646257362,-100.84884086731003,-103.52699672766678,4,0,171,123
-110.51850996193205,-101.95621886767266,-105.33799864698958,-102.12702714208623,-107.04109646257362,-100.84884086731003,4,0,172,122
-107.84416567062866,-110.51850996193205,-101.95621886767266,-105.33799864698958,-102.12702714208623,-107.04109646257362,4,0,173,121
-108.63541552891269,-107.84416567062866,-110.51850996193205,-101.95621886767266,-105.33799864698958,-102.12702714208623,4,0,174,120
-107.12384475364789,-108.63541552891269,-107.84416567062866,-110.51850996193205,-101.95621886767266,-105.33799864698958,4,0,175,119
-116.04119132656764,-107.12384475364789,-108.63541552891269,-107.84416567062866,-110.51850996193205,-101.95621886767266,4,0,176,118
-112.46027549714012,-116.04119132656764,-107.12384475364789,-108.63541552891269,-107.84416567062866,-110.51850996193205,4,0,177,117
-112.65461849781914,-112.46027549714012,-116.04119132656764,-107.12384475364789,-108.63541552891269,-107.84416567062866,4,0,178,116
-112.31984207382636,-112.65461849781914,-112.46027549714012,-116.04119132656764,-107.12384475364789,-108.63541552891269,4,0,179,115
-110.67453726529388,-112.31984207382636,-112.65461849781914,-112.46027549714012,-116.04119132656764,-107.12384475364789,4,0,180,114
-106.87615105335452,-110.67453726529388,-112.31984207382636,-112.65461849781914,-112.46027549714012,-116.04119132656764,4,0,181,113
-107.36765027428407,-106.87615105335452,-110.67453726529388,-112.31984207382636,-112.65461849781914,-112.46027549714012,4,0,182,112
-103.86692175914442,-107.36765027428407,-106.87615105335452,-110.67453726529388,-112.31984207382636,-112.65461849781914,4,0,183,111
-109.74602386622328,-103.86692175914442,-107.36765027428407,-106.87615105335452,-110.67453726529388,-112.31984207382636,4,0,184,110
-106.13052730193039,-109.74602386622328,-103.86692175914442,-107.36765027428407,-106.87615105335452,-110.67453726529388,4,0,185,109
-109.50567896100941,-106.13052730193039,-109.74602386622328,-103.86692175914442,-107.36765027428407,-106.87615105335452,4,0,186,108
-106.70132012475639,-109.50567896100941,-106.13052730193039,-109.74602386622328,-103.86692175914442,-107.36765027428407,4,0,187,107
-108.03508615566403,-106.70132012475639,-109.50567896100941,-106.13052730193039,-109.74602386622328,-103.86692175914442,4,0,188,106
-109.80496502926354,-108.03508615566403,-106.70132012475639,-109.50567896100941,-106.13052730193039,-109.74602386622328,4,0,189,105
-107.56435373176654,-109.80496502926354,-108.03508615566403,-106.70132012475639,-109.50567896100941,-106.13052730193039,4,0,190,104
-107.45082163915751,-107.56435373176654,-109.80496502926354,-108.03508615566403,-106.70132012475639,-109.50567896100941,4,0,191,103
-100.33304316839288,-107.45082163915751,-107.56435373176654,-109.80496502926354,-108.03508615566403,-106.70132012475639,4,0,192,102
-102.79276982525971,-100.33304316839288,-107.45082163915751,-107.56435373176654,-109.80496502926354,-108.03508615566403,4,0,193,101
-93.31512714314508,-102.79276982525971,-100.33304316839288,-107.45082163915751,-107.56435373176654,-109.80496502926354,4,0,194,100
