t,t-1,t-2,t-3,t-4,t-5,concept,transition,steps_since_bkp,steps_to_bkp
0.06956380805053532,1.0804890844841626,0.8713526885986764,-0.3557605864640363,0.41615864578647266,1.9061016735324374,1,0,100,195
1.245297261350489,0.06956380805053532,1.0804890844841626,0.8713526885986764,-0.3557605864640363,0.41615864578647266,1,0,101,194
3.2485712298357194,1.245297261350489,0.06956380805053532,1.0804890844841626,0.8713526885986764,-0.3557605864640363,1,0,102,193
1.5394026441866124,3.2485712298357194,1.245297261350489,0.06956380805053532,1.0804890844841626,0.8713526885986764,1,0,103,192
0.4288402474875368,1.5394026441866124,3.2485712298357194,1.245297261350489,0.06956380805053532,1.0804890844841626,1,0,104,191
1.730516076030619,0.4288402474875368,1.5394026441866124,3.2485712298357194,1.245297261350489,0.06956380805053532,1,0,105,190
0.4981433873839315,1.730516076030619,0.4288402474875368,1.5394026441866124,3.2485712298357194,1.245297261350489,1,0,106,189
-0.932059004164894,0.4981433873839315,1.730516076030619,0.4288402474875368,1.5394026441866124,3.2485712298357194,1,0,107,188
0.9631208722843896,-0.932059004164894,0.4981433873839315,1.730516076030619,0.4288402474875368,1.5394026441866124,1,0,108,187
1.9944098210565848,0.9631208722843896,-0.932059004164894,0.4981433873839315,1.730516076030619,0.4288402474875368,1,0,109,186
0.29075548643773486,1.9944098210565848,0.9631208722843896,-0.932059004164894,0.4981433873839315,1.730516076030619,1,0,110,185
0.5190328152474089,0.29075548643773486,1.9944098210565848,0.9631208722843896,-0.932059004164894,0.4981433873839315,1,0,111,184
1.472437435260217,0.5190328152474089,0.29075548643773486,1.9944098210565848,0.9631208722843896,-0.932059004164894,1,0,112,183
-0.08624792178711371,1.472437435260217,0.5190328152474089,0.29075548643773486,1.9944098210565848,0.9631208722843896,1,0,113,182
-0.6856626210258966,-0.08624792178711371,1.472437435260217,0.5190328152474089,0.29075548643773486,1.9944098210565848,1,0,114,181
1.12444475460347,-0.6856626210258966,-0.08624792178711371,1.472437435260217,0.5190328152474089,0.29075548643773486,1,0,115,180
1.2016080708174846,1.12444475460347,-0.6856626210258966,-0.08624792178711371,1.472437435260217,0.5190328152474089,1,0,116,179
-0.17477579026079026,1.2016080708174846,1.12444475460347,-0.6856626210258966,-0.08624792178711371,1.472437435260217,1,0,117,178
0.09978857241200673,-0.17477579026079026,1.2016080708174846,1.12444475460347,-0.6856626210258966,-0.08624792178711371,1,0,118,177
0.14135319772389066,0.09978857241200673,-0.17477579026079026,1.2016080708174846,1.12444475460347,-0.6856626210258966,1,0,119,176
-0.11694484851070708,0.14135319772389066,0.09978857241200673,-0.17477579026079026,1.2016080708174846,1.12444475460347,1,0,120,175
-0.07970129879035924,-0.11694484851070708,0.14135319772389066,0.09978857241200673,-0.17477579026079026,1.2016080708174846,1,0,121,174
0.43009780491829513,-0.07970129879035924,-0.11694484851070708,0.14135319772389066,0.09978857241200673,-0.17477579026079026,1,0,122,173
0.23337489969172898,0.43009780491829513,-0.07970129879035924,-0.11694484851070708,0.14135319772389066,0.09978857241200673,1,0,123,172
0.36351679485052013,0.23337489969172898,0.43009780491829513,-0.07970129879035924,-0.11694484851070708,0.14135319772389066,1,0,124,171
1.4688110095336229,0.36351679485052013,0.23337489969172898,0.43009780491829513,-0.07970129879035924,-0.11694484851070708,1,0,125,170
1.070287786780772,1.4688110095336229,0.36351679485052013,0.23337489969172898,0.43009780491829513,-0.07970129879035924,1,0,126,169
0.15439841956956002,1.070287786780772,1.4688110095336229,0.36351679485052013,0.23337489969172898,0.43009780491829513,1,0,127,168
0.24816153491631132,0.15439841956956002,1.070287786780772,1.4688110095336229,0.36351679485052013,0.23337489969172898,1,0,128,167
0.19000537629414427,0.24816153491631132,0.15439841956956002,1.070287786780772,1.4688110095336229,0.36351679485052013,1,0,129,166
0.40513441434186165,0.19000537629414427,0.24816153491631132,0.15439841956956002,1.070287786780772,1.4688110095336229,1,0,130,165
0.912290878718616,0.40513441434186165,0.19000537629414427,0.24816153491631132,0.15439841956956002,1.070287786780772,1,0,131,164
0.4259988570468973,0.912290878718616,0.40513441434186165,0.19000537629414427,0.24816153491631132,0.15439841956956002,1,0,132,163
-0.7342261835831374,0.4259988570468973,0.912290878718616,0.40513441434186165,0.19000537629414427,0.24816153491631132,1,0,133,162
-0.0758984801795628,-0.7342261835831374,0.4259988570468973,0.912290878718616,0.40513441434186165,0.19000537629414427,1,0,134,161
0.11520629507411145,-0.0758984801795628,-0.7342261835831374,0.4259988570468973,0.912290878718616,0.40513441434186165,1,0,135,160
-0.6388761411663239,0.11520629507411145,-0.0758984801795628,-0.7342261835831374,0.4259988570468973,0.912290878718616,1,0,136,159
0.021524849810963698,-0.6388761411663239,0.11520629507411145,-0.0758984801795628,-0.7342261835831374,0.4259988570468973,1,0,137,158
-0.0023810078381645283,0.021524849810963698,-0.6388761411663239,0.11520629507411145,-0.0758984801795628,-0.7342261835831374,1,0,138,157
-0.8978429183696626,-0.0023810078381645283,0.021524849810963698,-0.6388761411663239,0.11520629507411145,-0.0758984801795628,1,0,139,156
-0.6930303041530201,-0.8978429183696626,-0.0023810078381645283,0.021524849810963698,-0.6388761411663239,0.11520629507411145,1,0,140,155
-0.1992892950424558,-0.6930303041530201,-0.8978429183696626,-0.0023810078381645283,0.021524849810963698,-0.6388761411663239,1,0,141,154
-0.19955708574041664,-0.1992892950424558,-0.6930303041530201,-0.8978429183696626,-0.0023810078381645283,0.021524849810963698,1,0,142,153
-0.07525996762166645,-0.19955708574041664,-0.1992892950424558,-0.6930303041530201,-0.8978429183696626,-0.0023810078381645283,1,0,143,152
0.04584918642165367,-0.07525996762166645,-0.19955708574041664,-0.1992892950424558,-0.6930303041530201,-0.8978429183696626,1,0,144,151
-0.048167276834611306,0.04584918642165367,-0.07525996762166645,-0.19955708574041664,-0.1992892950424558,-0.6930303041530201,1,0,145,150
-0.4796822186695295,-0.048167276834611306,0.04584918642165367,-0.07525996762166645,-0.19955708574041664,-0.1992892950424558,1,0,146,149
-0.5710878850752392,-0.4796822186695295,-0.048167276834611306,0.04584918642165367,-0.07525996762166645,-0.19955708574041664,1,0,147,148
0.06007269816546018,-0.5710878850752392,-0.4796822186695295,-0.048167276834611306,0.04584918642165367,-0.07525996762166645,1,0,148,147
0.8335785250780219,0.06007269816546018,-0.5710878850752392,-0.4796822186695295,-0.048167276834611306,0.04584918642165367,1,0,149,146
0.7697046584288012,0.8335785250780219,0.06007269816546018,-0.5710878850752392,-0.4796822186695295,-0.048167276834611306,1,0,150,145
0.9949958435357086,0.7697046584288012,0.8335785250780219,0.06007269816546018,-0.5710878850752392,-0.4796822186695295,1,0,151,144
0.5250767713821951,0.9949958435357086,0.7697046584288012,0.8335785250780219,0.06007269816546018,-0.5710878850752392,1,0,152,143
0.16151558097563268,0.5250767713821951,0.9949958435357086,0.7697046584288012,0.8335785250780219,0.06007269816546018,1,0,153,142
0.6892148901418398,0.16151558097563268,0.5250767713821951,0.9949958435357086,0.7697046584288012,0.8335785250780219,1,0,154,141
0.7325893055625403,0.6892148901418398,0.16151558097563268,0.5250767713821951,0.9949958435357086,0.7697046584288012,1,0,155,140
1.8184992086185818,0.7325893055625403,0.6892148901418398,0.16151558097563268,0.5250767713821951,0.9949958435357086,1,0,156,139
2.0117116944716735,1.8184992086185818,0.7325893055625403,0.6892148901418398,0.16151558097563268,0.5250767713821951,1,0,157,138
0.5544374400872529,2.0117116944716735,1.8184992086185818,0.7325893055625403,0.6892148901418398,0.16151558097563268,1,0,158,137
-0.25395699084908385,0.5544374400872529,2.0117116944716735,1.8184992086185818,0.7325893055625403,0.6892148901418398,1,0,159,136
-0.464242237201705,-0.25395699084908385,0.5544374400872529,2.0117116944716735,1.8184992086185818,0.7325893055625403,1,0,160,135
-1.407396418088235,-0.464242237201705,-0.25395699084908385,0.5544374400872529,2.0117116944716735,1.8184992086185818,1,0,161,134
-0.17459291902455987,-1.407396418088235,-0.464242237201705,-0.25395699084908385,0.5544374400872529,2.0117116944716735,1,0,162,133
1.9273629387899307,-0.17459291902455987,-1.407396418088235,-0.464242237201705,-0.25395699084908385,0.5544374400872529,1,0,163,132
1.5361603473844165,1.9273629387899307,-0.17459291902455987,-1.407396418088235,-0.464242237201705,-0.25395699084908385,1,0,164,131
0.9368522225772522,1.5361603473844165,1.9273629387899307,-0.17459291902455987,-1.407396418088235,-0.464242237201705,1,0,165,130
2.6446711938216088,0.9368522225772522,1.5361603473844165,1.9273629387899307,-0.17459291902455987,-1.407396418088235,1,0,166,129
1.5684953004561586,2.6446711938216088,0.9368522225772522,1.5361603473844165,1.9273629387899307,-0.17459291902455987,1,0,167,128
-0.11312118268074314,1.5684953004561586,2.6446711938216088,0.9368522225772522,1.5361603473844165,1.9273629387899307,1,0,168,127
1.4507638746574287,-0.11312118268074314,1.5684953004561586,2.6446711938216088,0.9368522225772522,1.5361603473844165,1,0,169,126
2.1978499746844897,1.4507638746574287,-0.11312118268074314,1.5684953004561586,2.6446711938216088,0.9368522225772522,1,0,170,125
0.037436360377735345,2.1978499746844897,1.4507638746574287,-0.11312118268074314,1.5684953004561586,2.6446711938216088,1,0,171,124
0.9209030841889304,0.037436360377735345,2.1978499746844897,1.4507638746574287,-0.11312118268074314,1.5684953004561586,1,0,172,123
2.1453243404476177,0.9209030841889304,0.037436360377735345,2.1978499746844897,1.4507638746574287,-0.11312118268074314,1,0,173,122
-0.06122461650190969,2.1453243404476177,0.9209030841889304,0.037436360377735345,2.1978499746844897,1.4507638746574287,1,0,174,121
0.11110563135959495,-0.06122461650190969,2.1453243404476177,0.9209030841889304,0.037436360377735345,2.1978499746844897,1,0,175,120
2.3562362843410156,0.11110563135959495,-0.06122461650190969,2.1453243404476177,0.9209030841889304,0.037436360377735345,1,0,176,119
1.669127893004101,2.3562362843410156,0.11110563135959495,-0.06122461650190969,2.1453243404476177,0.9209030841889304,1,0,177,118
1.5868148847666816,1.669127893004101,2.3562362843410156,0.11110563135959495,-0.06122461650190969,2.1453243404476177,1,0,178,117
3.247668898733861,1.5868148847666816,1.669127893004101,2.3562362843410156,0.11110563135959495,-0.06122461650190969,1,0,179,116
2.995552876457535,3.247668898733861,1.5868148847666816,1.669127893004101,2.3562362843410156,0.11110563135959495,1,0,180,115
1.450800953209646,2.995552876457535,3.247668898733861,1.5868148847666816,1.669127893004101,2.3562362843410156,1,0,181,114
1.9726029422420441,1.450800953209646,2.995552876457535,3.247668898733861,1.5868148847666816,1.669127893004101,1,0,182,113
2.823474700721202,1.9726029422420441,1.450800953209646,2.995552876457535,3.247668898733861,1.5868148847666816,1,0,183,112
1.7577393014564726,2.823474700721202,1.9726029422420441,1.450800953209646,2.995552876457535,3.247668898733861,1,0,184,111
1.812273570779227,1.7577393014564726,2.823474700721202,1.9726029422420441,1.450800953209646,2.995552876457535,1,0,185,110
2.554089110586287,1.812273570779227,1.7577393014564726,2.823474700721202,1.9726029422420441,1.450800953209646,1,0,186,109
2.2447760243552937,2.554089110586287,1.812273570779227,1.7577393014564726,2.823474700721202,1.9726029422420441,1,0,187,108
2.2108530741705463,2.2447760243552937,2.554089110586287,1.812273570779227,1.7577393014564726,2.823474700721202,1,0,188,107
2.0883777301963837,2.2108530741705463,2.2447760243552937,2.554089110586287,1.812273570779227,1.7577393014564726,1,0,189,106
0.6147296796937032,2.0883777301963837,2.2108530741705463,2.2447760243552937,2.554089110586287,1.812273570779227,1,0,190,105
0.13847011978843657,0.6147296796937032,2.0883777301963837,2.2108530741705463,2.2447760243552937,2.554089110586287,1,0,191,104
0.6999805736757748,0.13847011978843657,0.6147296796937032,2.0883777301963837,2.2108530741705463,2.2447760243552937,1,0,192,103
0.04018192750447053,0.6999805736757748,0.13847011978843657,0.6147296796937032,2.0883777301963837,2.2108530741705463,1,0,193,102
-0.3235248776437175,0.04018192750447053,0.6999805736757748,0.13847011978843657,0.6147296796937032,2.0883777301963837,1,0,194,101
1.014785427278441,-0.3235248776437175,0.04018192750447053,0.6999805736757748,0.13847011978843657,0.6147296796937032,1,0,195,100
0.9357888498505,1.014785427278441,-0.3235248776437175,0.04018192750447053,0.6999805736757748,0.13847011978843657,1,0,196,99
0.3480142248906205,0.9357888498505,1.014785427278441,-0.3235248776437175,0.04018192750447053,0.6999805736757748,1,0,197,98
1.2833759503623443,0.3480142248906205,0.9357888498505,1.014785427278441,-0.3235248776437175,0.04018192750447053,1,0,198,97
0.24637386986755483,1.2833759503623443,0.3480142248906205,0.9357888498505,1.014785427278441,-0.3235248776437175,1,0,199,96
0.21308451776551252,0.24637386986755483,1.2833759503623443,0.3480142248906205,0.9357888498505,1.014785427278441,1,0,200,95
0.35513233446001535,0.21308451776551252,0.24637386986755483,1.2833759503623443,0.3480142248906205,0.9357888498505,1,0,201,94
0.6408437840066219,0.35513233446001535,0.21308451776551252,0.24637386986755483,1.2833759503623443,0.3480142248906205,1,0,202,93
1.038892290647496,0.6408437840066219,0.35513233446001535,0.21308451776551252,0.24637386986755483,1.2833759503623443,1,0,203,92
1.6015754711417498,1.038892290647496,0.6408437840066219,0.35513233446001535,0.21308451776551252,0.24637386986755483,1,0,204,91
1.2899742648551693,1.6015754711417498,1.038892290647496,0.6408437840066219,0.35513233446001535,0.21308451776551252,1,0,205,90
1.0694372383886392,1.2899742648551693,1.6015754711417498,1.038892290647496,0.6408437840066219,0.35513233446001535,1,0,206,89
1.4485054550967669,1.0694372383886392,1.2899742648551693,1.6015754711417498,1.038892290647496,0.6408437840066219,1,0,207,88
1.6477212528405443,1.4485054550967669,1.0694372383886392,1.2899742648551693,1.6015754711417498,1.038892290647496,1,0,208,87
0.9320603349283636,1.6477212528405443,1.4485054550967669,1.0694372383886392,1.2899742648551693,1.6015754711417498,1,0,209,86
0.4582354811091347,0.9320603349283636,1.6477212528405443,1.4485054550967669,1.0694372383886392,1.2899742648551693,1,0,210,85
0.3056885934636766,0.4582354811091347,0.9320603349283636,1.6477212528405443,1.4485054550967669,1.0694372383886392,1,0,211,84
0.26490834945472364,0.3056885934636766,0.4582354811091347,0.9320603349283636,1.6477212528405443,1.4485054550967669,1,0,212,83
-0.28100875419535576,0.26490834945472364,0.3056885934636766,0.4582354811091347,0.9320603349283636,1.6477212528405443,1,0,213,82
-0.3243610895264412,-0.28100875419535576,0.26490834945472364,0.3056885934636766,0.4582354811091347,0.9320603349283636,1,0,214,81
0.16444502828643284,-0.3243610895264412,-0.28100875419535576,0.26490834945472364,0.3056885934636766,0.4582354811091347,1,0,215,80
0.9555412964570628,0.16444502828643284,-0.3243610895264412,-0.28100875419535576,0.26490834945472364,0.3056885934636766,1,0,216,79
-0.04255377377498237,0.9555412964570628,0.16444502828643284,-0.3243610895264412,-0.28100875419535576,0.26490834945472364,1,0,217,78
-0.7178990053093292,-0.04255377377498237,0.9555412964570628,0.16444502828643284,-0.3243610895264412,-0.28100875419535576,1,0,218,77
0.20272945227681444,-0.7178990053093292,-0.04255377377498237,0.9555412964570628,0.16444502828643284,-0.3243610895264412,1,0,219,76
0.5329374756111862,0.20272945227681444,-0.7178990053093292,-0.04255377377498237,0.9555412964570628,0.16444502828643284,1,0,220,75
-0.3487181228629994,0.5329374756111862,0.20272945227681444,-0.7178990053093292,-0.04255377377498237,0.9555412964570628,1,0,221,74
-0.3897448159091616,-0.3487181228629994,0.5329374756111862,0.20272945227681444,-0.7178990053093292,-0.04255377377498237,1,0,222,73
0.3300096987038579,-0.3897448159091616,-0.3487181228629994,0.5329374756111862,0.20272945227681444,-0.7178990053093292,1,0,223,72
0.8686838600488901,0.3300096987038579,-0.3897448159091616,-0.3487181228629994,0.5329374756111862,0.20272945227681444,1,0,224,71
0.6089446709077959,0.8686838600488901,0.3300096987038579,-0.3897448159091616,-0.3487181228629994,0.5329374756111862,1,0,225,70
1.1796127150092781,0.6089446709077959,0.8686838600488901,0.3300096987038579,-0.3897448159091616,-0.3487181228629994,1,0,226,69
0.6758640385161714,1.1796127150092781,0.6089446709077959,0.8686838600488901,0.3300096987038579,-0.3897448159091616,1,0,227,68
-0.10832252511228818,0.6758640385161714,1.1796127150092781,0.6089446709077959,0.8686838600488901,0.3300096987038579,1,0,228,67
0.3632514651702716,-0.10832252511228818,0.6758640385161714,1.1796127150092781,0.6089446709077959,0.8686838600488901,1,0,229,66
0.038611486829029595,0.3632514651702716,-0.10832252511228818,0.6758640385161714,1.1796127150092781,0.6089446709077959,1,0,230,65
-0.4898696465290059,0.038611486829029595,0.3632514651702716,-0.10832252511228818,0.6758640385161714,1.1796127150092781,1,0,231,64
0.4879058994165616,-0.4898696465290059,0.038611486829029595,0.3632514651702716,-0.10832252511228818,0.6758640385161714,1,0,232,63
0.7729841035575074,0.4879058994165616,-0.4898696465290059,0.038611486829029595,0.3632514651702716,-0.10832252511228818,1,0,233,62
1.1634366055303251,0.7729841035575074,0.4879058994165616,-0.4898696465290059,0.038611486829029595,0.3632514651702716,1,0,234,61
0.9040793492618981,1.1634366055303251,0.7729841035575074,0.4879058994165616,-0.4898696465290059,0.038611486829029595,1,0,235,60
0.3335562447128591,0.9040793492618981,1.1634366055303251,0.7729841035575074,0.4879058994165616,-0.4898696465290059,1,0,236,59
0.2089344789811432,0.3335562447128591,0.9040793492618981,1.1634366055303251,0.7729841035575074,0.4879058994165616,1,0,237,58
0.07824163317136396,0.2089344789811432,0.3335562447128591,0.9040793492618981,1.1634366055303251,0.7729841035575074,1,0,238,57
-0.09385010376507433,0.07824163317136396,0.2089344789811432,0.3335562447128591,0.9040793492618981,1.1634366055303251,1,0,239,56
0.2914010991087354,-0.09385010376507433,0.07824163317136396,0.2089344789811432,0.3335562447128591,0.9040793492618981,1,0,240,55
0.20826240280101954,0.2914010991087354,-0.09385010376507433,0.07824163317136396,0.2089344789811432,0.3335562447128591,1,0,241,54
0.6632062439013268,0.20826240280101954,0.2914010991087354,-0.09385010376507433,0.07824163317136396,0.2089344789811432,1,0,242,53
0.22374606487533688,0.6632062439013268,0.20826240280101954,0.2914010991087354,-0.09385010376507433,0.07824163317136396,1,0,243,52
0.38013412649802203,0.22374606487533688,0.6632062439013268,0.20826240280101954,0.2914010991087354,-0.09385010376507433,1,0,244,51
-0.06965412394005432,0.38013412649802203,0.22374606487533688,0.6632062439013268,0.20826240280101954,0.2914010991087354,1,0,245,50
-0.5856491570213653,-0.06965412394005432,0.38013412649802203,0.22374606487533688,0.6632062439013268,0.20826240280101954,1,0,246,49
0.4122628456643076,-0.5856491570213653,-0.06965412394005432,0.38013412649802203,0.22374606487533688,0.6632062439013268,1,0,247,48
0.6140523302999127,0.4122628456643076,-0.5856491570213653,-0.06965412394005432,0.38013412649802203,0.22374606487533688,1,0,248,47
-0.3417991130261553,0.6140523302999127,0.4122628456643076,-0.5856491570213653,-0.06965412394005432,0.38013412649802203,1,0,249,46
-0.07872759615065383,-0.3417991130261553,0.6140523302999127,0.4122628456643076,-0.5856491570213653,-0.06965412394005432,1,0,250,45
0.4851825250547907,-0.07872759615065383,-0.3417991130261553,0.6140523302999127,0.4122628456643076,-0.5856491570213653,1,0,251,44
-0.5462143788315504,0.4851825250547907,-0.07872759615065383,-0.3417991130261553,0.6140523302999127,0.4122628456643076,1,0,252,43
0.025950555956848254,-0.5462143788315504,0.4851825250547907,-0.07872759615065383,-0.3417991130261553,0.6140523302999127,1,0,253,42
0.8834493046808127,0.025950555956848254,-0.5462143788315504,0.4851825250547907,-0.07872759615065383,-0.3417991130261553,1,0,254,41
-0.3734634446953562,0.8834493046808127,0.025950555956848254,-0.5462143788315504,0.4851825250547907,-0.07872759615065383,1,0,255,40
-0.7540686309450596,-0.3734634446953562,0.8834493046808127,0.025950555956848254,-0.5462143788315504,0.4851825250547907,1,0,256,39
0.7320028999655741,-0.7540686309450596,-0.3734634446953562,0.8834493046808127,0.025950555956848254,-0.5462143788315504,1,0,257,38
-0.7521451185406213,0.7320028999655741,-0.7540686309450596,-0.3734634446953562,0.8834493046808127,0.025950555956848254,1,0,258,37
-1.9312198933400577,-0.7521451185406213,0.7320028999655741,-0.7540686309450596,-0.3734634446953562,0.8834493046808127,1,0,259,36
0.03697079682490201,-1.9312198933400577,-0.7521451185406213,0.7320028999655741,-0.7540686309450596,-0.3734634446953562,1,0,260,35
-0.6859252289808964,0.03697079682490201,-1.9312198933400577,-0.7521451185406213,0.7320028999655741,-0.7540686309450596,1,0,261,34
-1.9711791575350577,-0.6859252289808964,0.03697079682490201,-1.9312198933400577,-0.7521451185406213,0.7320028999655741,1,0,262,33
-0.33382379541077134,-1.9711791575350577,-0.6859252289808964,0.03697079682490201,-1.9312198933400577,-0.7521451185406213,1,0,263,32
-0.3005727058325395,-0.33382379541077134,-1.9711791575350577,-0.6859252289808964,0.03697079682490201,-1.9312198933400577,1,0,264,31
-1.7935613383052642,-0.3005727058325395,-0.33382379541077134,-1.9711791575350577,-0.6859252289808964,0.03697079682490201,1,0,265,30
-0.40074261625945407,-1.7935613383052642,-0.3005727058325395,-0.33382379541077134,-1.9711791575350577,-0.6859252289808964,1,0,266,29
0.849250572529679,-0.40074261625945407,-1.7935613383052642,-0.3005727058325395,-0.33382379541077134,-1.9711791575350577,1,0,267,28
-1.1392589668079707,0.849250572529679,-0.40074261625945407,-1.7935613383052642,-0.3005727058325395,-0.33382379541077134,1,0,268,27
-1.038610769630178,-1.1392589668079707,0.849250572529679,-0.40074261625945407,-1.7935613383052642,-0.3005727058325395,1,0,269,26
0.4748668111933566,-1.038610769630178,-1.1392589668079707,0.849250572529679,-0.40074261625945407,-1.7935613383052642,1,0,270,25
-1.4829051277630585,0.4748668111933566,-1.038610769630178,-1.1392589668079707,0.849250572529679,-0.40074261625945407,1,0,271,24
-2.7332502179277838,-1.4829051277630585,0.4748668111933566,-1.038610769630178,-1.1392589668079707,0.849250572529679,1,0,272,23
-0.779013086050214,-2.7332502179277838,-1.4829051277630585,0.4748668111933566,-1.038610769630178,-1.1392589668079707,1,0,273,22
-0.1475861291654295,-0.779013086050214,-2.7332502179277838,-1.4829051277630585,0.4748668111933566,-1.038610769630178,1,0,274,21
-1.1682490813955373,-0.1475861291654295,-0.779013086050214,-2.7332502179277838,-1.4829051277630585,0.4748668111933566,1,0,275,20
-0.34963563532673364,-1.1682490813955373,-0.1475861291654295,-0.779013086050214,-2.7332502179277838,-1.4829051277630585,1,0,276,19
0.1792147574026825,-0.34963563532673364,-1.1682490813955373,-0.1475861291654295,-0.779013086050214,-2.7332502179277838,1,0,277,18
-2.396554232797371,0.1792147574026825,-0.34963563532673364,-1.1682490813955373,-0.1475861291654295,-0.779013086050214,1,0,278,17
-2.8758327218854998,-2.396554232797371,0.1792147574026825,-0.34963563532673364,-1.1682490813955373,-0.1475861291654295,1,0,279,16
-0.15858582687485234,-2.8758327218854998,-2.396554232797371,0.1792147574026825,-0.34963563532673364,-1.1682490813955373,1,0,280,15
-0.6629779666459115,-0.15858582687485234,-2.8758327218854998,-2.396554232797371,0.1792147574026825,-0.34963563532673364,1,0,281,14
-2.5700234655462726,-0.6629779666459115,-0.15858582687485234,-2.8758327218854998,-2.396554232797371,0.1792147574026825,1,0,282,13
-0.2585557861748937,-2.5700234655462726,-0.6629779666459115,-0.15858582687485234,-2.8758327218854998,-2.396554232797371,1,0,283,12
0.3483466273974003,-0.2585557861748937,-2.5700234655462726,-0.6629779666459115,-0.15858582687485234,-2.8758327218854998,1,0,284,11
-0.5683900523554062,0.3483466273974003,-0.2585557861748937,-2.5700234655462726,-0.6629779666459115,-0.15858582687485234,1,0,285,10
0.3261853389451213,-0.5683900523554062,0.3483466273974003,-0.2585557861748937,-2.5700234655462726,-0.6629779666459115,1,0,286,9
0.8008738213927952,0.3261853389451213,-0.5683900523554062,0.3483466273974003,-0.2585557861748937,-2.5700234655462726,1,0,287,8
-0.42837207567351054,0.8008738213927952,0.3261853389451213,-0.5683900523554062,0.3483466273974003,-0.2585557861748937,1,0,288,7
0.1232463776413778,-0.42837207567351054,0.8008738213927952,0.3261853389451213,-0.5683900523554062,0.3483466273974003,1,0,289,6
-0.6569703130878296,0.1232463776413778,-0.42837207567351054,0.8008738213927952,0.3261853389451213,-0.5683900523554062,1,1,290,5
-0.7237604380751252,-0.6569703130878296,0.1232463776413778,-0.42837207567351054,0.8008738213927952,0.3261853389451213,1,1,291,4
-1.2847990201873516,-0.7237604380751252,-0.6569703130878296,0.1232463776413778,-0.42837207567351054,0.8008738213927952,1,1,292,3
-2.3368808157833674,-1.2847990201873516,-0.7237604380751252,-0.6569703130878296,0.1232463776413778,-0.42837207567351054,1,1,293,2
-2.1639954417941576,-2.3368808157833674,-1.2847990201873516,-0.7237604380751252,-0.6569703130878296,0.1232463776413778,1,1,294,1
-3.916594807404544,-2.1639954417941576,-2.3368808157833674,-1.2847990201873516,-0.7237604380751252,-0.6569703130878296,2,1,0,0
-2.0377399078904173,-3.916594807404544,-2.1639954417941576,-2.3368808157833674,-1.2847990201873516,-0.7237604380751252,2,1,1,60
-4.096646305886398,-2.0377399078904173,-3.916594807404544,-2.1639954417941576,-2.3368808157833674,-1.2847990201873516,2,1,2,59
-2.757271420095016,-4.096646305886398,-2.0377399078904173,-3.916594807404544,-2.1639954417941576,-2.3368808157833674,2,1,3,58
-3.4252083180585315,-2.757271420095016,-4.096646305886398,-2.0377399078904173,-3.916594807404544,-2.1639954417941576,2,1,4,57
-3.487155848108185,-3.4252083180585315,-2.757271420095016,-4.096646305886398,-2.0377399078904173,-3.916594807404544,2,0,5,56
-2.7580068107773434,-3.487155848108185,-3.4252083180585315,-2.757271420095016,-4.096646305886398,-2.0377399078904173,2,0,6,55
-5.509289657276264,-2.7580068107773434,-3.487155848108185,-3.4252083180585315,-2.757271420095016,-4.096646305886398,2,0,7,54
-1.6858611684632865,-5.509289657276264,-2.7580068107773434,-3.487155848108185,-3.4252083180585315,-2.757271420095016,2,0,8,53
-4.2748309086508876,-1.6858611684632865,-5.509289657276264,-2.7580068107773434,-3.487155848108185,-3.4252083180585315,2,0,9,52
-1.2629591059441543,-4.2748309086508876,-1.6858611684632865,-5.509289657276264,-2.7580068107773434,-3.487155848108185,2,0,10,51
-3.5219815931003318,-1.2629591059441543,-4.2748309086508876,-1.6858611684632865,-5.509289657276264,-2.7580068107773434,2,0,11,50
-0.6173632811383918,-3.5219815931003318,-1.2629591059441543,-4.2748309086508876,-1.6858611684632865,-5.509289657276264,2,0,12,49
-3.2746313504345306,-0.6173632811383918,-3.5219815931003318,-1.2629591059441543,-4.2748309086508876,-1.6858611684632865,2,0,13,48
-1.9084483072848997,-3.2746313504345306,-0.6173632811383918,-3.5219815931003318,-1.2629591059441543,-4.2748309086508876,2,0,14,47
-4.748572125756936,-1.9084483072848997,-3.2746313504345306,-0.6173632811383918,-3.5219815931003318,-1.2629591059441543,2,0,15,46
0.679832584793254,-4.748572125756936,-1.9084483072848997,-3.2746313504345306,-0.6173632811383918,-3.5219815931003318,2,0,16,45
-7.6302913686167955,0.679832584793254,-4.748572125756936,-1.9084483072848997,-3.2746313504345306,-0.6173632811383918,2,0,17,44
1.2721667888701824,-7.6302913686167955,0.679832584793254,-4.748572125756936,-1.9084483072848997,-3.2746313504345306,2,0,18,43
-6.786506866545341,1.2721667888701824,-7.6302913686167955,0.679832584793254,-4.748572125756936,-1.9084483072848997,2,0,19,42
1.5090791175170248,-6.786506866545341,1.2721667888701824,-7.6302913686167955,0.679832584793254,-4.748572125756936,2,0,20,41
-7.81047525225837,1.5090791175170248,-6.786506866545341,1.2721667888701824,-7.6302913686167955,0.679832584793254,2,0,21,40
1.6766686321716135,-7.81047525225837,1.5090791175170248,-6.786506866545341,1.2721667888701824,-7.6302913686167955,2,0,22,39
-5.0813728143346655,1.6766686321716135,-7.81047525225837,1.5090791175170248,-6.786506866545341,1.2721667888701824,2,0,23,38
3.3214884412279506,-5.0813728143346655,1.6766686321716135,-7.81047525225837,1.5090791175170248,-6.786506866545341,2,0,24,37
-3.095639927764326,3.3214884412279506,-5.0813728143346655,1.6766686321716135,-7.81047525225837,1.5090791175170248,2,0,25,36
2.604669018053546,-3.095639927764326,3.3214884412279506,-5.0813728143346655,1.6766686321716135,-7.81047525225837,2,0,26,35
-2.1942846042368473,2.604669018053546,-3.095639927764326,3.3214884412279506,-5.0813728143346655,1.6766686321716135,2,0,27,34
5.454581942246262,-2.1942846042368473,2.604669018053546,-3.095639927764326,3.3214884412279506,-5.0813728143346655,2,0,28,33
1.12337693517753,5.454581942246262,-2.1942846042368473,2.604669018053546,-3.095639927764326,3.3214884412279506,2,0,29,32
4.71594281013415,1.12337693517753,5.454581942246262,-2.1942846042368473,2.604669018053546,-3.095639927764326,2,0,30,31
3.1415146503652718,4.71594281013415,1.12337693517753,5.454581942246262,-2.1942846042368473,2.604669018053546,2,0,31,30
6.5365337723024695,3.1415146503652718,4.71594281013415,1.12337693517753,5.454581942246262,-2.1942846042368473,2,0,32,29
5.485806633891341,6.5365337723024695,3.1415146503652718,4.71594281013415,1.12337693517753,5.454581942246262,2,0,33,28
6.3660995109347045,5.485806633891341,6.5365337723024695,3.1415146503652718,4.71594281013415,1.12337693517753,2,0,34,27
9.92245615213968,6.3660995109347045,5.485806633891341,6.5365337723024695,3.1415146503652718,4.71594281013415,2,0,35,26
6.3810053841419885,9.92245615213968,6.3660995109347045,5.485806633891341,6.5365337723024695,3.1415146503652718,2,0,36,25
13.31615258238959,6.3810053841419885,9.92245615213968,6.3660995109347045,5.485806633891341,6.5365337723024695,2,0,37,24
6.513129191567916,13.31615258238959,6.3810053841419885,9.92245615213968,6.3660995109347045,5.485806633891341,2,0,38,23
16.681252470011245,6.513129191567916,13.31615258238959,6.3810053841419885,9.92245615213968,6.3660995109347045,2,0,39,22
7.372951939764574,16.681252470011245,6.513129191567916,13.31615258238959,6.3810053841419885,9.92245615213968,2,0,40,21
17.45020915472984,7.372951939764574,16.681252470011245,6.513129191567916,13.31615258238959,6.3810053841419885,2,0,41,20
12.434856594518648,17.45020915472984,7.372951939764574,16.681252470011245,6.513129191567916,13.31615258238959,2,0,42,19
17.28166034812458,12.434856594518648,17.45020915472984,7.372951939764574,16.681252470011245,6.513129191567916,2,0,43,18
16.867722111608604,17.28166034812458,12.434856594518648,17.45020915472984,7.372951939764574,16.681252470011245,2,0,44,17
17.50663434437224,16.867722111608604,17.28166034812458,12.434856594518648,17.45020915472984,7.372951939764574,2,0,45,16
21.817820798029103,17.50663434437224,16.867722111608604,17.28166034812458,12.434856594518648,17.45020915472984,2,0,46,15
18.631596185952205,21.817820798029103,17.50663434437224,16.867722111608604,17.28166034812458,12.434856594518648,2,0,47,14
26.20864042335579,18.631596185952205,21.817820798029103,17.50663434437224,16.867722111608604,17.28166034812458,2,0,48,13
20.81052155276295,26.20864042335579,18.631596185952205,21.817820798029103,17.50663434437224,16.867722111608604,2,0,49,12
32.16181131555299,20.81052155276295,26.20864042335579,18.631596185952205,21.817820798029103,17.50663434437224,2,0,50,11
23.765473370375545,32.16181131555299,20.81052155276295,26.20864042335579,18.631596185952205,21.817820798029103,2,0,51,10
34.40847916269661,23.765473370375545,32.16181131555299,20.81052155276295,26.20864042335579,18.631596185952205,2,0,52,9
29.561963257953444,34.40847916269661,23.765473370375545,32.16181131555299,20.81052155276295,26.20864042335579,2,0,53,8
37.57962807435802,29.561963257953444,34.40847916269661,23.765473370375545,32.16181131555299,20.81052155276295,2,0,54,7
31.673337600685517,37.57962807435802,29.561963257953444,34.40847916269661,23.765473370375545,32.16181131555299,2,0,55,6
40.7424453103356,31.673337600685517,37.57962807435802,29.561963257953444,34.40847916269661,23.765473370375545,2,1,56,5
37.866435476903234,40.7424453103356,31.673337600685517,37.57962807435802,29.561963257953444,34.40847916269661,2,1,57,4
44.146966365228394,37.866435476903234,40.7424453103356,31.673337600685517,37.57962807435802,29.561963257953444,2,1,58,3
43.829225105738814,44.146966365228394,37.866435476903234,40.7424453103356,31.673337600685517,37.57962807435802,2,1,59,2
47.94019940280475,43.829225105738814,44.146966365228394,37.866435476903234,40.7424453103356,31.673337600685517,2,1,60,1
48.13566165234803,47.94019940280475,43.829225105738814,44.146966365228394,37.866435476903234,40.7424453103356,3,1,0,0
54.05747090673346,48.13566165234803,47.94019940280475,43.829225105738814,44.146966365228394,37.866435476903234,3,1,1,137
52.9987333387802,54.05747090673346,48.13566165234803,47.94019940280475,43.829225105738814,44.146966365228394,3,1,2,136
58.91844336170762,52.9987333387802,54.05747090673346,48.13566165234803,47.94019940280475,43.829225105738814,3,1,3,135
57.173684822667205,58.91844336170762,52.9987333387802,54.05747090673346,48.13566165234803,47.94019940280475,3,1,4,134
61.805026827624864,57.173684822667205,58.91844336170762,52.9987333387802,54.05747090673346,48.13566165234803,3,0,5,133
64.33395595921596,61.805026827624864,57.173684822667205,58.91844336170762,52.9987333387802,54.05747090673346,3,0,6,132
64.92835845580956,64.33395595921596,61.805026827624864,57.173684822667205,58.91844336170762,52.9987333387802,3,0,7,131
68.0741865779468,64.92835845580956,64.33395595921596,61.805026827624864,57.173684822667205,58.91844336170762,3,0,8,130
69.37795894068665,68.0741865779468,64.92835845580956,64.33395595921596,61.805026827624864,57.173684822667205,3,0,9,129
73.54644631005164,69.37795894068665,68.0741865779468,64.92835845580956,64.33395595921596,61.805026827624864,3,0,10,128
74.18564139234203,73.54644631005164,69.37795894068665,68.0741865779468,64.92835845580956,64.33395595921596,3,0,11,127
79.35759898766092,74.18564139234203,73.54644631005164,69.37795894068665,68.0741865779468,64.92835845580956,3,0,12,126
78.65709942136051,79.35759898766092,74.18564139234203,73.54644631005164,69.37795894068665,68.0741865779468,3,0,13,125
85.54549708110652,78.65709942136051,79.35759898766092,74.18564139234203,73.54644631005164,69.37795894068665,3,0,14,124
85.59495148902877,85.54549708110652,78.65709942136051,79.35759898766092,74.18564139234203,73.54644631005164,3,0,15,123
89.43762658425639,85.59495148902877,85.54549708110652,78.65709942136051,79.35759898766092,74.18564139234203,3,0,16,122
89.62311925311205,89.43762658425639,85.59495148902877,85.54549708110652,78.65709942136051,79.35759898766092,3,0,17,121
94.3912698215345,89.62311925311205,89.43762658425639,85.59495148902877,85.54549708110652,78.65709942136051,3,0,18,120
95.61972259766013,94.3912698215345,89.62311925311205,89.43762658425639,85.59495148902877,85.54549708110652,3,0,19,119
97.03602421180108,95.61972259766013,94.3912698215345,89.62311925311205,89.43762658425639,85.59495148902877,3,0,20,118
101.09673108970043,97.03602421180108,95.61972259766013,94.3912698215345,89.62311925311205,89.43762658425639,3,0,21,117
100.8585040719058,101.09673108970043,97.03602421180108,95.61972259766013,94.3912698215345,89.62311925311205,3,0,22,116
104.78262949201036,100.8585040719058,101.09673108970043,97.03602421180108,95.61972259766013,94.3912698215345,3,0,23,115
104.87593862987737,104.78262949201036,100.8585040719058,101.09673108970043,97.03602421180108,95.61972259766013,3,0,24,114
106.81171272276211,104.87593862987737,104.78262949201036,100.8585040719058,101.09673108970043,97.03602421180108,3,0,25,113
109.44130523302485,106.81171272276211,104.87593862987737,104.78262949201036,100.8585040719058,101.09673108970043,3,0,26,112
109.01884444963042,109.44130523302485,106.81171272276211,104.87593862987737,104.78262949201036,100.8585040719058,3,0,27,111
112.94101948919534,109.01884444963042,109.44130523302485,106.81171272276211,104.87593862987737,104.78262949201036,3,0,28,110
111.14011927121263,112.94101948919534,109.01884444963042,109.44130523302485,106.81171272276211,104.87593862987737,3,0,29,109
114.92599547497346,111.14011927121263,112.94101948919534,109.01884444963042,109.44130523302485,106.81171272276211,3,0,30,108
112.81288908171405,114.92599547497346,111.14011927121263,112.94101948919534,109.01884444963042,109.44130523302485,3,0,31,107
118.55798825109787,112.81288908171405,114.92599547497346,111.14011927121263,112.94101948919534,109.01884444963042,3,0,32,106
117.12833113355018,118.55798825109787,112.81288908171405,114.92599547497346,111.14011927121263,112.94101948919534,3,0,33,105
122.63196610211011,117.12833113355018,118.55798825109787,112.81288908171405,114.92599547497346,111.14011927121263,3,0,34,104
118.6111675235826,122.63196610211011,117.12833113355018,118.55798825109787,112.81288908171405,114.92599547497346,3,0,35,103
125.98481540195924,118.6111675235826,122.63196610211011,117.12833113355018,118.55798825109787,112.81288908171405,3,0,36,102
119.8644411910138,125.98481540195924,118.6111675235826,122.63196610211011,117.12833113355018,118.55798825109787,3,0,37,101
126.97476095813117,119.8644411910138,125.98481540195924,118.6111675235826,122.63196610211011,117.12833113355018,3,0,38,100
126.58730848591814,126.97476095813117,119.8644411910138,125.98481540195924,118.6111675235826,122.63196610211011,3,0,39,99
127.98619929805662,126.58730848591814,126.97476095813117,119.8644411910138,125.98481540195924,118.6111675235826,3,0,40,98
129.11910916576977,127.98619929805662,126.58730848591814,126.97476095813117,119.8644411910138,125.98481540195924,3,0,41,97
133.40870628931827,129.11910916576977,127.98619929805662,126.58730848591814,126.97476095813117,119.8644411910138,3,0,42,96
133.46859128616614,133.40870628931827,129.11910916576977,127.98619929805662,126.58730848591814,126.97476095813117,3,0,43,95
133.76819932062256,133.46859128616614,133.40870628931827,129.11910916576977,127.98619929805662,126.58730848591814,3,0,44,94
138.51268531650283,133.76819932062256,133.46859128616614,133.40870628931827,129.11910916576977,127.98619929805662,3,0,45,93
136.98615801479247,138.51268531650283,133.76819932062256,133.46859128616614,133.40870628931827,129.11910916576977,3,0,46,92
144.10829202197647,136.98615801479247,138.51268531650283,133.76819932062256,133.46859128616614,133.40870628931827,3,0,47,91
140.61931865705,144.10829202197647,136.98615801479247,138.51268531650283,133.76819932062256,133.46859128616614,3,0,48,90
150.6647511255527,140.61931865705,144.10829202197647,136.98615801479247,138.51268531650283,133.76819932062256,3,0,49,89
147.50382128348002,150.6647511255527,140.61931865705,144.10829202197647,136.98615801479247,138.51268531650283,3,0,50,88
156.86688958740564,147.50382128348002,150.6647511255527,140.61931865705,144.10829202197647,136.98615801479247,3,0,51,87
153.36547483409976,156.86688958740564,147.50382128348002,150.6647511255527,140.61931865705,144.10829202197647,3,0,52,86
163.07480494827706,153.36547483409976,156.86688958740564,147.50382128348002,150.6647511255527,140.61931865705,3,0,53,85
156.37750497639624,163.07480494827706,153.36547483409976,156.86688958740564,147.50382128348002,150.6647511255527,3,0,54,84
167.85359061694345,156.37750497639624,163.07480494827706,153.36547483409976,156.86688958740564,147.50382128348002,3,0,55,83
162.81792261502852,167.85359061694345,156.37750497639624,163.07480494827706,153.36547483409976,156.86688958740564,3,0,56,82
171.92650534709105,162.81792261502852,167.85359061694345,156.37750497639624,163.07480494827706,153.36547483409976,3,0,57,81
169.97700088761033,171.92650534709105,162.81792261502852,167.85359061694345,156.37750497639624,163.07480494827706,3,0,58,80
175.68442024999976,169.97700088761033,171.92650534709105,162.81792261502852,167.85359061694345,156.37750497639624,3,0,59,79
175.8040748348377,175.68442024999976,169.97700088761033,171.92650534709105,162.81792261502852,167.85359061694345,3,0,60,78
181.47028073225493,175.8040748348377,175.68442024999976,169.97700088761033,171.92650534709105,162.81792261502852,3,0,61,77
181.18221827034367,181.47028073225493,175.8040748348377,175.68442024999976,169.97700088761033,171.92650534709105,3,0,62,76
186.78837519429578,181.18221827034367,181.47028073225493,175.8040748348377,175.68442024999976,169.97700088761033,3,0,63,75
187.50042006398894,186.78837519429578,181.18221827034367,181.47028073225493,175.8040748348377,175.68442024999976,3,0,64,74
191.60627274915748,187.50042006398894,186.78837519429578,181.18221827034367,181.47028073225493,175.8040748348377,3,0,65,73
188.80689070317476,191.60627274915748,187.50042006398894,186.78837519429578,181.18221827034367,181.47028073225493,3,0,66,72
195.49714989387888,188.80689070317476,191.60627274915748,187.50042006398894,186.78837519429578,181.18221827034367,3,0,67,71
193.01669980520177,195.49714989387888,188.80689070317476,191.60627274915748,187.50042006398894,186.78837519429578,3,0,68,70
198.0696761394454,193.01669980520177,195.49714989387888,188.80689070317476,191.60627274915748,187.50042006398894,3,0,69,69
196.78836029533136,198.0696761394454,193.01669980520177,195.49714989387888,188.80689070317476,191.60627274915748,3,0,70,68
203.33521759175733,196.78836029533136,198.0696761394454,193.01669980520177,195.49714989387888,188.80689070317476,3,0,71,67
200.89602987691248,203.33521759175733,196.78836029533136,198.0696761394454,193.01669980520177,195.49714989387888,3,0,72,66
205.28603123957922,200.89602987691248,203.33521759175733,196.78836029533136,198.0696761394454,193.01669980520177,3,0,73,65
203.73324435153162,205.28603123957922,200.89602987691248,203.33521759175733,196.78836029533136,198.0696761394454,3,0,74,64
208.9449378388371,203.73324435153162,205.28603123957922,200.89602987691248,203.33521759175733,196.78836029533136,3,0,75,63
206.01453643023646,208.9449378388371,203.73324435153162,205.28603123957922,200.89602987691248,203.33521759175733,3,0,76,62
211.4835237885128,206.01453643023646,208.9449378388371,203.73324435153162,205.28603123957922,200.89602987691248,3,0,77,61
209.16506336742142,211.4835237885128,206.01453643023646,208.9449378388371,203.73324435153162,205.28603123957922,3,0,78,60
213.14197586858418,209.16506336742142,211.4835237885128,206.01453643023646,208.9449378388371,203.73324435153162,3,0,79,59
212.136623772941,213.14197586858418,209.16506336742142,211.4835237885128,206.01453643023646,208.9449378388371,3,0,80,58
215.7956016811113,212.136623772941,213.14197586858418,209.16506336742142,211.4835237885128,206.01453643023646,3,0,81,57
216.33036493599943,215.7956016811113,212.136623772941,213.14197586858418,209.16506336742142,211.4835237885128,3,0,82,56
217.68087631349204,216.33036493599943,215.7956016811113,212.136623772941,213.14197586858418,209.16506336742142,3,0,83,55
216.83585784777688,217.68087631349204,216.33036493599943,215.7956016811113,212.136623772941,213.14197586858418,3,0,84,54
219.5502644281077,216.83585784777688,217.68087631349204,216.33036493599943,215.7956016811113,212.136623772941,3,0,85,53
221.45491720107634,219.5502644281077,216.83585784777688,217.68087631349204,216.33036493599943,215.7956016811113,3,0,86,52
221.0475714113557,221.45491720107634,219.5502644281077,216.83585784777688,217.68087631349204,216.33036493599943,3,0,87,51
224.11365794699296,221.0475714113557,221.45491720107634,219.5502644281077,216.83585784777688,217.68087631349204,3,0,88,50
225.54417628417954,224.11365794699296,221.0475714113557,221.45491720107634,219.5502644281077,216.83585784777688,3,0,89,49
227.20690373700543,225.54417628417954,224.11365794699296,221.0475714113557,221.45491720107634,219.5502644281077,3,0,90,48
228.2873685992205,227.20690373700543,225.54417628417954,224.11365794699296,221.0475714113557,221.45491720107634,3,0,91,47
230.18986466404476,228.2873685992205,227.20690373700543,225.54417628417954,224.11365794699296,221.0475714113557,3,0,92,46
233.59685378441466,230.18986466404476,228.2873685992205,227.20690373700543,225.54417628417954,224.11365794699296,3,0,93,45
231.64592024576226,233.59685378441466,230.18986466404476,228.2873685992205,227.20690373700543,225.54417628417954,3,0,94,44
236.2795015269431,231.64592024576226,233.59685378441466,230.18986466404476,228.2873685992205,227.20690373700543,3,0,95,43
236.84675119769207,236.2795015269431,231.64592024576226,233.59685378441466,230.18986466404476,228.2873685992205,3,0,96,42
239.43065922013562,236.84675119769207,236.2795015269431,231.64592024576226,233.59685378441466,230.18986466404476,3,0,97,41
238.27432098100084,239.43065922013562,236.84675119769207,236.2795015269431,231.64592024576226,233.59685378441466,3,0,98,40
243.54311667249712,238.27432098100084,239.43065922013562,236.84675119769207,236.2795015269431,231.64592024576226,3,0,99,39
243.70782614933057,243.54311667249712,238.27432098100084,239.43065922013562,236.84675119769207,236.2795015269431,3,0,100,38
246.6471517878716,243.70782614933057,243.54311667249712,238.27432098100084,239.43065922013562,236.84675119769207,3,0,101,37
245.22358243319505,246.6471517878716,243.70782614933057,243.54311667249712,238.27432098100084,239.43065922013562,3,0,102,36
251.79734683604863,245.22358243319505,246.6471517878716,243.70782614933057,243.54311667249712,238.27432098100084,3,0,103,35
250.99548193417885,251.79734683604863,245.22358243319505,246.6471517878716,243.70782614933057,243.54311667249712,3,0,104,34
255.99734389940534,250.99548193417885,251.79734683604863,245.22358243319505,246.6471517878716,243.70782614933057,3,0,105,33
255.29095785654582,255.99734389940534,250.99548193417885,251.79734683604863,245.22358243319505,246.6471517878716,3,0,106,32
260.0261889193928,255.29095785654582,255.99734389940534,250.99548193417885,251.79734683604863,245.22358243319505,3,0,107,31
261.0403564373882,260.0261889193928,255.29095785654582,255.99734389940534,250.99548193417885,251.79734683604863,3,0,108,30
262.8124182153895,261.0403564373882,260.0261889193928,255.29095785654582,255.99734389940534,250.99548193417885,3,0,109,29
267.13106769528804,262.8124182153895,261.0403564373882,260.0261889193928,255.29095785654582,255.99734389940534,3,0,110,28
267.4380034522619,267.13106769528804,262.8124182153895,261.0403564373882,260.0261889193928,255.29095785654582,3,0,111,27
270.1142927471677,267.4380034522619,267.13106769528804,262.8124182153895,261.0403564373882,260.0261889193928,3,0,112,26
269.92709801175226,270.1142927471677,267.4380034522619,267.13106769528804,262.8124182153895,261.0403564373882,3,0,113,25
273.1515103123761,269.92709801175226,270.1142927471677,267.4380034522619,267.13106769528804,262.8124182153895,3,0,114,24
274.93595169338016,273.1515103123761,269.92709801175226,270.1142927471677,267.4380034522619,267.13106769528804,3,0,115,23
276.72531934083315,274.93595169338016,273.1515103123761,269.92709801175226,270.1142927471677,267.4380034522619,3,0,116,22
279.9402473192823,276.72531934083315,274.93595169338016,273.1515103123761,269.92709801175226,270.1142927471677,3,0,117,21
279.2618919014726,279.9402473192823,276.72531934083315,274.93595169338016,273.1515103123761,269.92709801175226,3,0,118,20
281.64945445923087,279.2618919014726,279.9402473192823,276.72531934083315,274.93595169338016,273.1515103123761,3,0,119,19
282.35944904609664,281.64945445923087,279.2618919014726,279.9402473192823,276.72531934083315,274.93595169338016,3,0,120,18
287.93110525616066,282.35944904609664,281.64945445923087,279.2618919014726,279.9402473192823,276.72531934083315,3,0,121,17
283.65603574576767,287.93110525616066,282.35944904609664,281.64945445923087,279.2618919014726,279.9402473192823,3,0,122,16
291.71881015157885,283.65603574576767,287.93110525616066,282.35944904609664,281.64945445923087,279.2618919014726,3,0,123,15
287.72309792881197,291.71881015157885,283.65603574576767,287.93110525616066,282.35944904609664,281.64945445923087,3,0,124,14
296.7712154296072,287.72309792881197,291.71881015157885,283.65603574576767,287.93110525616066,282.35944904609664,3,0,125,13
290.1972121418555,296.7712154296072,287.72309792881197,291.71881015157885,283.65603574576767,287.93110525616066,3,0,126,12
301.3803712585661,290.1972121418555,296.7712154296072,287.72309792881197,291.71881015157885,283.65603574576767,3,0,127,11
295.3743091130844,301.3803712585661,290.1972121418555,296.7712154296072,287.72309792881197,291.71881015157885,3,0,128,10
304.76373250875855,295.3743091130844,301.3803712585661,290.1972121418555,296.7712154296072,287.72309792881197,3,0,129,9
298.3052283259396,304.76373250875855,295.3743091130844,301.3803712585661,290.1972121418555,296.7712154296072,3,0,130,8
307.58538234032795,298.3052283259396,304.76373250875855,295.3743091130844,301.3803712585661,290.1972121418555,3,0,131,7
304.16987430574784,307.58538234032795,298.3052283259396,304.76373250875855,295.3743091130844,301.3803712585661,3,0,132,6
311.15011580429154,304.16987430574784,307.58538234032795,298.3052283259396,304.76373250875855,295.3743091130844,3,1,133,5
306.6275876145888,311.15011580429154,304.16987430574784,307.58538234032795,298.3052283259396,304.76373250875855,3,1,134,4
313.2866717306102,306.6275876145888,311.15011580429154,304.16987430574784,307.58538234032795,298.3052283259396,3,1,135,3
305.26000283210175,313.2866717306102,306.6275876145888,311.15011580429154,304.16987430574784,307.58538234032795,3,1,136,2
306.8879538634337,305.26000283210175,313.2866717306102,306.6275876145888,311.15011580429154,304.16987430574784,3,1,137,1
303.7309145122758,306.8879538634337,305.26000283210175,313.2866717306102,306.6275876145888,311.15011580429154,4,1,0,0
308.5533615502972,303.7309145122758,306.8879538634337,305.26000283210175,313.2866717306102,306.6275876145888,4,1,1,198
304.5427809090542,308.5533615502972,303.7309145122758,306.8879538634337,305.26000283210175,313.2866717306102,4,1,2,197
307.2879980084458,304.5427809090542,308.5533615502972,303.7309145122758,306.8879538634337,305.26000283210175,4,1,3,196
303.1216340234491,307.2879980084458,304.5427809090542,308.5533615502972,303.7309145122758,306.8879538634337,4,1,4,195
305.42289345714977,303.1216340234491,307.2879980084458,304.5427809090542,308.5533615502972,303.7309145122758,4,0,5,194
305.57067310507205,305.42289345714977,303.1216340234491,307.2879980084458,304.5427809090542,308.5533615502972,4,0,6,193
310.4341940945633,305.57067310507205,305.42289345714977,303.1216340234491,307.2879980084458,304.5427809090542,4,0,7,192
303.48884264332895,310.4341940945633,305.57067310507205,305.42289345714977,303.1216340234491,307.2879980084458,4,0,8,191
297.8397996218654,303.48884264332895,310.4341940945633,305.57067310507205,305.42289345714977,303.1216340234491,4,0,9,190
296.03615666750466,297.8397996218654,303.48884264332895,310.4341940945633,305.57067310507205,305.42289345714977,4,0,10,189
301.5234146285725,296.03615666750466,297.8397996218654,303.48884264332895,310.4341940945633,305.57067310507205,4,0,11,188
303.7685284438213,301.5234146285725,296.03615666750466,297.8397996218654,303.48884264332895,310.4341940945633,4,0,12,187
305.9810387192019,303.7685284438213,301.5234146285725,296.03615666750466,297.8397996218654,303.48884264332895,4,0,13,186
301.5141949715277,305.9810387192019,303.7685284438213,301.5234146285725,296.03615666750466,297.8397996218654,4,0,14,185
304.68292485599704,301.5141949715277,305.9810387192019,303.7685284438213,301.5234146285725,296.03615666750466,4,0,15,184
300.4473012536186,304.68292485599704,301.5141949715277,305.9810387192019,303.7685284438213,301.5234146285725,4,0,16,183
305.94167689881334,300.4473012536186,304.68292485599704,301.5141949715277,305.9810387192019,303.7685284438213,4,0,17,182
303.470003390529,305.94167689881334,300.4473012536186,304.68292485599704,301.5141949715277,305.9810387192019,4,0,18,181
304.709975175602,303.470003390529,305.94167689881334,300.4473012536186,304.68292485599704,301.5141949715277,4,0,19,180
298.5009180476039,304.709975175602,303.470003390529,305.94167689881334,300.4473012536186,304.68292485599704,4,0,20,179
298.47054895347213,298.5009180476039,304.709975175602,303.470003390529,305.94167689881334,300.4473012536186,4,0,21,178
296.133975301736,298.47054895347213,298.5009180476039,304.709975175602,303.470003390529,305.94167689881334,4,0,22,177
302.0985391364081,296.133975301736,298.47054895347213,298.5009180476039,304.709975175602,303.470003390529,4,0,23,176
304.55212051926446,302.0985391364081,296.133975301736,298.47054895347213,298.5009180476039,304.709975175602,4,0,24,175
305.7321144330947,304.55212051926446,302.0985391364081,296.133975301736,298.47054895347213,298.5009180476039,4,0,25,174
300.6105879214612,305.7321144330947,304.55212051926446,302.0985391364081,296.133975301736,298.47054895347213,4,0,26,173
303.3338391313112,300.6105879214612,305.7321144330947,304.55212051926446,302.0985391364081,296.133975301736,4,0,27,172
302.1679903592554,303.3338391313112,300.6105879214612,305.7321144330947,304.55212051926446,302.0985391364081,4,0,28,171
303.88987616256867,302.1679903592554,303.3338391313112,300.6105879214612,305.7321144330947,304.55212051926446,4,0,29,170
303.4777903661429,303.88987616256867,302.1679903592554,303.3338391313112,300.6105879214612,305.7321144330947,4,0,30,169
305.8052570659451,303.4777903661429,303.88987616256867,302.1679903592554,303.3338391313112,300.6105879214612,4,0,31,168
306.2285772797752,305.8052570659451,303.4777903661429,303.88987616256867,302.1679903592554,303.3338391313112,4,0,32,167
307.13420090854885,306.2285772797752,305.8052570659451,303.4777903661429,303.88987616256867,302.1679903592554,4,0,33,166
298.0214700092837,307.13420090854885,306.2285772797752,305.8052570659451,303.4777903661429,303.88987616256867,4,0,34,165
295.61257459171856,298.0214700092837,307.13420090854885,306.2285772797752,305.8052570659451,303.4777903661429,4,0,35,164
294.3470147017091,295.61257459171856,298.0214700092837,307.13420090854885,306.2285772797752,305.8052570659451,4,0,36,163
299.88606429378274,294.3470147017091,295.61257459171856,298.0214700092837,307.13420090854885,306.2285772797752,4,0,37,162
302.16662297244676,299.88606429378274,294.3470147017091,295.61257459171856,298.0214700092837,307.13420090854885,4,0,38,161
307.2330975928488,302.16662297244676,299.88606429378274,294.3470147017091,295.61257459171856,298.0214700092837,4,0,39,160
305.7730521591164,307.2330975928488,302.16662297244676,299.88606429378274,294.3470147017091,295.61257459171856,4,0,40,159
306.27898157870453,305.7730521591164,307.2330975928488,302.16662297244676,299.88606429378274,294.3470147017091,4,0,41,158
305.5580773573189,306.27898157870453,305.7730521591164,307.2330975928488,302.16662297244676,299.88606429378274,4,0,42,157
307.3238606278554,305.5580773573189,306.27898157870453,305.7730521591164,307.2330975928488,302.16662297244676,4,0,43,156
309.54084373501377,307.3238606278554,305.5580773573189,306.27898157870453,305.7730521591164,307.2330975928488,4,0,44,155
307.7969353989663,309.54084373501377,307.3238606278554,305.5580773573189,306.27898157870453,305.7730521591164,4,0,45,154
301.38915224894606,307.7969353989663,309.54084373501377,307.3238606278554,305.5580773573189,306.27898157870453,4,0,46,153
299.5563690136298,301.38915224894606,307.7969353989663,309.54084373501377,307.3238606278554,305.5580773573189,4,0,47,152
304.8690437257674,299.5563690136298,301.38915224894606,307.7969353989663,309.54084373501377,307.3238606278554,4,0,48,151
304.18676785175114,304.8690437257674,299.5563690136298,301.38915224894606,307.7969353989663,309.54084373501377,4,0,49,150
303.62646595570794,304.18676785175114,304.8690437257674,299.5563690136298,301.38915224894606,307.7969353989663,4,0,50,149
302.99620461564945,303.62646595570794,304.18676785175114,304.8690437257674,299.5563690136298,301.38915224894606,4,0,51,148
305.9704711046613,302.99620461564945,303.62646595570794,304.18676785175114,304.8690437257674,299.5563690136298,4,0,52,147
304.2744888101723,305.9704711046613,302.99620461564945,303.62646595570794,304.18676785175114,304.8690437257674,4,0,53,146
305.5500869681195,304.2744888101723,305.9704711046613,302.99620461564945,303.62646595570794,304.18676785175114,4,0,54,145
302.2286762806069,305.5500869681195,304.2744888101723,305.9704711046613,302.99620461564945,303.62646595570794,4,0,55,144
303.69050821408723,302.2286762806069,305.5500869681195,304.2744888101723,305.9704711046613,302.99620461564945,4,0,56,143
303.41417874148067,303.69050821408723,302.2286762806069,305.5500869681195,304.2744888101723,305.9704711046613,4,0,57,142
306.38699332356543,303.41417874148067,303.69050821408723,302.2286762806069,305.5500869681195,304.2744888101723,4,0,58,141
302.90511534722134,306.38699332356543,303.41417874148067,303.69050821408723,302.2286762806069,305.5500869681195,4,0,59,140
303.8312461488629,302.90511534722134,306.38699332356543,303.41417874148067,303.69050821408723,302.2286762806069,4,0,60,139
304.80921418887016,303.8312461488629,302.90511534722134,306.38699332356543,303.41417874148067,303.69050821408723,4,0,61,138
305.3882850035785,304.80921418887016,303.8312461488629,302.90511534722134,306.38699332356543,303.41417874148067,4,0,62,137
300.72829752097414,305.3882850035785,304.80921418887016,303.8312461488629,302.90511534722134,306.38699332356543,4,0,63,136
301.9050754601973,300.72829752097414,305.3882850035785,304.80921418887016,303.8312461488629,302.90511534722134,4,0,64,135
305.0135009857654,301.9050754601973,300.72829752097414,305.3882850035785,304.80921418887016,303.8312461488629,4,0,65,134
306.93479430256747,305.0135009857654,301.9050754601973,300.72829752097414,305.3882850035785,304.80921418887016,4,0,66,133
304.19997657842816,306.93479430256747,305.0135009857654,301.9050754601973,300.72829752097414,305.3882850035785,4,0,67,132
306.9537544034873,304.19997657842816,306.93479430256747,305.0135009857654,301.9050754601973,300.72829752097414,4,0,68,131
308.0879647810322,306.9537544034873,304.19997657842816,306.93479430256747,305.0135009857654,301.9050754601973,4,0,69,130
309.1650801002572,308.0879647810322,306.9537544034873,304.19997657842816,306.93479430256747,305.0135009857654,4,0,70,129
309.8646151759213,309.1650801002572,308.0879647810322,306.9537544034873,304.19997657842816,306.93479430256747,4,0,71,128
314.53354572228756,309.8646151759213,309.1650801002572,308.0879647810322,306.9537544034873,304.19997657842816,4,0,72,127
315.3186806142723,314.53354572228756,309.8646151759213,309.1650801002572,308.0879647810322,306.9537544034873,4,0,73,126
314.3507235669461,315.3186806142723,314.53354572228756,309.8646151759213,309.1650801002572,308.0879647810322,4,0,74,125
308.54094601644624,314.3507235669461,315.3186806142723,314.53354572228756,309.8646151759213,309.1650801002572,4,0,75,124
305.89935880026,308.54094601644624,314.3507235669461,315.3186806142723,314.53354572228756,309.8646151759213,4,0,76,123
309.8193620856228,305.89935880026,308.54094601644624,314.3507235669461,315.3186806142723,314.53354572228756,4,0,77,122
312.72303106883817,309.8193620856228,305.89935880026,308.54094601644624,314.3507235669461,315.3186806142723,4,0,78,121
314.1252237773254,312.72303106883817,309.8193620856228,305.89935880026,308.54094601644624,314.3507235669461,4,0,79,120
313.36210907513447,314.1252237773254,312.72303106883817,309.8193620856228,305.89935880026,308.54094601644624,4,0,80,119
310.14384744280585,313.36210907513447,314.1252237773254,312.72303106883817,309.8193620856228,305.89935880026,4,0,81,118
309.72236343439306,310.14384744280585,313.36210907513447,314.1252237773254,312.72303106883817,309.8193620856228,4,0,82,117
312.713209335481,309.72236343439306,310.14384744280585,313.36210907513447,314.1252237773254,312.72303106883817,4,0,83,116
314.75603733417285,312.713209335481,309.72236343439306,310.14384744280585,313.36210907513447,314.1252237773254,4,0,84,115
309.0786059301149,314.75603733417285,312.713209335481,309.72236343439306,310.14384744280585,313.36210907513447,4,0,85,114
308.9419293109535,309.0786059301149,314.75603733417285,312.713209335481,309.72236343439306,310.14384744280585,4,0,86,113
305.89412540734315,308.9419293109535,309.0786059301149,314.75603733417285,312.713209335481,309.72236343439306,4,0,87,112
305.3325147370206,305.89412540734315,308.9419293109535,309.0786059301149,314.75603733417285,312.713209335481,4,0,88,111
300.6414496086552,305.3325147370206,305.89412540734315,308.9419293109535,309.0786059301149,314.75603733417285,4,0,89,110
303.5647062482285,300.6414496086552,305.3325147370206,305.89412540734315,308.9419293109535,309.0786059301149,4,0,90,109
307.97712911439703,303.5647062482285,300.6414496086552,305.3325147370206,305.89412540734315,308.9419293109535,4,0,91,108
312.48446383151156,307.97712911439703,303.5647062482285,300.6414496086552,305.3325147370206,305.89412540734315,4,0,92,107
309.60784407167716,312.48446383151156,307.97712911439703,303.5647062482285,300.6414496086552,305.3325147370206,4,0,93,106
307.3298116663749,309.60784407167716,312.48446383151156,307.97712911439703,303.5647062482285,300.6414496086552,4,0,94,105
303.9175801232495,307.3298116663749,309.60784407167716,312.48446383151156,307.97712911439703,303.5647062482285,4,0,95,104
302.39003872598425,303.9175801232495,307.3298116663749,309.60784407167716,312.48446383151156,307.97712911439703,4,0,96,103
300.1234788835341,302.39003872598425,303.9175801232495,307.3298116663749,309.60784407167716,312.48446383151156,4,0,97,102
302.40463861324514,300.1234788835341,302.39003872598425,303.9175801232495,307.3298116663749,309.60784407167716,4,0,98,101
304.0067992238228,302.40463861324514,300.1234788835341,302.39003872598425,303.9175801232495,307.3298116663749,4,0,99,100
308.87622325739113,304.0067992238228,302.40463861324514,300.1234788835341,302.39003872598425,303.9175801232495,4,0,100,99
308.25083865268937,308.87622325739113,304.0067992238228,302.40463861324514,300.1234788835341,302.39003872598425,4,0,101,98
308.7030679553771,308.25083865268937,308.87622325739113,304.0067992238228,302.40463861324514,300.1234788835341,4,0,102,97
308.66237413732733,308.7030679553771,308.25083865268937,308.87622325739113,304.0067992238228,302.40463861324514,4,0,103,96
307.93041615009656,308.66237413732733,308.7030679553771,308.25083865268937,308.87622325739113,304.0067992238228,4,0,104,95
303.3775715166993,307.93041615009656,308.66237413732733,308.7030679553771,308.25083865268937,308.87622325739113,4,0,105,94
303.73139839941973,303.3775715166993,307.93041615009656,308.66237413732733,308.7030679553771,308.25083865268937,4,0,106,93
302.723099687228,303.73139839941973,303.3775715166993,307.93041615009656,308.66237413732733,308.7030679553771,4,0,107,92
301.4833167486562,302.723099687228,303.73139839941973,303.3775715166993,307.93041615009656,308.66237413732733,4,0,108,91
299.56482995943696,301.4833167486562,302.723099687228,303.73139839941973,303.3775715166993,307.93041615009656,4,0,109,90
300.69957221599236,299.56482995943696,301.4833167486562,302.723099687228,303.73139839941973,303.3775715166993,4,0,110,89
307.23625087126317,300.69957221599236,299.56482995943696,301.4833167486562,302.723099687228,303.73139839941973,4,0,111,88
310.71242770069193,307.23625087126317,300.69957221599236,299.56482995943696,301.4833167486562,302.723099687228,4,0,112,87
307.73118096757617,310.71242770069193,307.23625087126317,300.69957221599236,299.56482995943696,301.4833167486562,4,0,113,86
306.97100036604303,307.73118096757617,310.71242770069193,307.23625087126317,300.69957221599236,299.56482995943696,4,0,114,85
305.1840487396855,306.97100036604303,307.73118096757617,310.71242770069193,307.23625087126317,300.69957221599236,4,0,115,84
302.8684045712778,305.1840487396855,306.97100036604303,307.73118096757617,310.71242770069193,307.23625087126317,4,0,116,83
300.0429324793549,302.8684045712778,305.1840487396855,306.97100036604303,307.73118096757617,310.71242770069193,4,0,117,82
302.42775272703517,300.0429324793549,302.8684045712778,305.1840487396855,306.97100036604303,307.73118096757617,4,0,118,81
309.5424810804956,302.42775272703517,300.0429324793549,302.8684045712778,305.1840487396855,306.97100036604303,4,0,119,80
310.96739578290703,309.5424810804956,302.42775272703517,300.0429324793549,302.8684045712778,305.1840487396855,4,0,120,79
305.7444923371837,310.96739578290703,309.5424810804956,302.42775272703517,300.0429324793549,302.8684045712778,4,0,121,78
303.1835543474668,305.7444923371837,310.96739578290703,309.5424810804956,302.42775272703517,300.0429324793549,4,0,122,77
302.7194550075311,303.1835543474668,305.7444923371837,310.96739578290703,309.5424810804956,302.42775272703517,4,0,123,76
299.9429138651882,302.7194550075311,303.1835543474668,305.7444923371837,310.96739578290703,309.5424810804956,4,0,124,75
295.5671969695755,299.9429138651882,302.7194550075311,303.1835543474668,305.7444923371837,310.96739578290703,4,0,125,74
295.72828048034864,295.5671969695755,299.9429138651882,302.7194550075311,303.1835543474668,305.7444923371837,4,0,126,73
297.3105430267247,295.72828048034864,295.5671969695755,299.9429138651882,302.7194550075311,303.1835543474668,4,0,127,72
301.6878330456658,297.3105430267247,295.72828048034864,295.5671969695755,299.9429138651882,302.7194550075311,4,0,128,71
304.5309109306795,301.6878330456658,297.3105430267247,295.72828048034864,295.5671969695755,299.9429138651882,4,0,129,70
308.0093391698361,304.5309109306795,301.6878330456658,297.3105430267247,295.72828048034864,295.5671969695755,4,0,130,69
310.6640074712479,308.0093391698361,304.5309109306795,301.6878330456658,297.3105430267247,295.72828048034864,4,0,131,68
309.6741107989184,310.6640074712479,308.0093391698361,304.5309109306795,301.6878330456658,297.3105430267247,4,0,132,67
310.0142649439628,309.6741107989184,310.6640074712479,308.0093391698361,304.5309109306795,301.6878330456658,4,0,133,66
304.80999685234707,310.0142649439628,309.6741107989184,310.6640074712479,308.0093391698361,304.5309109306795,4,0,134,65
302.87978074814424,304.80999685234707,310.0142649439628,309.6741107989184,310.6640074712479,308.0093391698361,4,0,135,64
302.0799316503721,302.87978074814424,304.80999685234707,310.0142649439628,309.6741107989184,310.6640074712479,4,0,136,63
303.72925633737424,302.0799316503721,302.87978074814424,304.80999685234707,310.0142649439628,309.6741107989184,4,0,137,62
305.2126685628815,303.72925633737424,302.0799316503721,302.87978074814424,304.80999685234707,310.0142649439628,4,0,138,61
304.4379449548661,305.2126685628815,303.72925633737424,302.0799316503721,302.87978074814424,304.80999685234707,4,0,139,60
303.9129961779309,304.4379449548661,305.2126685628815,303.72925633737424,302.0799316503721,302.87978074814424,4,0,140,59
301.8254681550858,303.9129961779309,304.4379449548661,305.2126685628815,303.72925633737424,302.0799316503721,4,0,141,58
303.37348497340327,301.8254681550858,303.9129961779309,304.4379449548661,305.2126685628815,303.72925633737424,4,0,142,57
302.08801090388556,303.37348497340327,301.8254681550858,303.9129961779309,304.4379449548661,305.2126685628815,4,0,143,56
303.9184419330409,302.08801090388556,303.37348497340327,301.8254681550858,303.9129961779309,304.4379449548661,4,0,144,55
302.47592667677196,303.9184419330409,302.08801090388556,303.37348497340327,301.8254681550858,303.9129961779309,4,0,145,54
303.24544313394114,302.47592667677196,303.9184419330409,302.08801090388556,303.37348497340327,301.8254681550858,4,0,146,53
303.67557228363364,303.24544313394114,302.47592667677196,303.9184419330409,302.08801090388556,303.37348497340327,4,0,147,52
303.617023957693,303.67557228363364,303.24544313394114,302.47592667677196,303.9184419330409,302.08801090388556,4,0,148,51
302.35481128311903,303.617023957693,303.67557228363364,303.24544313394114,302.47592667677196,303.9184419330409,4,0,149,50
302.19226028006494,302.35481128311903,303.617023957693,303.67557228363364,303.24544313394114,302.47592667677196,4,0,150,49
303.3183922337605,302.19226028006494,302.35481128311903,303.617023957693,303.67557228363364,303.24544313394114,4,0,151,48
297.7740713565687,303.3183922337605,302.19226028006494,302.35481128311903,303.617023957693,303.67557228363364,4,0,152,47
296.27670986746676,297.7740713565687,303.3183922337605,302.19226028006494,302.35481128311903,303.617023957693,4,0,153,46
299.76594530763543,296.27670986746676,297.7740713565687,303.3183922337605,302.19226028006494,302.35481128311903,4,0,154,45
302.61522774701746,299.76594530763543,296.27670986746676,297.7740713565687,303.3183922337605,302.19226028006494,4,0,155,44
302.4332901595082,302.61522774701746,299.76594530763543,296.27670986746676,297.7740713565687,303.3183922337605,4,0,156,43
295.95278879984664,302.4332901595082,302.61522774701746,299.76594530763543,296.27670986746676,297.7740713565687,4,0,157,42
292.1970882385869,295.95278879984664,302.4332901595082,302.61522774701746,299.76594530763543,296.27670986746676,4,0,158,41
291.943066585841,292.1970882385869,295.95278879984664,302.4332901595082,302.61522774701746,299.76594530763543,4,0,159,40
295.11008808755577,291.943066585841,292.1970882385869,295.95278879984664,302.4332901595082,302.61522774701746,4,0,160,39
297.85424001812436,295.11008808755577,291.943066585841,292.1970882385869,295.95278879984664,302.4332901595082,4,0,161,38
305.3089200654787,297.85424001812436,295.11008808755577,291.943066585841,292.1970882385869,295.95278879984664,4,0,162,37
307.7651440166693,305.3089200654787,297.85424001812436,295.11008808755577,291.943066585841,292.1970882385869,4,0,163,36
306.05997149374105,307.7651440166693,305.3089200654787,297.85424001812436,295.11008808755577,291.943066585841,4,0,164,35
301.3806298998153,306.05997149374105,307.7651440166693,305.3089200654787,297.85424001812436,295.11008808755577,4,0,165,34
296.8687206743491,301.3806298998153,306.05997149374105,307.7651440166693,305.3089200654787,297.85424001812436,4,0,166,33
296.8366429656991,296.8687206743491,301.3806298998153,306.05997149374105,307.7651440166693,305.3089200654787,4,0,167,32
301.60976926000126,296.8366429656991,296.8687206743491,301.3806298998153,306.05997149374105,307.7651440166693,4,0,168,31
303.8246704742894,301.60976926000126,296.8366429656991,296.8687206743491,301.3806298998153,306.05997149374105,4,0,169,30
305.20611110215617,303.8246704742894,301.60976926000126,296.8366429656991,296.8687206743491,301.3806298998153,4,0,170,29
303.650297818103,305.20611110215617,303.8246704742894,301.60976926000126,296.8366429656991,296.8687206743491,4,0,171,28
306.41694258648243,303.650297818103,305.20611110215617,303.8246704742894,301.60976926000126,296.8366429656991,4,0,172,27
304.7384370525321,306.41694258648243,303.650297818103,305.20611110215617,303.8246704742894,301.60976926000126,4,0,173,26
304.06318418895694,304.7384370525321,306.41694258648243,303.650297818103,305.20611110215617,303.8246704742894,4,0,174,25
306.2613444737264,304.06318418895694,304.7384370525321,306.41694258648243,303.650297818103,305.20611110215617,4,0,175,24
310.1627574668275,306.2613444737264,304.06318418895694,304.7384370525321,306.41694258648243,303.650297818103,4,0,176,23
313.60528971210215,310.1627574668275,306.2613444737264,304.06318418895694,304.7384370525321,306.41694258648243,4,0,177,22
311.6871325882431,313.60528971210215,310.1627574668275,306.2613444737264,304.06318418895694,304.7384370525321,4,0,178,21
306.70424448208786,311.6871325882431,313.60528971210215,310.1627574668275,306.2613444737264,304.06318418895694,4,0,179,20
306.68314398732196,306.70424448208786,311.6871325882431,313.60528971210215,310.1627574668275,306.2613444737264,4,0,180,19
309.38997027447937,306.68314398732196,306.70424448208786,311.6871325882431,313.60528971210215,310.1627574668275,4,0,181,18
306.8869401805603,309.38997027447937,306.68314398732196,306.70424448208786,311.6871325882431,313.60528971210215,4,0,182,17
307.5471323161276,306.8869401805603,309.38997027447937,306.68314398732196,306.70424448208786,311.6871325882431,4,0,183,16
312.1448630804813,307.5471323161276,306.8869401805603,309.38997027447937,306.68314398732196,306.70424448208786,4,0,184,15
315.2832432067129,312.1448630804813,307.5471323161276,306.8869401805603,309.38997027447937,306.68314398732196,4,0,185,14
311.75977039281975,315.2832432067129,312.1448630804813,307.5471323161276,306.8869401805603,309.38997027447937,4,0,186,13
314.04481511386604,311.75977039281975,315.2832432067129,312.1448630804813,307.5471323161276,306.8869401805603,4,0,187,12
311.33201207828904,314.04481511386604,311.75977039281975,315.2832432067129,312.1448630804813,307.5471323161276,4,0,188,11
309.82204369605154,311.33201207828904,314.04481511386604,311.75977039281975,315.2832432067129,312.1448630804813,4,0,189,10
308.0501459937998,309.82204369605154,311.33201207828904,314.04481511386604,311.75977039281975,315.2832432067129,4,0,190,9
311.4353904062105,308.0501459937998,309.82204369605154,311.33201207828904,314.04481511386604,311.75977039281975,4,0,191,8
316.66399511761466,311.4353904062105,308.0501459937998,309.82204369605154,311.33201207828904,314.04481511386604,4,0,192,7
319.379860740999,316.66399511761466,311.4353904062105,308.0501459937998,309.82204369605154,311.33201207828904,4,0,193,6
318.9373238773206,319.379860740999,316.66399511761466,311.4353904062105,308.0501459937998,309.82204369605154,4,1,194,5
317.98161092914154,318.9373238773206,319.379860740999,316.66399511761466,311.4353904062105,308.0501459937998,4,1,195,4
322.98516054371817,317.98161092914154,318.9373238773206,319.379860740999,316.66399511761466,311.4353904062105,4,1,196,3
326.26990693543723,322.98516054371817,317.98161092914154,318.9373238773206,319.379860740999,316.66399511761466,4,1,197,2
319.9414152735136,326.26990693543723,322.98516054371817,317.98161092914154,318.9373238773206,319.379860740999,4,1,198,1
326.6290679178619,319.9414152735136,326.26990693543723,322.98516054371817,317.98161092914154,318.9373238773206,5,1,0,0
324.2240029111815,326.6290679178619,319.9414152735136,326.26990693543723,322.98516054371817,317.98161092914154,5,1,1,295
330.23652367841527,324.2240029111815,326.6290679178619,319.9414152735136,326.26990693543723,322.98516054371817,5,1,2,294
327.1690479117339,330.23652367841527,324.2240029111815,326.6290679178619,319.9414152735136,326.26990693543723,5,1,3,293
335.6315981336844,327.1690479117339,330.23652367841527,324.2240029111815,326.6290679178619,319.9414152735136,5,1,4,292
326.91790444866376,335.6315981336844,327.1690479117339,330.23652367841527,324.2240029111815,326.6290679178619,5,0,5,291
337.68386846600896,326.91790444866376,335.6315981336844,327.1690479117339,330.23652367841527,324.2240029111815,5,0,6,290
330.441102018352,337.68386846600896,326.91790444866376,335.6315981336844,327.1690479117339,330.23652367841527,5,0,7,289
342.0000989748087,330.441102018352,337.68386846600896,326.91790444866376,335.6315981336844,327.1690479117339,5,0,8,288
331.78470525129245,342.0000989748087,330.441102018352,337.68386846600896,326.91790444866376,335.6315981336844,5,0,9,287
344.0661320898703,331.78470525129245,342.0000989748087,330.441102018352,337.68386846600896,326.91790444866376,5,0,10,286
339.2328417559955,344.0661320898703,331.78470525129245,342.0000989748087,330.441102018352,337.68386846600896,5,0,11,285
349.6752546389871,339.2328417559955,344.0661320898703,331.78470525129245,342.0000989748087,330.441102018352,5,0,12,284
347.2726720353364,349.6752546389871,339.2328417559955,344.0661320898703,331.78470525129245,342.0000989748087,5,0,13,283
354.1241130317841,347.2726720353364,349.6752546389871,339.2328417559955,344.0661320898703,331.78470525129245,5,0,14,282
353.44165455762214,354.1241130317841,347.2726720353364,349.6752546389871,339.2328417559955,344.0661320898703,5,0,15,281
358.14444118611505,353.44165455762214,354.1241130317841,347.2726720353364,349.6752546389871,339.2328417559955,5,0,16,280
368.3984503690342,358.14444118611505,353.44165455762214,354.1241130317841,347.2726720353364,349.6752546389871,5,0,17,279
360.34928078749385,368.3984503690342,358.14444118611505,353.44165455762214,354.1241130317841,347.2726720353364,5,0,18,278
370.4224416833123,360.34928078749385,368.3984503690342,358.14444118611505,353.44165455762214,354.1241130317841,5,0,19,277
367.7633661217251,370.4224416833123,360.34928078749385,368.3984503690342,358.14444118611505,353.44165455762214,5,0,20,276
377.92505503997734,367.7633661217251,370.4224416833123,360.34928078749385,368.3984503690342,358.14444118611505,5,0,21,275
369.0457256594486,377.92505503997734,367.7633661217251,370.4224416833123,360.34928078749385,368.3984503690342,5,0,22,274
378.14805199016297,369.0457256594486,377.92505503997734,367.7633661217251,370.4224416833123,360.34928078749385,5,0,23,273
382.41925014182215,378.14805199016297,369.0457256594486,377.92505503997734,367.7633661217251,370.4224416833123,5,0,24,272
375.8757573030406,382.41925014182215,378.14805199016297,369.0457256594486,377.92505503997734,367.7633661217251,5,0,25,271
382.5268024877676,375.8757573030406,382.41925014182215,378.14805199016297,369.0457256594486,377.92505503997734,5,0,26,270
380.879074860056,382.5268024877676,375.8757573030406,382.41925014182215,378.14805199016297,369.0457256594486,5,0,27,269
381.8595865647761,380.879074860056,382.5268024877676,375.8757573030406,382.41925014182215,378.14805199016297,5,0,28,268
382.81464407764787,381.8595865647761,380.879074860056,382.5268024877676,375.8757573030406,382.41925014182215,5,0,29,267
382.073118472056,382.81464407764787,381.8595865647761,380.879074860056,382.5268024877676,375.8757573030406,5,0,30,266
387.9024199907997,382.073118472056,382.81464407764787,381.8595865647761,380.879074860056,382.5268024877676,5,0,31,265
386.13320982266384,387.9024199907997,382.073118472056,382.81464407764787,381.8595865647761,380.879074860056,5,0,32,264
389.7124396286252,386.13320982266384,387.9024199907997,382.073118472056,382.81464407764787,381.8595865647761,5,0,33,263
392.89044023092123,389.7124396286252,386.13320982266384,387.9024199907997,382.073118472056,382.81464407764787,5,0,34,262
391.9102205745717,392.89044023092123,389.7124396286252,386.13320982266384,387.9024199907997,382.073118472056,5,0,35,261
397.48046351519815,391.9102205745717,392.89044023092123,389.7124396286252,386.13320982266384,387.9024199907997,5,0,36,260
393.02813927127636,397.48046351519815,391.9102205745717,392.89044023092123,389.7124396286252,386.13320982266384,5,0,37,259
403.81642958236955,393.02813927127636,397.48046351519815,391.9102205745717,392.89044023092123,389.7124396286252,5,0,38,258
396.5476316687395,403.81642958236955,393.02813927127636,397.48046351519815,391.9102205745717,392.89044023092123,5,0,39,257
407.6419459937362,396.5476316687395,403.81642958236955,393.02813927127636,397.48046351519815,391.9102205745717,5,0,40,256
399.06607947764275,407.6419459937362,396.5476316687395,403.81642958236955,393.02813927127636,397.48046351519815,5,0,41,255
407.2401976998879,399.06607947764275,407.6419459937362,396.5476316687395,403.81642958236955,393.02813927127636,5,0,42,254
406.75466849361777,407.2401976998879,399.06607947764275,407.6419459937362,396.5476316687395,403.81642958236955,5,0,43,253
405.46400831678505,406.75466849361777,407.2401976998879,399.06607947764275,407.6419459937362,396.5476316687395,5,0,44,252
407.99361918387336,405.46400831678505,406.75466849361777,407.2401976998879,399.06607947764275,407.6419459937362,5,0,45,251
409.5791976187985,407.99361918387336,405.46400831678505,406.75466849361777,407.2401976998879,399.06607947764275,5,0,46,250
411.5927722842408,409.5791976187985,407.99361918387336,405.46400831678505,406.75466849361777,407.2401976998879,5,0,47,249
411.5668282640119,411.5927722842408,409.5791976187985,407.99361918387336,405.46400831678505,406.75466849361777,5,0,48,248
421.0275136851199,411.5668282640119,411.5927722842408,409.5791976187985,407.99361918387336,405.46400831678505,5,0,49,247
409.87758521745496,421.0275136851199,411.5668282640119,411.5927722842408,409.5791976187985,407.99361918387336,5,0,50,246
421.9831874277619,409.87758521745496,421.0275136851199,411.5668282640119,411.5927722842408,409.5791976187985,5,0,51,245
414.5490689978685,421.9831874277619,409.87758521745496,421.0275136851199,411.5668282640119,411.5927722842408,5,0,52,244
422.0302743431568,414.5490689978685,421.9831874277619,409.87758521745496,421.0275136851199,411.5668282640119,5,0,53,243
414.66133916968755,422.0302743431568,414.5490689978685,421.9831874277619,409.87758521745496,421.0275136851199,5,0,54,242
433.67432993263736,414.66133916968755,422.0302743431568,414.5490689978685,421.9831874277619,409.87758521745496,5,0,55,241
415.6464367623839,433.67432993263736,414.66133916968755,422.0302743431568,414.5490689978685,421.9831874277619,5,0,56,240
436.99056703842115,415.6464367623839,433.67432993263736,414.66133916968755,422.0302743431568,414.5490689978685,5,0,57,239
421.0751265680463,436.99056703842115,415.6464367623839,433.67432993263736,414.66133916968755,422.0302743431568,5,0,58,238
438.51458959041923,421.0751265680463,436.99056703842115,415.6464367623839,433.67432993263736,414.66133916968755,5,0,59,237
421.50289628556936,438.51458959041923,421.0751265680463,436.99056703842115,415.6464367623839,433.67432993263736,5,0,60,236
432.9844951252286,421.50289628556936,438.51458959041923,421.0751265680463,436.99056703842115,415.6464367623839,5,0,61,235
426.7680926191768,432.9844951252286,421.50289628556936,438.51458959041923,421.0751265680463,436.99056703842115,5,0,62,234
427.17041610444664,426.7680926191768,432.9844951252286,421.50289628556936,438.51458959041923,421.0751265680463,5,0,63,233
427.978389834994,427.17041610444664,426.7680926191768,432.9844951252286,421.50289628556936,438.51458959041923,5,0,64,232
425.98257584036554,427.978389834994,427.17041610444664,426.7680926191768,432.9844951252286,421.50289628556936,5,0,65,231
427.30505529831225,425.98257584036554,427.978389834994,427.17041610444664,426.7680926191768,432.9844951252286,5,0,66,230
423.0473313506223,427.30505529831225,425.98257584036554,427.978389834994,427.17041610444664,426.7680926191768,5,0,67,229
425.64277653495384,423.0473313506223,427.30505529831225,425.98257584036554,427.978389834994,427.17041610444664,5,0,68,228
422.08448171212837,425.64277653495384,423.0473313506223,427.30505529831225,425.98257584036554,427.978389834994,5,0,69,227
423.11075396596726,422.08448171212837,425.64277653495384,423.0473313506223,427.30505529831225,425.98257584036554,5,0,70,226
416.2205213245896,423.11075396596726,422.08448171212837,425.64277653495384,423.0473313506223,427.30505529831225,5,0,71,225
419.19923651665374,416.2205213245896,423.11075396596726,422.08448171212837,425.64277653495384,423.0473313506223,5,0,72,224
414.2536284620754,419.19923651665374,416.2205213245896,423.11075396596726,422.08448171212837,425.64277653495384,5,0,73,223
418.5457945494945,414.2536284620754,419.19923651665374,416.2205213245896,423.11075396596726,422.08448171212837,5,0,74,222
413.0080333428993,418.5457945494945,414.2536284620754,419.19923651665374,416.2205213245896,423.11075396596726,5,0,75,221
413.83593462867015,413.0080333428993,418.5457945494945,414.2536284620754,419.19923651665374,416.2205213245896,5,0,76,220
409.19791873810584,413.83593462867015,413.0080333428993,418.5457945494945,414.2536284620754,419.19923651665374,5,0,77,219
408.0089922696024,409.19791873810584,413.83593462867015,413.0080333428993,418.5457945494945,414.2536284620754,5,0,78,218
408.891988508738,408.0089922696024,409.19791873810584,413.83593462867015,413.0080333428993,418.5457945494945,5,0,79,217
395.70876568914883,408.891988508738,408.0089922696024,409.19791873810584,413.83593462867015,413.0080333428993,5,0,80,216
407.7102969942492,395.70876568914883,408.891988508738,408.0089922696024,409.19791873810584,413.83593462867015,5,0,81,215
386.7241703557413,407.7102969942492,395.70876568914883,408.891988508738,408.0089922696024,409.19791873810584,5,0,82,214
403.348687512608,386.7241703557413,407.7102969942492,395.70876568914883,408.891988508738,408.0089922696024,5,0,83,213
376.8886781805771,403.348687512608,386.7241703557413,407.7102969942492,395.70876568914883,408.891988508738,5,0,84,212
396.7663060843272,376.8886781805771,403.348687512608,386.7241703557413,407.7102969942492,395.70876568914883,5,0,85,211
374.1424627332568,396.7663060843272,376.8886781805771,403.348687512608,386.7241703557413,407.7102969942492,5,0,86,210
386.1813047513497,374.1424627332568,396.7663060843272,376.8886781805771,403.348687512608,386.7241703557413,5,0,87,209
371.2365649190494,386.1813047513497,374.1424627332568,396.7663060843272,376.8886781805771,403.348687512608,5,0,88,208
381.3361861931141,371.2365649190494,386.1813047513497,374.1424627332568,396.7663060843272,376.8886781805771,5,0,89,207
367.1210317438132,381.3361861931141,371.2365649190494,386.1813047513497,374.1424627332568,396.7663060843272,5,0,90,206
365.870259675976,367.1210317438132,381.3361861931141,371.2365649190494,386.1813047513497,374.1424627332568,5,0,91,205
363.88952034692784,365.870259675976,367.1210317438132,381.3361861931141,371.2365649190494,386.1813047513497,5,0,92,204
358.9102520195259,363.88952034692784,365.870259675976,367.1210317438132,381.3361861931141,371.2365649190494,5,0,93,203
354.1925813244872,358.9102520195259,363.88952034692784,365.870259675976,367.1210317438132,381.3361861931141,5,0,94,202
350.113497284672,354.1925813244872,358.9102520195259,363.88952034692784,365.870259675976,367.1210317438132,5,0,95,201
348.5063905639796,350.113497284672,354.1925813244872,358.9102520195259,363.88952034692784,365.870259675976,5,0,96,200
344.80929156664973,348.5063905639796,350.113497284672,354.1925813244872,358.9102520195259,363.88952034692784,5,0,97,199
340.7699772371476,344.80929156664973,348.5063905639796,350.113497284672,354.1925813244872,358.9102520195259,5,0,98,198
339.0938116887397,340.7699772371476,344.80929156664973,348.5063905639796,350.113497284672,354.1925813244872,5,0,99,197
341.6367389094845,339.0938116887397,340.7699772371476,344.80929156664973,348.5063905639796,350.113497284672,5,0,100,196
331.46915806957776,341.6367389094845,339.0938116887397,340.7699772371476,344.80929156664973,348.5063905639796,5,0,101,195
341.3354747851536,331.46915806957776,341.6367389094845,339.0938116887397,340.7699772371476,344.80929156664973,5,0,102,194
330.2452519265028,341.3354747851536,331.46915806957776,341.6367389094845,339.0938116887397,340.7699772371476,5,0,103,193
332.95993193456286,330.2452519265028,341.3354747851536,331.46915806957776,341.6367389094845,339.0938116887397,5,0,104,192
331.62717512715597,332.95993193456286,330.2452519265028,341.3354747851536,331.46915806957776,341.6367389094845,5,0,105,191
329.44162423559095,331.62717512715597,332.95993193456286,330.2452519265028,341.3354747851536,331.46915806957776,5,0,106,190
323.93171060797886,329.44162423559095,331.62717512715597,332.95993193456286,330.2452519265028,341.3354747851536,5,0,107,189
320.2789943872426,323.93171060797886,329.44162423559095,331.62717512715597,332.95993193456286,330.2452519265028,5,0,108,188
324.72632086096564,320.2789943872426,323.93171060797886,329.44162423559095,331.62717512715597,332.95993193456286,5,0,109,187
314.3458514702937,324.72632086096564,320.2789943872426,323.93171060797886,329.44162423559095,331.62717512715597,5,0,110,186
311.5230859886241,314.3458514702937,324.72632086096564,320.2789943872426,323.93171060797886,329.44162423559095,5,0,111,185
313.93267229429125,311.5230859886241,314.3458514702937,324.72632086096564,320.2789943872426,323.93171060797886,5,0,112,184
304.1689791363553,313.93267229429125,311.5230859886241,314.3458514702937,324.72632086096564,320.2789943872426,5,0,113,183
308.3514628251797,304.1689791363553,313.93267229429125,311.5230859886241,314.3458514702937,324.72632086096564,5,0,114,182
308.5064866420939,308.3514628251797,304.1689791363553,313.93267229429125,311.5230859886241,314.3458514702937,5,0,115,181
306.73380854794846,308.5064866420939,308.3514628251797,304.1689791363553,313.93267229429125,311.5230859886241,5,0,116,180
308.7626605529824,306.73380854794846,308.5064866420939,308.3514628251797,304.1689791363553,313.93267229429125,5,0,117,179
310.04261204746666,308.7626605529824,306.73380854794846,308.5064866420939,308.3514628251797,304.1689791363553,5,0,118,178
307.38705043425,310.04261204746666,308.7626605529824,306.73380854794846,308.5064866420939,308.3514628251797,5,0,119,177
306.18043920251887,307.38705043425,310.04261204746666,308.7626605529824,306.73380854794846,308.5064866420939,5,0,120,176
305.51440545167554,306.18043920251887,307.38705043425,310.04261204746666,308.7626605529824,306.73380854794846,5,0,121,175
300.83872145574253,305.51440545167554,306.18043920251887,307.38705043425,310.04261204746666,308.7626605529824,5,0,122,174
299.4528994976822,300.83872145574253,305.51440545167554,306.18043920251887,307.38705043425,310.04261204746666,5,0,123,173
297.01190038947243,299.4528994976822,300.83872145574253,305.51440545167554,306.18043920251887,307.38705043425,5,0,124,172
298.34803274835764,297.01190038947243,299.4528994976822,300.83872145574253,305.51440545167554,306.18043920251887,5,0,125,171
293.87333764048947,298.34803274835764,297.01190038947243,299.4528994976822,300.83872145574253,305.51440545167554,5,0,126,170
295.2556371402883,293.87333764048947,298.34803274835764,297.01190038947243,299.4528994976822,300.83872145574253,5,0,127,169
291.9426717017786,295.2556371402883,293.87333764048947,298.34803274835764,297.01190038947243,299.4528994976822,5,0,128,168
295.4864656802996,291.9426717017786,295.2556371402883,293.87333764048947,298.34803274835764,297.01190038947243,5,0,129,167
293.1028809951081,295.4864656802996,291.9426717017786,295.2556371402883,293.87333764048947,298.34803274835764,5,0,130,166
288.5205724838512,293.1028809951081,295.4864656802996,291.9426717017786,295.2556371402883,293.87333764048947,5,0,131,165
294.7389911740524,288.5205724838512,293.1028809951081,295.4864656802996,291.9426717017786,295.2556371402883,5,0,132,164
286.49627612236793,294.7389911740524,288.5205724838512,293.1028809951081,295.4864656802996,291.9426717017786,5,0,133,163
295.6431042353347,286.49627612236793,294.7389911740524,288.5205724838512,293.1028809951081,295.4864656802996,5,0,134,162
284.5432742293108,295.6431042353347,286.49627612236793,294.7389911740524,288.5205724838512,293.1028809951081,5,0,135,161
291.1782526995302,284.5432742293108,295.6431042353347,286.49627612236793,294.7389911740524,288.5205724838512,5,0,136,160
287.57785912050025,291.1782526995302,284.5432742293108,295.6431042353347,286.49627612236793,294.7389911740524,5,0,137,159
285.7199913290234,287.57785912050025,291.1782526995302,284.5432742293108,295.6431042353347,286.49627612236793,5,0,138,158
286.80743351025194,285.7199913290234,287.57785912050025,291.1782526995302,284.5432742293108,295.6431042353347,5,0,139,157
283.7298474043977,286.80743351025194,285.7199913290234,287.57785912050025,291.1782526995302,284.5432742293108,5,0,140,156
291.90645949576697,283.7298474043977,286.80743351025194,285.7199913290234,287.57785912050025,291.1782526995302,5,0,141,155
279.74548710892407,291.90645949576697,283.7298474043977,286.80743351025194,285.7199913290234,287.57785912050025,5,0,142,154
288.5177894270737,279.74548710892407,291.90645949576697,283.7298474043977,286.80743351025194,285.7199913290234,5,0,143,153
283.3127482180191,288.5177894270737,279.74548710892407,291.90645949576697,283.7298474043977,286.80743351025194,5,0,144,152
280.98443419949325,283.3127482180191,288.5177894270737,279.74548710892407,291.90645949576697,283.7298474043977,5,0,145,151
281.57284645751577,280.98443419949325,283.3127482180191,288.5177894270737,279.74548710892407,291.90645949576697,5,0,146,150
276.5207305413659,281.57284645751577,280.98443419949325,283.3127482180191,288.5177894270737,279.74548710892407,5,0,147,149
284.9646044747143,276.5207305413659,281.57284645751577,280.98443419949325,283.3127482180191,288.5177894270737,5,0,148,148
272.9045404761184,284.9646044747143,276.5207305413659,281.57284645751577,280.98443419949325,283.3127482180191,5,0,149,147
283.210222014838,272.9045404761184,284.9646044747143,276.5207305413659,281.57284645751577,280.98443419949325,5,0,150,146
264.90752072707835,283.210222014838,272.9045404761184,284.9646044747143,276.5207305413659,281.57284645751577,5,0,151,145
279.7377815117745,264.90752072707835,283.210222014838,272.9045404761184,284.9646044747143,276.5207305413659,5,0,152,144
266.4897333474378,279.7377815117745,264.90752072707835,283.210222014838,272.9045404761184,284.9646044747143,5,0,153,143
271.87419928724,266.4897333474378,279.7377815117745,264.90752072707835,283.210222014838,272.9045404761184,5,0,154,142
263.6628050124583,271.87419928724,266.4897333474378,279.7377815117745,264.90752072707835,283.210222014838,5,0,155,141
267.7614534346783,263.6628050124583,271.87419928724,266.4897333474378,279.7377815117745,264.90752072707835,5,0,156,140
259.48058926291924,267.7614534346783,263.6628050124583,271.87419928724,266.4897333474378,279.7377815117745,5,0,157,139
265.84333881800694,259.48058926291924,267.7614534346783,263.6628050124583,271.87419928724,266.4897333474378,5,0,158,138
249.3245813282155,265.84333881800694,259.48058926291924,267.7614534346783,263.6628050124583,271.87419928724,5,0,159,137
261.4464946574443,249.3245813282155,265.84333881800694,259.48058926291924,267.7614534346783,263.6628050124583,5,0,160,136
250.23057492042454,261.4464946574443,249.3245813282155,265.84333881800694,259.48058926291924,267.7614534346783,5,0,161,135
258.5554769482826,250.23057492042454,261.4464946574443,249.3245813282155,265.84333881800694,259.48058926291924,5,0,162,134
245.2619235155424,258.5554769482826,250.23057492042454,261.4464946574443,249.3245813282155,265.84333881800694,5,0,163,133
257.25155382934406,245.2619235155424,258.5554769482826,250.23057492042454,261.4464946574443,249.3245813282155,5,0,164,132
239.49507268750563,257.25155382934406,245.2619235155424,258.5554769482826,250.23057492042454,261.4464946574443,5,0,165,131
249.41987344818904,239.49507268750563,257.25155382934406,245.2619235155424,258.5554769482826,250.23057492042454,5,0,166,130
239.79730683250398,249.41987344818904,239.49507268750563,257.25155382934406,245.2619235155424,258.5554769482826,5,0,167,129
242.02700461854093,239.79730683250398,249.41987344818904,239.49507268750563,257.25155382934406,245.2619235155424,5,0,168,128
234.05644689521654,242.02700461854093,239.79730683250398,249.41987344818904,239.49507268750563,257.25155382934406,5,0,169,127
237.22960559220468,234.05644689521654,242.02700461854093,239.79730683250398,249.41987344818904,239.49507268750563,5,0,170,126
239.36252321145506,237.22960559220468,234.05644689521654,242.02700461854093,239.79730683250398,249.41987344818904,5,0,171,125
230.96429600575797,239.36252321145506,237.22960559220468,234.05644689521654,242.02700461854093,239.79730683250398,5,0,172,124
238.58481651167483,230.96429600575797,239.36252321145506,237.22960559220468,234.05644689521654,242.02700461854093,5,0,173,123
234.9863617489438,238.58481651167483,230.96429600575797,239.36252321145506,237.22960559220468,234.05644689521654,5,0,174,122
234.46470094564987,234.9863617489438,238.58481651167483,230.96429600575797,239.36252321145506,237.22960559220468,5,0,175,121
234.32749629303586,234.46470094564987,234.9863617489438,238.58481651167483,230.96429600575797,239.36252321145506,5,0,176,120
231.39055265215248,234.32749629303586,234.46470094564987,234.9863617489438,238.58481651167483,230.96429600575797,5,0,177,119
231.23157157509124,231.39055265215248,234.32749629303586,234.46470094564987,234.9863617489438,238.58481651167483,5,0,178,118
231.34718684260412,231.23157157509124,231.39055265215248,234.32749629303586,234.46470094564987,234.9863617489438,5,0,179,117
231.26778614537355,231.34718684260412,231.23157157509124,231.39055265215248,234.32749629303586,234.46470094564987,5,0,180,116
231.53994645303462,231.26778614537355,231.34718684260412,231.23157157509124,231.39055265215248,234.32749629303586,5,0,181,115
231.00218908428315,231.53994645303462,231.26778614537355,231.34718684260412,231.23157157509124,231.39055265215248,5,0,182,114
233.8164220132529,231.00218908428315,231.53994645303462,231.26778614537355,231.34718684260412,231.23157157509124,5,0,183,113
224.77872005353223,233.8164220132529,231.00218908428315,231.53994645303462,231.26778614537355,231.34718684260412,5,0,184,112
229.76153817608298,224.77872005353223,233.8164220132529,231.00218908428315,231.53994645303462,231.26778614537355,5,0,185,111
227.52665174859308,229.76153817608298,224.77872005353223,233.8164220132529,231.00218908428315,231.53994645303462,5,0,186,110
227.54320466545664,227.52665174859308,229.76153817608298,224.77872005353223,233.8164220132529,231.00218908428315,5,0,187,109
222.42643781892966,227.54320466545664,227.52665174859308,229.76153817608298,224.77872005353223,233.8164220132529,5,0,188,108
223.66305262470613,222.42643781892966,227.54320466545664,227.52665174859308,229.76153817608298,224.77872005353223,5,0,189,107
221.41857306874064,223.66305262470613,222.42643781892966,227.54320466545664,227.52665174859308,229.76153817608298,5,0,190,106
217.4517438719204,221.41857306874064,223.66305262470613,222.42643781892966,227.54320466545664,227.52665174859308,5,0,191,105
218.13882637267588,217.4517438719204,221.41857306874064,223.66305262470613,222.42643781892966,227.54320466545664,5,0,192,104
212.0085142478275,218.13882637267588,217.4517438719204,221.41857306874064,223.66305262470613,222.42643781892966,5,0,193,103
215.1579143196085,212.0085142478275,218.13882637267588,217.4517438719204,221.41857306874064,223.66305262470613,5,0,194,102
206.0139769105176,215.1579143196085,212.0085142478275,218.13882637267588,217.4517438719204,221.41857306874064,5,0,195,101
205.35816550479132,206.0139769105176,215.1579143196085,212.0085142478275,218.13882637267588,217.4517438719204,5,0,196,100
