t,t-1,t-2,t-3,t-4,t-5,concept,transition,steps_since_bkp,steps_to_bkp
1.0909533299205278,1.1267215686511152,1.8357265193263812,0.9544454268128093,1.3197744269606126,1.038204113280032,1,0,100,195
1.255859300801074,1.0909533299205278,1.1267215686511152,1.8357265193263812,0.9544454268128093,1.3197744269606126,1,0,101,194
0.8946900520507977,1.255859300801074,1.0909533299205278,1.1267215686511152,1.8357265193263812,0.9544454268128093,1,0,102,193
0.9926758954994629,0.8946900520507977,1.255859300801074,1.0909533299205278,1.1267215686511152,1.8357265193263812,1,0,103,192
-0.15400232569311378,0.9926758954994629,0.8946900520507977,1.255859300801074,1.0909533299205278,1.1267215686511152,1,0,104,191
0.5540394730260614,-0.15400232569311378,0.9926758954994629,0.8946900520507977,1.255859300801074,1.0909533299205278,1,0,105,190
0.36927243823676204,0.5540394730260614,-0.15400232569311378,0.9926758954994629,0.8946900520507977,1.255859300801074,1,0,106,189
1.0108122402717288,0.36927243823676204,0.5540394730260614,-0.15400232569311378,0.9926758954994629,0.8946900520507977,1,0,107,188
1.5631632012299663,1.0108122402717288,0.36927243823676204,0.5540394730260614,-0.15400232569311378,0.9926758954994629,1,0,108,187
0.8732986303404255,1.5631632012299663,1.0108122402717288,0.36927243823676204,0.5540394730260614,-0.15400232569311378,1,0,109,186
2.281711608541106,0.8732986303404255,1.5631632012299663,1.0108122402717288,0.36927243823676204,0.5540394730260614,1,0,110,185
1.0931087703572202,2.281711608541106,0.8732986303404255,1.5631632012299663,1.0108122402717288,0.36927243823676204,1,0,111,184
1.9890290285483658,1.0931087703572202,2.281711608541106,0.8732986303404255,1.5631632012299663,1.0108122402717288,1,0,112,183
0.6457407212282692,1.9890290285483658,1.0931087703572202,2.281711608541106,0.8732986303404255,1.5631632012299663,1,0,113,182
0.5456751858919647,0.6457407212282692,1.9890290285483658,1.0931087703572202,2.281711608541106,0.8732986303404255,1,0,114,181
0.38731176089952624,0.5456751858919647,0.6457407212282692,1.9890290285483658,1.0931087703572202,2.281711608541106,1,0,115,180
0.3350750885610305,0.38731176089952624,0.5456751858919647,0.6457407212282692,1.9890290285483658,1.0931087703572202,1,0,116,179
1.1046974258294153,0.3350750885610305,0.38731176089952624,0.5456751858919647,0.6457407212282692,1.9890290285483658,1,0,117,178
1.0381186266977411,1.1046974258294153,0.3350750885610305,0.38731176089952624,0.5456751858919647,0.6457407212282692,1,0,118,177
0.8293034700672646,1.0381186266977411,1.1046974258294153,0.3350750885610305,0.38731176089952624,0.5456751858919647,1,0,119,176
1.1652021256231748,0.8293034700672646,1.0381186266977411,1.1046974258294153,0.3350750885610305,0.38731176089952624,1,0,120,175
0.7406696213152733,1.1652021256231748,0.8293034700672646,1.0381186266977411,1.1046974258294153,0.3350750885610305,1,0,121,174
0.68945404999872,0.7406696213152733,1.1652021256231748,0.8293034700672646,1.0381186266977411,1.1046974258294153,1,0,122,173
0.2838636524405481,0.68945404999872,0.7406696213152733,1.1652021256231748,0.8293034700672646,1.0381186266977411,1,0,123,172
0.8182742507374452,0.2838636524405481,0.68945404999872,0.7406696213152733,1.1652021256231748,0.8293034700672646,1,0,124,171
0.1871355292497014,0.8182742507374452,0.2838636524405481,0.68945404999872,0.7406696213152733,1.1652021256231748,1,0,125,170
-0.10911628237303228,0.1871355292497014,0.8182742507374452,0.2838636524405481,0.68945404999872,0.7406696213152733,1,0,126,169
0.2832435160584069,-0.10911628237303228,0.1871355292497014,0.8182742507374452,0.2838636524405481,0.68945404999872,1,0,127,168
-0.39009231695609237,0.2832435160584069,-0.10911628237303228,0.1871355292497014,0.8182742507374452,0.2838636524405481,1,0,128,167
-0.09422763403411116,-0.39009231695609237,0.2832435160584069,-0.10911628237303228,0.1871355292497014,0.8182742507374452,1,0,129,166
0.44596275686571646,-0.09422763403411116,-0.39009231695609237,0.2832435160584069,-0.10911628237303228,0.1871355292497014,1,0,130,165
-0.5641826778817164,0.44596275686571646,-0.09422763403411116,-0.39009231695609237,0.2832435160584069,-0.10911628237303228,1,0,131,164
0.6279202790412688,-0.5641826778817164,0.44596275686571646,-0.09422763403411116,-0.39009231695609237,0.2832435160584069,1,0,132,163
-0.6410902999303032,0.6279202790412688,-0.5641826778817164,0.44596275686571646,-0.09422763403411116,-0.39009231695609237,1,0,133,162
-0.13733441705786836,-0.6410902999303032,0.6279202790412688,-0.5641826778817164,0.44596275686571646,-0.09422763403411116,1,0,134,161
-0.4927908321414285,-0.13733441705786836,-0.6410902999303032,0.6279202790412688,-0.5641826778817164,0.44596275686571646,1,0,135,160
0.09286680048038748,-0.4927908321414285,-0.13733441705786836,-0.6410902999303032,0.6279202790412688,-0.5641826778817164,1,0,136,159
-0.49868719707742837,0.09286680048038748,-0.4927908321414285,-0.13733441705786836,-0.6410902999303032,0.6279202790412688,1,0,137,158
-0.09238930386911667,-0.49868719707742837,0.09286680048038748,-0.4927908321414285,-0.13733441705786836,-0.6410902999303032,1,0,138,157
0.38413800897856976,-0.09238930386911667,-0.49868719707742837,0.09286680048038748,-0.4927908321414285,-0.13733441705786836,1,0,139,156
0.4507783157931104,0.38413800897856976,-0.09238930386911667,-0.49868719707742837,0.09286680048038748,-0.4927908321414285,1,0,140,155
0.8208586729577869,0.4507783157931104,0.38413800897856976,-0.09238930386911667,-0.49868719707742837,0.09286680048038748,1,0,141,154
1.0308239612547503,0.8208586729577869,0.4507783157931104,0.38413800897856976,-0.09238930386911667,-0.49868719707742837,1,0,142,153
0.21431305297529235,1.0308239612547503,0.8208586729577869,0.4507783157931104,0.38413800897856976,-0.09238930386911667,1,0,143,152
0.21357757943258238,0.21431305297529235,1.0308239612547503,0.8208586729577869,0.4507783157931104,0.38413800897856976,1,0,144,151
0.3386820046104877,0.21357757943258238,0.21431305297529235,1.0308239612547503,0.8208586729577869,0.4507783157931104,1,0,145,150
-0.037685473625304555,0.3386820046104877,0.21357757943258238,0.21431305297529235,1.0308239612547503,0.8208586729577869,1,0,146,149
-0.22894494096260118,-0.037685473625304555,0.3386820046104877,0.21357757943258238,0.21431305297529235,1.0308239612547503,1,0,147,148
-0.5574503528179997,-0.22894494096260118,-0.037685473625304555,0.3386820046104877,0.21357757943258238,0.21431305297529235,1,0,148,147
-0.15471030705090394,-0.5574503528179997,-0.22894494096260118,-0.037685473625304555,0.3386820046104877,0.21357757943258238,1,0,149,146
-1.0432084290213084,-0.15471030705090394,-0.5574503528179997,-0.22894494096260118,-0.037685473625304555,0.3386820046104877,1,0,150,145
-0.8506604391066168,-1.0432084290213084,-0.15471030705090394,-0.5574503528179997,-0.22894494096260118,-0.037685473625304555,1,0,151,144
-1.6533503591876189,-0.8506604391066168,-1.0432084290213084,-0.15471030705090394,-0.5574503528179997,-0.22894494096260118,1,0,152,143
-0.6849313506018138,-1.6533503591876189,-0.8506604391066168,-1.0432084290213084,-0.15471030705090394,-0.5574503528179997,1,0,153,142
-0.7266597444933658,-0.6849313506018138,-1.6533503591876189,-0.8506604391066168,-1.0432084290213084,-0.15471030705090394,1,0,154,141
-0.8930556138124185,-0.7266597444933658,-0.6849313506018138,-1.6533503591876189,-0.8506604391066168,-1.0432084290213084,1,0,155,140
-1.3118182726405085,-0.8930556138124185,-0.7266597444933658,-0.6849313506018138,-1.6533503591876189,-0.8506604391066168,1,0,156,139
-0.7019026378033584,-1.3118182726405085,-0.8930556138124185,-0.7266597444933658,-0.6849313506018138,-1.6533503591876189,1,0,157,138
-1.0941804492140954,-0.7019026378033584,-1.3118182726405085,-0.8930556138124185,-0.7266597444933658,-0.6849313506018138,1,0,158,137
-0.06577021201735,-1.0941804492140954,-0.7019026378033584,-1.3118182726405085,-0.8930556138124185,-0.7266597444933658,1,0,159,136
-0.45619598715965826,-0.06577021201735,-1.0941804492140954,-0.7019026378033584,-1.3118182726405085,-0.8930556138124185,1,0,160,135
0.03354733220250389,-0.45619598715965826,-0.06577021201735,-1.0941804492140954,-0.7019026378033584,-1.3118182726405085,1,0,161,134
-0.46830986655091034,0.03354733220250389,-0.45619598715965826,-0.06577021201735,-1.0941804492140954,-0.7019026378033584,1,0,162,133
-0.4514295255782145,-0.46830986655091034,0.03354733220250389,-0.45619598715965826,-0.06577021201735,-1.0941804492140954,1,0,163,132
-0.5595827607991345,-0.4514295255782145,-0.46830986655091034,0.03354733220250389,-0.45619598715965826,-0.06577021201735,1,0,164,131
-0.3538116247889,-0.5595827607991345,-0.4514295255782145,-0.46830986655091034,0.03354733220250389,-0.45619598715965826,1,0,165,130
-0.26651162372349535,-0.3538116247889,-0.5595827607991345,-0.4514295255782145,-0.46830986655091034,0.03354733220250389,1,0,166,129
-0.1753483531650838,-0.26651162372349535,-0.3538116247889,-0.5595827607991345,-0.4514295255782145,-0.46830986655091034,1,0,167,128
0.44626611748974376,-0.1753483531650838,-0.26651162372349535,-0.3538116247889,-0.5595827607991345,-0.4514295255782145,1,0,168,127
-0.6578964461522196,0.44626611748974376,-0.1753483531650838,-0.26651162372349535,-0.3538116247889,-0.5595827607991345,1,0,169,126
0.025010193143388815,-0.6578964461522196,0.44626611748974376,-0.1753483531650838,-0.26651162372349535,-0.3538116247889,1,0,170,125
-0.17287196084130477,0.025010193143388815,-0.6578964461522196,0.44626611748974376,-0.1753483531650838,-0.26651162372349535,1,0,171,124
-0.7978964436838462,-0.17287196084130477,0.025010193143388815,-0.6578964461522196,0.44626611748974376,-0.1753483531650838,1,0,172,123
-0.37617773010930294,-0.7978964436838462,-0.17287196084130477,0.025010193143388815,-0.6578964461522196,0.44626611748974376,1,0,173,122
-0.46203632112186127,-0.37617773010930294,-0.7978964436838462,-0.17287196084130477,0.025010193143388815,-0.6578964461522196,1,0,174,121
-0.6243410220695922,-0.46203632112186127,-0.37617773010930294,-0.7978964436838462,-0.17287196084130477,0.025010193143388815,1,0,175,120
0.06371672301881781,-0.6243410220695922,-0.46203632112186127,-0.37617773010930294,-0.7978964436838462,-0.17287196084130477,1,0,176,119
0.11128308163686829,0.06371672301881781,-0.6243410220695922,-0.46203632112186127,-0.37617773010930294,-0.7978964436838462,1,0,177,118
0.5521262280636099,0.11128308163686829,0.06371672301881781,-0.6243410220695922,-0.46203632112186127,-0.37617773010930294,1,0,178,117
0.4297152571812817,0.5521262280636099,0.11128308163686829,0.06371672301881781,-0.6243410220695922,-0.46203632112186127,1,0,179,116
0.32787489465407893,0.4297152571812817,0.5521262280636099,0.11128308163686829,0.06371672301881781,-0.6243410220695922,1,0,180,115
1.3505364101722488,0.32787489465407893,0.4297152571812817,0.5521262280636099,0.11128308163686829,0.06371672301881781,1,0,181,114
0.27831226624875716,1.3505364101722488,0.32787489465407893,0.4297152571812817,0.5521262280636099,0.11128308163686829,1,0,182,113
0.8302269842366492,0.27831226624875716,1.3505364101722488,0.32787489465407893,0.4297152571812817,0.5521262280636099,1,0,183,112
0.8312699443206906,0.8302269842366492,0.27831226624875716,1.3505364101722488,0.32787489465407893,0.4297152571812817,1,0,184,111
0.22240475279452754,0.8312699443206906,0.8302269842366492,0.27831226624875716,1.3505364101722488,0.32787489465407893,1,0,185,110
0.5423666512970896,0.22240475279452754,0.8312699443206906,0.8302269842366492,0.27831226624875716,1.3505364101722488,1,0,186,109
0.4337662819116058,0.5423666512970896,0.22240475279452754,0.8312699443206906,0.8302269842366492,0.27831226624875716,1,0,187,108
-0.28434461476054795,0.4337662819116058,0.5423666512970896,0.22240475279452754,0.8312699443206906,0.8302269842366492,1,0,188,107
0.3961436607734339,-0.28434461476054795,0.4337662819116058,0.5423666512970896,0.22240475279452754,0.8312699443206906,1,0,189,106
0.16117210730173032,0.3961436607734339,-0.28434461476054795,0.4337662819116058,0.5423666512970896,0.22240475279452754,1,0,190,105
-0.5749563718268572,0.16117210730173032,0.3961436607734339,-0.28434461476054795,0.4337662819116058,0.5423666512970896,1,0,191,104
0.21550931718173297,-0.5749563718268572,0.16117210730173032,0.3961436607734339,-0.28434461476054795,0.4337662819116058,1,0,192,103
-1.203663008717989,0.21550931718173297,-0.5749563718268572,0.16117210730173032,0.3961436607734339,-0.28434461476054795,1,0,193,102
0.3544811365730774,-1.203663008717989,0.21550931718173297,-0.5749563718268572,0.16117210730173032,0.3961436607734339,1,0,194,101
-0.7490016969779316,0.3544811365730774,-1.203663008717989,0.21550931718173297,-0.5749563718268572,0.16117210730173032,1,0,195,100
-0.0919216450145144,-0.7490016969779316,0.3544811365730774,-1.203663008717989,0.21550931718173297,-0.5749563718268572,1,0,196,99
0.32555099883755845,-0.0919216450145144,-0.7490016969779316,0.3544811365730774,-1.203663008717989,0.21550931718173297,1,0,197,98
0.29901855036365005,0.32555099883755845,-0.0919216450145144,-0.7490016969779316,0.3544811365730774,-1.203663008717989,1,0,198,97
0.8221228864675679,0.29901855036365005,0.32555099883755845,-0.0919216450145144,-0.7490016969779316,0.3544811365730774,1,0,199,96
0.9841790980302667,0.8221228864675679,0.29901855036365005,0.32555099883755845,-0.0919216450145144,-0.7490016969779316,1,0,200,95
0.9315875920555671,0.9841790980302667,0.8221228864675679,0.29901855036365005,0.32555099883755845,-0.0919216450145144,1,0,201,94
0.9512967664189212,0.9315875920555671,0.9841790980302667,0.8221228864675679,0.29901855036365005,0.32555099883755845,1,0,202,93
1.3430461953513477,0.9512967664189212,0.9315875920555671,0.9841790980302667,0.8221228864675679,0.29901855036365005,1,0,203,92
1.3296068784191473,1.3430461953513477,0.9512967664189212,0.9315875920555671,0.9841790980302667,0.8221228864675679,1,0,204,91
0.8802660924396539,1.3296068784191473,1.3430461953513477,0.9512967664189212,0.9315875920555671,0.9841790980302667,1,0,205,90
0.554784252168178,0.8802660924396539,1.3296068784191473,1.3430461953513477,0.9512967664189212,0.9315875920555671,1,0,206,89
1.279869259907283,0.554784252168178,0.8802660924396539,1.3296068784191473,1.3430461953513477,0.9512967664189212,1,0,207,88
0.5060213149792205,1.279869259907283,0.554784252168178,0.8802660924396539,1.3296068784191473,1.3430461953513477,1,0,208,87
1.16353749777248,0.5060213149792205,1.279869259907283,0.554784252168178,0.8802660924396539,1.3296068784191473,1,0,209,86
1.569050361103165,1.16353749777248,0.5060213149792205,1.279869259907283,0.554784252168178,0.8802660924396539,1,0,210,85
0.23198416328813432,1.569050361103165,1.16353749777248,0.5060213149792205,1.279869259907283,0.554784252168178,1,0,211,84
1.1276091849786745,0.23198416328813432,1.569050361103165,1.16353749777248,0.5060213149792205,1.279869259907283,1,0,212,83
0.45758881095782244,1.1276091849786745,0.23198416328813432,1.569050361103165,1.16353749777248,0.5060213149792205,1,0,213,82
-0.14194791447381838,0.45758881095782244,1.1276091849786745,0.23198416328813432,1.569050361103165,1.16353749777248,1,0,214,81
-0.30459906788565694,-0.14194791447381838,0.45758881095782244,1.1276091849786745,0.23198416328813432,1.569050361103165,1,0,215,80
0.011274785112039748,-0.30459906788565694,-0.14194791447381838,0.45758881095782244,1.1276091849786745,0.23198416328813432,1,0,216,79
0.4216185647343927,0.011274785112039748,-0.30459906788565694,-0.14194791447381838,0.45758881095782244,1.1276091849786745,1,0,217,78
-0.17624179904198278,0.4216185647343927,0.011274785112039748,-0.30459906788565694,-0.14194791447381838,0.45758881095782244,1,0,218,77
-0.4139237823595686,-0.17624179904198278,0.4216185647343927,0.011274785112039748,-0.30459906788565694,-0.14194791447381838,1,0,219,76
-0.13874240001182192,-0.4139237823595686,-0.17624179904198278,0.4216185647343927,0.011274785112039748,-0.30459906788565694,1,0,220,75
0.34342569324088257,-0.13874240001182192,-0.4139237823595686,-0.17624179904198278,0.4216185647343927,0.011274785112039748,1,0,221,74
-0.41362225652068935,0.34342569324088257,-0.13874240001182192,-0.4139237823595686,-0.17624179904198278,0.4216185647343927,1,0,222,73
-0.25691042891147514,-0.41362225652068935,0.34342569324088257,-0.13874240001182192,-0.4139237823595686,-0.17624179904198278,1,0,223,72
-0.6554231720081984,-0.25691042891147514,-0.41362225652068935,0.34342569324088257,-0.13874240001182192,-0.4139237823595686,1,0,224,71
-0.2633035247143467,-0.6554231720081984,-0.25691042891147514,-0.41362225652068935,0.34342569324088257,-0.13874240001182192,1,0,225,70
-2.0449339819364365,-0.2633035247143467,-0.6554231720081984,-0.25691042891147514,-0.41362225652068935,0.34342569324088257,1,0,226,69
-1.769653476473775,-2.0449339819364365,-0.2633035247143467,-0.6554231720081984,-0.25691042891147514,-0.41362225652068935,1,0,227,68
-1.525239356751399,-1.769653476473775,-2.0449339819364365,-0.2633035247143467,-0.6554231720081984,-0.25691042891147514,1,0,228,67
-1.7196519726860495,-1.525239356751399,-1.769653476473775,-2.0449339819364365,-0.2633035247143467,-0.6554231720081984,1,0,229,66
-1.2336333564507822,-1.7196519726860495,-1.525239356751399,-1.769653476473775,-2.0449339819364365,-0.2633035247143467,1,0,230,65
-1.8580691486560956,-1.2336333564507822,-1.7196519726860495,-1.525239356751399,-1.769653476473775,-2.0449339819364365,1,0,231,64
-2.119346703924902,-1.8580691486560956,-1.2336333564507822,-1.7196519726860495,-1.525239356751399,-1.769653476473775,1,0,232,63
-2.5177958158423173,-2.119346703924902,-1.8580691486560956,-1.2336333564507822,-1.7196519726860495,-1.525239356751399,1,0,233,62
-2.3861353060101416,-2.5177958158423173,-2.119346703924902,-1.8580691486560956,-1.2336333564507822,-1.7196519726860495,1,0,234,61
-2.2913031087916864,-2.3861353060101416,-2.5177958158423173,-2.119346703924902,-1.8580691486560956,-1.2336333564507822,1,0,235,60
-2.7933189379409162,-2.2913031087916864,-2.3861353060101416,-2.5177958158423173,-2.119346703924902,-1.8580691486560956,1,0,236,59
-2.641404823324023,-2.7933189379409162,-2.2913031087916864,-2.3861353060101416,-2.5177958158423173,-2.119346703924902,1,0,237,58
-3.3858874851566036,-2.641404823324023,-2.7933189379409162,-2.2913031087916864,-2.3861353060101416,-2.5177958158423173,1,0,238,57
-3.9656151704486517,-3.3858874851566036,-2.641404823324023,-2.7933189379409162,-2.2913031087916864,-2.3861353060101416,1,0,239,56
-3.674397034055937,-3.9656151704486517,-3.3858874851566036,-2.641404823324023,-2.7933189379409162,-2.2913031087916864,1,0,240,55
-3.207124301333798,-3.674397034055937,-3.9656151704486517,-3.3858874851566036,-2.641404823324023,-2.7933189379409162,1,0,241,54
-4.12623264391685,-3.207124301333798,-3.674397034055937,-3.9656151704486517,-3.3858874851566036,-2.641404823324023,1,0,242,53
-4.247414805767786,-4.12623264391685,-3.207124301333798,-3.674397034055937,-3.9656151704486517,-3.3858874851566036,1,0,243,52
-3.7692107959237267,-4.247414805767786,-4.12623264391685,-3.207124301333798,-3.674397034055937,-3.9656151704486517,1,0,244,51
-3.5063098472300274,-3.7692107959237267,-4.247414805767786,-4.12623264391685,-3.207124301333798,-3.674397034055937,1,0,245,50
-3.3762114698963788,-3.5063098472300274,-3.7692107959237267,-4.247414805767786,-4.12623264391685,-3.207124301333798,1,0,246,49
-2.7891621345619164,-3.3762114698963788,-3.5063098472300274,-3.7692107959237267,-4.247414805767786,-4.12623264391685,1,0,247,48
-2.0202046648112493,-2.7891621345619164,-3.3762114698963788,-3.5063098472300274,-3.7692107959237267,-4.247414805767786,1,0,248,47
-2.7235906001805734,-2.0202046648112493,-2.7891621345619164,-3.3762114698963788,-3.5063098472300274,-3.7692107959237267,1,0,249,46
-1.99471130971206,-2.7235906001805734,-2.0202046648112493,-2.7891621345619164,-3.3762114698963788,-3.5063098472300274,1,0,250,45
-1.5144305532066964,-1.99471130971206,-2.7235906001805734,-2.0202046648112493,-2.7891621345619164,-3.3762114698963788,1,0,251,44
-2.1943240125779253,-1.5144305532066964,-1.99471130971206,-2.7235906001805734,-2.0202046648112493,-2.7891621345619164,1,0,252,43
-2.481100381619422,-2.1943240125779253,-1.5144305532066964,-1.99471130971206,-2.7235906001805734,-2.0202046648112493,1,0,253,42
-2.7678150092531446,-2.481100381619422,-2.1943240125779253,-1.5144305532066964,-1.99471130971206,-2.7235906001805734,1,0,254,41
-3.260345208675152,-2.7678150092531446,-2.481100381619422,-2.1943240125779253,-1.5144305532066964,-1.99471130971206,1,0,255,40
-3.471623875951142,-3.260345208675152,-2.7678150092531446,-2.481100381619422,-2.1943240125779253,-1.5144305532066964,1,0,256,39
-3.0193369285400196,-3.471623875951142,-3.260345208675152,-2.7678150092531446,-2.481100381619422,-2.1943240125779253,1,0,257,38
-3.3694060836855813,-3.0193369285400196,-3.471623875951142,-3.260345208675152,-2.7678150092531446,-2.481100381619422,1,0,258,37
-2.660158447420504,-3.3694060836855813,-3.0193369285400196,-3.471623875951142,-3.260345208675152,-2.7678150092531446,1,0,259,36
-3.3813824450105936,-2.660158447420504,-3.3694060836855813,-3.0193369285400196,-3.471623875951142,-3.260345208675152,1,0,260,35
-2.829031768036158,-3.3813824450105936,-2.660158447420504,-3.3694060836855813,-3.0193369285400196,-3.471623875951142,1,0,261,34
-3.587709132511281,-2.829031768036158,-3.3813824450105936,-2.660158447420504,-3.3694060836855813,-3.0193369285400196,1,0,262,33
-3.6363927114132006,-3.587709132511281,-2.829031768036158,-3.3813824450105936,-2.660158447420504,-3.3694060836855813,1,0,263,32
-3.8800502559624057,-3.6363927114132006,-3.587709132511281,-2.829031768036158,-3.3813824450105936,-2.660158447420504,1,0,264,31
-4.054248589445241,-3.8800502559624057,-3.6363927114132006,-3.587709132511281,-2.829031768036158,-3.3813824450105936,1,0,265,30
-4.324055282680066,-4.054248589445241,-3.8800502559624057,-3.6363927114132006,-3.587709132511281,-2.829031768036158,1,0,266,29
-3.3164189577844954,-4.324055282680066,-4.054248589445241,-3.8800502559624057,-3.6363927114132006,-3.587709132511281,1,0,267,28
-4.664731245546962,-3.3164189577844954,-4.324055282680066,-4.054248589445241,-3.8800502559624057,-3.6363927114132006,1,0,268,27
-4.371592399292431,-4.664731245546962,-3.3164189577844954,-4.324055282680066,-4.054248589445241,-3.8800502559624057,1,0,269,26
-4.222759923256211,-4.371592399292431,-4.664731245546962,-3.3164189577844954,-4.324055282680066,-4.054248589445241,1,0,270,25
-4.644061412291155,-4.222759923256211,-4.371592399292431,-4.664731245546962,-3.3164189577844954,-4.324055282680066,1,0,271,24
-4.104513784320262,-4.644061412291155,-4.222759923256211,-4.371592399292431,-4.664731245546962,-3.3164189577844954,1,0,272,23
-3.91661787388699,-4.104513784320262,-4.644061412291155,-4.222759923256211,-4.371592399292431,-4.664731245546962,1,0,273,22
-4.657962038417524,-3.91661787388699,-4.104513784320262,-4.644061412291155,-4.222759923256211,-4.371592399292431,1,0,274,21
-4.229901393113574,-4.657962038417524,-3.91661787388699,-4.104513784320262,-4.644061412291155,-4.222759923256211,1,0,275,20
-4.842470889722701,-4.229901393113574,-4.657962038417524,-3.91661787388699,-4.104513784320262,-4.644061412291155,1,0,276,19
-4.649675117301927,-4.842470889722701,-4.229901393113574,-4.657962038417524,-3.91661787388699,-4.104513784320262,1,0,277,18
-3.942901081987517,-4.649675117301927,-4.842470889722701,-4.229901393113574,-4.657962038417524,-3.91661787388699,1,0,278,17
-4.941683161570785,-3.942901081987517,-4.649675117301927,-4.842470889722701,-4.229901393113574,-4.657962038417524,1,0,279,16
-5.176092132757246,-4.941683161570785,-3.942901081987517,-4.649675117301927,-4.842470889722701,-4.229901393113574,1,0,280,15
-5.723877657044356,-5.176092132757246,-4.941683161570785,-3.942901081987517,-4.649675117301927,-4.842470889722701,1,0,281,14
-5.295061421430059,-5.723877657044356,-5.176092132757246,-4.941683161570785,-3.942901081987517,-4.649675117301927,1,0,282,13
-5.585436084058266,-5.295061421430059,-5.723877657044356,-5.176092132757246,-4.941683161570785,-3.942901081987517,1,0,283,12
-5.680559020784328,-5.585436084058266,-5.295061421430059,-5.723877657044356,-5.176092132757246,-4.941683161570785,1,0,284,11
-4.625067413060112,-5.680559020784328,-5.585436084058266,-5.295061421430059,-5.723877657044356,-5.176092132757246,1,0,285,10
-4.812434565358213,-4.625067413060112,-5.680559020784328,-5.585436084058266,-5.295061421430059,-5.723877657044356,1,0,286,9
-4.765732420976881,-4.812434565358213,-4.625067413060112,-5.680559020784328,-5.585436084058266,-5.295061421430059,1,0,287,8
-5.625225464005411,-4.765732420976881,-4.812434565358213,-4.625067413060112,-5.680559020784328,-5.585436084058266,1,0,288,7
-5.889034114525198,-5.625225464005411,-4.765732420976881,-4.812434565358213,-4.625067413060112,-5.680559020784328,1,0,289,6
-5.707867847441488,-5.889034114525198,-5.625225464005411,-4.765732420976881,-4.812434565358213,-4.625067413060112,1,1,290,5
-4.833353408371865,-5.707867847441488,-5.889034114525198,-5.625225464005411,-4.765732420976881,-4.812434565358213,1,1,291,4
-4.205674964457885,-4.833353408371865,-5.707867847441488,-5.889034114525198,-5.625225464005411,-4.765732420976881,1,1,292,3
-1.092894256933238,-4.205674964457885,-4.833353408371865,-5.707867847441488,-5.889034114525198,-5.625225464005411,1,1,293,2
0.48224982632460867,-1.092894256933238,-4.205674964457885,-4.833353408371865,-5.707867847441488,-5.889034114525198,1,1,294,1
1.8304585459134195,0.48224982632460867,-1.092894256933238,-4.205674964457885,-4.833353408371865,-5.707867847441488,2,1,0,0
2.916046573548722,1.8304585459134195,0.48224982632460867,-1.092894256933238,-4.205674964457885,-4.833353408371865,2,1,1,232
2.7760401767616,2.916046573548722,1.8304585459134195,0.48224982632460867,-1.092894256933238,-4.205674964457885,2,1,2,231
4.538848516199952,2.7760401767616,2.916046573548722,1.8304585459134195,0.48224982632460867,-1.092894256933238,2,1,3,230
7.620261022918432,4.538848516199952,2.7760401767616,2.916046573548722,1.8304585459134195,0.48224982632460867,2,1,4,229
5.8502180110779936,7.620261022918432,4.538848516199952,2.7760401767616,2.916046573548722,1.8304585459134195,2,0,5,228
2.385764062996282,5.8502180110779936,7.620261022918432,4.538848516199952,2.7760401767616,2.916046573548722,2,0,6,227
-0.6081604595641306,2.385764062996282,5.8502180110779936,7.620261022918432,4.538848516199952,2.7760401767616,2,0,7,226
0.314572077856762,-0.6081604595641306,2.385764062996282,5.8502180110779936,7.620261022918432,4.538848516199952,2,0,8,225
4.310929700281029,0.314572077856762,-0.6081604595641306,2.385764062996282,5.8502180110779936,7.620261022918432,2,0,9,224
8.791679480265252,4.310929700281029,0.314572077856762,-0.6081604595641306,2.385764062996282,5.8502180110779936,2,0,10,223
10.047385166979122,8.791679480265252,4.310929700281029,0.314572077856762,-0.6081604595641306,2.385764062996282,2,0,11,222
10.680058603259171,10.047385166979122,8.791679480265252,4.310929700281029,0.314572077856762,-0.6081604595641306,2,0,12,221
9.345144691415296,10.680058603259171,10.047385166979122,8.791679480265252,4.310929700281029,0.314572077856762,2,0,13,220
9.963856272427023,9.345144691415296,10.680058603259171,10.047385166979122,8.791679480265252,4.310929700281029,2,0,14,219
12.149223371372003,9.963856272427023,9.345144691415296,10.680058603259171,10.047385166979122,8.791679480265252,2,0,15,218
11.519399918850068,12.149223371372003,9.963856272427023,9.345144691415296,10.680058603259171,10.047385166979122,2,0,16,217
12.884600031168638,11.519399918850068,12.149223371372003,9.963856272427023,9.345144691415296,10.680058603259171,2,0,17,216
13.082460155283192,12.884600031168638,11.519399918850068,12.149223371372003,9.963856272427023,9.345144691415296,2,0,18,215
12.157664759100232,13.082460155283192,12.884600031168638,11.519399918850068,12.149223371372003,9.963856272427023,2,0,19,214
12.395475302407563,12.157664759100232,13.082460155283192,12.884600031168638,11.519399918850068,12.149223371372003,2,0,20,213
10.754032845889103,12.395475302407563,12.157664759100232,13.082460155283192,12.884600031168638,11.519399918850068,2,0,21,212
9.222181443641263,10.754032845889103,12.395475302407563,12.157664759100232,13.082460155283192,12.884600031168638,2,0,22,211
9.927800227388266,9.222181443641263,10.754032845889103,12.395475302407563,12.157664759100232,13.082460155283192,2,0,23,210
11.656347524206573,9.927800227388266,9.222181443641263,10.754032845889103,12.395475302407563,12.157664759100232,2,0,24,209
12.421636965108293,11.656347524206573,9.927800227388266,9.222181443641263,10.754032845889103,12.395475302407563,2,0,25,208
11.653864271781067,12.421636965108293,11.656347524206573,9.927800227388266,9.222181443641263,10.754032845889103,2,0,26,207
9.749606885908888,11.653864271781067,12.421636965108293,11.656347524206573,9.927800227388266,9.222181443641263,2,0,27,206
8.18245494182312,9.749606885908888,11.653864271781067,12.421636965108293,11.656347524206573,9.927800227388266,2,0,28,205
3.955175005514424,8.18245494182312,9.749606885908888,11.653864271781067,12.421636965108293,11.656347524206573,2,0,29,204
2.2048880240557005,3.955175005514424,8.18245494182312,9.749606885908888,11.653864271781067,12.421636965108293,2,0,30,203
2.357934341607083,2.2048880240557005,3.955175005514424,8.18245494182312,9.749606885908888,11.653864271781067,2,0,31,202
-0.5072720750760924,2.357934341607083,2.2048880240557005,3.955175005514424,8.18245494182312,9.749606885908888,2,0,32,201
-2.359347375628254,-0.5072720750760924,2.357934341607083,2.2048880240557005,3.955175005514424,8.18245494182312,2,0,33,200
-2.084880210360884,-2.359347375628254,-0.5072720750760924,2.357934341607083,2.2048880240557005,3.955175005514424,2,0,34,199
0.0759086455685678,-2.084880210360884,-2.359347375628254,-0.5072720750760924,2.357934341607083,2.2048880240557005,2,0,35,198
0.8825609423151181,0.0759086455685678,-2.084880210360884,-2.359347375628254,-0.5072720750760924,2.357934341607083,2,0,36,197
2.3073327721266983,0.8825609423151181,0.0759086455685678,-2.084880210360884,-2.359347375628254,-0.5072720750760924,2,0,37,196
3.340665159381235,2.3073327721266983,0.8825609423151181,0.0759086455685678,-2.084880210360884,-2.359347375628254,2,0,38,195
4.651404259244256,3.340665159381235,2.3073327721266983,0.8825609423151181,0.0759086455685678,-2.084880210360884,2,0,39,194
6.95283413460677,4.651404259244256,3.340665159381235,2.3073327721266983,0.8825609423151181,0.0759086455685678,2,0,40,193
8.121439143523078,6.95283413460677,4.651404259244256,3.340665159381235,2.3073327721266983,0.8825609423151181,2,0,41,192
5.60572833454409,8.121439143523078,6.95283413460677,4.651404259244256,3.340665159381235,2.3073327721266983,2,0,42,191
3.0291656744191133,5.60572833454409,8.121439143523078,6.95283413460677,4.651404259244256,3.340665159381235,2,0,43,190
-0.2587851006876183,3.0291656744191133,5.60572833454409,8.121439143523078,6.95283413460677,4.651404259244256,2,0,44,189
-0.4558744526289795,-0.2587851006876183,3.0291656744191133,5.60572833454409,8.121439143523078,6.95283413460677,2,0,45,188
0.9000306909274783,-0.4558744526289795,-0.2587851006876183,3.0291656744191133,5.60572833454409,8.121439143523078,2,0,46,187
2.8513527832937786,0.9000306909274783,-0.4558744526289795,-0.2587851006876183,3.0291656744191133,5.60572833454409,2,0,47,186
4.588756391087216,2.8513527832937786,0.9000306909274783,-0.4558744526289795,-0.2587851006876183,3.0291656744191133,2,0,48,185
4.628171810364432,4.588756391087216,2.8513527832937786,0.9000306909274783,-0.4558744526289795,-0.2587851006876183,2,0,49,184
6.570840768420591,4.628171810364432,4.588756391087216,2.8513527832937786,0.9000306909274783,-0.4558744526289795,2,0,50,183
8.548441125239508,6.570840768420591,4.628171810364432,4.588756391087216,2.8513527832937786,0.9000306909274783,2,0,51,182
9.707082281814563,8.548441125239508,6.570840768420591,4.628171810364432,4.588756391087216,2.8513527832937786,2,0,52,181
9.353594269930618,9.707082281814563,8.548441125239508,6.570840768420591,4.628171810364432,4.588756391087216,2,0,53,180
6.258726103734406,9.353594269930618,9.707082281814563,8.548441125239508,6.570840768420591,4.628171810364432,2,0,54,179
3.675973579718527,6.258726103734406,9.353594269930618,9.707082281814563,8.548441125239508,6.570840768420591,2,0,55,178
1.644352279577842,3.675973579718527,6.258726103734406,9.353594269930618,9.707082281814563,8.548441125239508,2,0,56,177
-1.6337866067217985,1.644352279577842,3.675973579718527,6.258726103734406,9.353594269930618,9.707082281814563,2,0,57,176
-4.12889857971233,-1.6337866067217985,1.644352279577842,3.675973579718527,6.258726103734406,9.353594269930618,2,0,58,175
-5.135211552332402,-4.12889857971233,-1.6337866067217985,1.644352279577842,3.675973579718527,6.258726103734406,2,0,59,174
-6.495483877277119,-5.135211552332402,-4.12889857971233,-1.6337866067217985,1.644352279577842,3.675973579718527,2,0,60,173
-7.550205773616609,-6.495483877277119,-5.135211552332402,-4.12889857971233,-1.6337866067217985,1.644352279577842,2,0,61,172
-6.874391184990962,-7.550205773616609,-6.495483877277119,-5.135211552332402,-4.12889857971233,-1.6337866067217985,2,0,62,171
-6.4619381850185755,-6.874391184990962,-7.550205773616609,-6.495483877277119,-5.135211552332402,-4.12889857971233,2,0,63,170
-5.036760766147531,-6.4619381850185755,-6.874391184990962,-7.550205773616609,-6.495483877277119,-5.135211552332402,2,0,64,169
-5.00627623179186,-5.036760766147531,-6.4619381850185755,-6.874391184990962,-7.550205773616609,-6.495483877277119,2,0,65,168
-3.2497147985075596,-5.00627623179186,-5.036760766147531,-6.4619381850185755,-6.874391184990962,-7.550205773616609,2,0,66,167
-1.5882343075534116,-3.2497147985075596,-5.00627623179186,-5.036760766147531,-6.4619381850185755,-6.874391184990962,2,0,67,166
0.2944060616580022,-1.5882343075534116,-3.2497147985075596,-5.00627623179186,-5.036760766147531,-6.4619381850185755,2,0,68,165
1.723702921820552,0.2944060616580022,-1.5882343075534116,-3.2497147985075596,-5.00627623179186,-5.036760766147531,2,0,69,164
3.182305958319477,1.723702921820552,0.2944060616580022,-1.5882343075534116,-3.2497147985075596,-5.00627623179186,2,0,70,163
6.449148945822098,3.182305958319477,1.723702921820552,0.2944060616580022,-1.5882343075534116,-3.2497147985075596,2,0,71,162
10.477628493692047,6.449148945822098,3.182305958319477,1.723702921820552,0.2944060616580022,-1.5882343075534116,2,0,72,161
11.01409348347348,10.477628493692047,6.449148945822098,3.182305958319477,1.723702921820552,0.2944060616580022,2,0,73,160
10.889608725707808,11.01409348347348,10.477628493692047,6.449148945822098,3.182305958319477,1.723702921820552,2,0,74,159
9.083891099106946,10.889608725707808,11.01409348347348,10.477628493692047,6.449148945822098,3.182305958319477,2,0,75,158
8.131995696402786,9.083891099106946,10.889608725707808,11.01409348347348,10.477628493692047,6.449148945822098,2,0,76,157
10.844389435755648,8.131995696402786,9.083891099106946,10.889608725707808,11.01409348347348,10.477628493692047,2,0,77,156
11.645493818210507,10.844389435755648,8.131995696402786,9.083891099106946,10.889608725707808,11.01409348347348,2,0,78,155
14.697594514584194,11.645493818210507,10.844389435755648,8.131995696402786,9.083891099106946,10.889608725707808,2,0,79,154
15.390121855169987,14.697594514584194,11.645493818210507,10.844389435755648,8.131995696402786,9.083891099106946,2,0,80,153
16.565327738501562,15.390121855169987,14.697594514584194,11.645493818210507,10.844389435755648,8.131995696402786,2,0,81,152
15.412689655343181,16.565327738501562,15.390121855169987,14.697594514584194,11.645493818210507,10.844389435755648,2,0,82,151
14.787557728639579,15.412689655343181,16.565327738501562,15.390121855169987,14.697594514584194,11.645493818210507,2,0,83,150
14.262088436637939,14.787557728639579,15.412689655343181,16.565327738501562,15.390121855169987,14.697594514584194,2,0,84,149
13.304377367497842,14.262088436637939,14.787557728639579,15.412689655343181,16.565327738501562,15.390121855169987,2,0,85,148
12.472882453070993,13.304377367497842,14.262088436637939,14.787557728639579,15.412689655343181,16.565327738501562,2,0,86,147
11.814736692186372,12.472882453070993,13.304377367497842,14.262088436637939,14.787557728639579,15.412689655343181,2,0,87,146
12.96077101592948,11.814736692186372,12.472882453070993,13.304377367497842,14.262088436637939,14.787557728639579,2,0,88,145
14.040209557975603,12.96077101592948,11.814736692186372,12.472882453070993,13.304377367497842,14.262088436637939,2,0,89,144
15.639291705758906,14.040209557975603,12.96077101592948,11.814736692186372,12.472882453070993,13.304377367497842,2,0,90,143
15.84812906814611,15.639291705758906,14.040209557975603,12.96077101592948,11.814736692186372,12.472882453070993,2,0,91,142
17.59209830421076,15.84812906814611,15.639291705758906,14.040209557975603,12.96077101592948,11.814736692186372,2,0,92,141
17.359564283403326,17.59209830421076,15.84812906814611,15.639291705758906,14.040209557975603,12.96077101592948,2,0,93,140
18.479135856314933,17.359564283403326,17.59209830421076,15.84812906814611,15.639291705758906,14.040209557975603,2,0,94,139
20.80625033097119,18.479135856314933,17.359564283403326,17.59209830421076,15.84812906814611,15.639291705758906,2,0,95,138
20.1477683883042,20.80625033097119,18.479135856314933,17.359564283403326,17.59209830421076,15.84812906814611,2,0,96,137
22.1449476195399,20.1477683883042,20.80625033097119,18.479135856314933,17.359564283403326,17.59209830421076,2,0,97,136
24.149409250055133,22.1449476195399,20.1477683883042,20.80625033097119,18.479135856314933,17.359564283403326,2,0,98,135
23.215845029230433,24.149409250055133,22.1449476195399,20.1477683883042,20.80625033097119,18.479135856314933,2,0,99,134
24.38742641137653,23.215845029230433,24.149409250055133,22.1449476195399,20.1477683883042,20.80625033097119,2,0,100,133
24.900368652017203,24.38742641137653,23.215845029230433,24.149409250055133,22.1449476195399,20.1477683883042,2,0,101,132
23.501079861365437,24.900368652017203,24.38742641137653,23.215845029230433,24.149409250055133,22.1449476195399,2,0,102,131
24.73135886924424,23.501079861365437,24.900368652017203,24.38742641137653,23.215845029230433,24.149409250055133,2,0,103,130
23.66106418173991,24.73135886924424,23.501079861365437,24.900368652017203,24.38742641137653,23.215845029230433,2,0,104,129
20.654992058289253,23.66106418173991,24.73135886924424,23.501079861365437,24.900368652017203,24.38742641137653,2,0,105,128
20.981535725342724,20.654992058289253,23.66106418173991,24.73135886924424,23.501079861365437,24.900368652017203,2,0,106,127
21.33047108118761,20.981535725342724,20.654992058289253,23.66106418173991,24.73135886924424,23.501079861365437,2,0,107,126
21.77492475200216,21.33047108118761,20.981535725342724,20.654992058289253,23.66106418173991,24.73135886924424,2,0,108,125
22.16393410203848,21.77492475200216,21.33047108118761,20.981535725342724,20.654992058289253,23.66106418173991,2,0,109,124
22.999437970984214,22.16393410203848,21.77492475200216,21.33047108118761,20.981535725342724,20.654992058289253,2,0,110,123
23.168511872086285,22.999437970984214,22.16393410203848,21.77492475200216,21.33047108118761,20.981535725342724,2,0,111,122
23.292800950524352,23.168511872086285,22.999437970984214,22.16393410203848,21.77492475200216,21.33047108118761,2,0,112,121
23.859030004799394,23.292800950524352,23.168511872086285,22.999437970984214,22.16393410203848,21.77492475200216,2,0,113,120
24.516153360479848,23.859030004799394,23.292800950524352,23.168511872086285,22.999437970984214,22.16393410203848,2,0,114,119
23.457597331877828,24.516153360479848,23.859030004799394,23.292800950524352,23.168511872086285,22.999437970984214,2,0,115,118
23.849214913688503,23.457597331877828,24.516153360479848,23.859030004799394,23.292800950524352,23.168511872086285,2,0,116,117
21.619352329788345,23.849214913688503,23.457597331877828,24.516153360479848,23.859030004799394,23.292800950524352,2,0,117,116
20.835247014692406,21.619352329788345,23.849214913688503,23.457597331877828,24.516153360479848,23.859030004799394,2,0,118,115
19.198476207089673,20.835247014692406,21.619352329788345,23.849214913688503,23.457597331877828,24.516153360479848,2,0,119,114
18.381870157535765,19.198476207089673,20.835247014692406,21.619352329788345,23.849214913688503,23.457597331877828,2,0,120,113
18.16564239079857,18.381870157535765,19.198476207089673,20.835247014692406,21.619352329788345,23.849214913688503,2,0,121,112
19.034245186405965,18.16564239079857,18.381870157535765,19.198476207089673,20.835247014692406,21.619352329788345,2,0,122,111
22.516979214713686,19.034245186405965,18.16564239079857,18.381870157535765,19.198476207089673,20.835247014692406,2,0,123,110
22.369579582673097,22.516979214713686,19.034245186405965,18.16564239079857,18.381870157535765,19.198476207089673,2,0,124,109
19.886535186064663,22.369579582673097,22.516979214713686,19.034245186405965,18.16564239079857,18.381870157535765,2,0,125,108
18.940068645654193,19.886535186064663,22.369579582673097,22.516979214713686,19.034245186405965,18.16564239079857,2,0,126,107
17.787062265299525,18.940068645654193,19.886535186064663,22.369579582673097,22.516979214713686,19.034245186405965,2,0,127,106
17.798543901067504,17.787062265299525,18.940068645654193,19.886535186064663,22.369579582673097,22.516979214713686,2,0,128,105
17.834286695946847,17.798543901067504,17.787062265299525,18.940068645654193,19.886535186064663,22.369579582673097,2,0,129,104
17.284768350603315,17.834286695946847,17.798543901067504,17.787062265299525,18.940068645654193,19.886535186064663,2,0,130,103
16.60417373726248,17.284768350603315,17.834286695946847,17.798543901067504,17.787062265299525,18.940068645654193,2,0,131,102
14.909809186925774,16.60417373726248,17.284768350603315,17.834286695946847,17.798543901067504,17.787062265299525,2,0,132,101
16.377203750672575,14.909809186925774,16.60417373726248,17.284768350603315,17.834286695946847,17.798543901067504,2,0,133,100
15.627933173777649,16.377203750672575,14.909809186925774,16.60417373726248,17.284768350603315,17.834286695946847,2,0,134,99
14.903966609071468,15.627933173777649,16.377203750672575,14.909809186925774,16.60417373726248,17.284768350603315,2,0,135,98
13.128543072681602,14.903966609071468,15.627933173777649,16.377203750672575,14.909809186925774,16.60417373726248,2,0,136,97
12.311149622124777,13.128543072681602,14.903966609071468,15.627933173777649,16.377203750672575,14.909809186925774,2,0,137,96
10.314226125460314,12.311149622124777,13.128543072681602,14.903966609071468,15.627933173777649,16.377203750672575,2,0,138,95
9.062178891526374,10.314226125460314,12.311149622124777,13.128543072681602,14.903966609071468,15.627933173777649,2,0,139,94
9.218941821281879,9.062178891526374,10.314226125460314,12.311149622124777,13.128543072681602,14.903966609071468,2,0,140,93
9.941299708387977,9.218941821281879,9.062178891526374,10.314226125460314,12.311149622124777,13.128543072681602,2,0,141,92
10.119385656482018,9.941299708387977,9.218941821281879,9.062178891526374,10.314226125460314,12.311149622124777,2,0,142,91
12.130607320535884,10.119385656482018,9.941299708387977,9.218941821281879,9.062178891526374,10.314226125460314,2,0,143,90
12.902014243848171,12.130607320535884,10.119385656482018,9.941299708387977,9.218941821281879,9.062178891526374,2,0,144,89
14.1999551664482,12.902014243848171,12.130607320535884,10.119385656482018,9.941299708387977,9.218941821281879,2,0,145,88
14.708696830615377,14.1999551664482,12.902014243848171,12.130607320535884,10.119385656482018,9.941299708387977,2,0,146,87
17.164756065984225,14.708696830615377,14.1999551664482,12.902014243848171,12.130607320535884,10.119385656482018,2,0,147,86
18.617018073048623,17.164756065984225,14.708696830615377,14.1999551664482,12.902014243848171,12.130607320535884,2,0,148,85
21.443711117015464,18.617018073048623,17.164756065984225,14.708696830615377,14.1999551664482,12.902014243848171,2,0,149,84
24.50397158212987,21.443711117015464,18.617018073048623,17.164756065984225,14.708696830615377,14.1999551664482,2,0,150,83
26.008309902298837,24.50397158212987,21.443711117015464,18.617018073048623,17.164756065984225,14.708696830615377,2,0,151,82
25.62681197304222,26.008309902298837,24.50397158212987,21.443711117015464,18.617018073048623,17.164756065984225,2,0,152,81
25.990153833528534,25.62681197304222,26.008309902298837,24.50397158212987,21.443711117015464,18.617018073048623,2,0,153,80
27.988902789014,25.990153833528534,25.62681197304222,26.008309902298837,24.50397158212987,21.443711117015464,2,0,154,79
27.26111434196035,27.988902789014,25.990153833528534,25.62681197304222,26.008309902298837,24.50397158212987,2,0,155,78
27.450714399330842,27.26111434196035,27.988902789014,25.990153833528534,25.62681197304222,26.008309902298837,2,0,156,77
29.49268498619913,27.450714399330842,27.26111434196035,27.988902789014,25.990153833528534,25.62681197304222,2,0,157,76
28.10870995179291,29.49268498619913,27.450714399330842,27.26111434196035,27.988902789014,25.990153833528534,2,0,158,75
26.88341741276456,28.10870995179291,29.49268498619913,27.450714399330842,27.26111434196035,27.988902789014,2,0,159,74
24.043543123971777,26.88341741276456,28.10870995179291,29.49268498619913,27.450714399330842,27.26111434196035,2,0,160,73
21.125396349771563,24.043543123971777,26.88341741276456,28.10870995179291,29.49268498619913,27.450714399330842,2,0,161,72
20.394714806170747,21.125396349771563,24.043543123971777,26.88341741276456,28.10870995179291,29.49268498619913,2,0,162,71
19.566145277526918,20.394714806170747,21.125396349771563,24.043543123971777,26.88341741276456,28.10870995179291,2,0,163,70
17.921157608560023,19.566145277526918,20.394714806170747,21.125396349771563,24.043543123971777,26.88341741276456,2,0,164,69
17.14967390655153,17.921157608560023,19.566145277526918,20.394714806170747,21.125396349771563,24.043543123971777,2,0,165,68
16.815709098147956,17.14967390655153,17.921157608560023,19.566145277526918,20.394714806170747,21.125396349771563,2,0,166,67
15.478956878601373,16.815709098147956,17.14967390655153,17.921157608560023,19.566145277526918,20.394714806170747,2,0,167,66
16.02072185390915,15.478956878601373,16.815709098147956,17.14967390655153,17.921157608560023,19.566145277526918,2,0,168,65
16.48865334417921,16.02072185390915,15.478956878601373,16.815709098147956,17.14967390655153,17.921157608560023,2,0,169,64
17.442803038617463,16.48865334417921,16.02072185390915,15.478956878601373,16.815709098147956,17.14967390655153,2,0,170,63
17.91903377396625,17.442803038617463,16.48865334417921,16.02072185390915,15.478956878601373,16.815709098147956,2,0,171,62
18.323958764189143,17.91903377396625,17.442803038617463,16.48865334417921,16.02072185390915,15.478956878601373,2,0,172,61
19.986020725913612,18.323958764189143,17.91903377396625,17.442803038617463,16.48865334417921,16.02072185390915,2,0,173,60
23.705452235764824,19.986020725913612,18.323958764189143,17.91903377396625,17.442803038617463,16.48865334417921,2,0,174,59
27.884454893462824,23.705452235764824,19.986020725913612,18.323958764189143,17.91903377396625,17.442803038617463,2,0,175,58
27.734114917920365,27.884454893462824,23.705452235764824,19.986020725913612,18.323958764189143,17.91903377396625,2,0,176,57
27.579401757052874,27.734114917920365,27.884454893462824,23.705452235764824,19.986020725913612,18.323958764189143,2,0,177,56
26.46356941711384,27.579401757052874,27.734114917920365,27.884454893462824,23.705452235764824,19.986020725913612,2,0,178,55
25.0849087114646,26.46356941711384,27.579401757052874,27.734114917920365,27.884454893462824,23.705452235764824,2,0,179,54
26.697234837331486,25.0849087114646,26.46356941711384,27.579401757052874,27.734114917920365,27.884454893462824,2,0,180,53
26.469216892723907,26.697234837331486,25.0849087114646,26.46356941711384,27.579401757052874,27.734114917920365,2,0,181,52
29.128520068453295,26.469216892723907,26.697234837331486,25.0849087114646,26.46356941711384,27.579401757052874,2,0,182,51
28.956158534152088,29.128520068453295,26.469216892723907,26.697234837331486,25.0849087114646,26.46356941711384,2,0,183,50
27.858693121692,28.956158534152088,29.128520068453295,26.469216892723907,26.697234837331486,25.0849087114646,2,0,184,49
26.46240506933243,27.858693121692,28.956158534152088,29.128520068453295,26.469216892723907,26.697234837331486,2,0,185,48
24.061865835754848,26.46240506933243,27.858693121692,28.956158534152088,29.128520068453295,26.469216892723907,2,0,186,47
22.59760681589993,24.061865835754848,26.46240506933243,27.858693121692,28.956158534152088,29.128520068453295,2,0,187,46
20.915864929852418,22.59760681589993,24.061865835754848,26.46240506933243,27.858693121692,28.956158534152088,2,0,188,45
21.485065844045497,20.915864929852418,22.59760681589993,24.061865835754848,26.46240506933243,27.858693121692,2,0,189,44
21.188789715983663,21.485065844045497,20.915864929852418,22.59760681589993,24.061865835754848,26.46240506933243,2,0,190,43
23.31855988097996,21.188789715983663,21.485065844045497,20.915864929852418,22.59760681589993,24.061865835754848,2,0,191,42
25.358249874472886,23.31855988097996,21.188789715983663,21.485065844045497,20.915864929852418,22.59760681589993,2,0,192,41
27.341284347455993,25.358249874472886,23.31855988097996,21.188789715983663,21.485065844045497,20.915864929852418,2,0,193,40
27.42692936438796,27.341284347455993,25.358249874472886,23.31855988097996,21.188789715983663,21.485065844045497,2,0,194,39
24.484286706026765,27.42692936438796,27.341284347455993,25.358249874472886,23.31855988097996,21.188789715983663,2,0,195,38
28.567060788332896,24.484286706026765,27.42692936438796,27.341284347455993,25.358249874472886,23.31855988097996,2,0,196,37
29.564984611557865,28.567060788332896,24.484286706026765,27.42692936438796,27.341284347455993,25.358249874472886,2,0,197,36
26.145302542060836,29.564984611557865,28.567060788332896,24.484286706026765,27.42692936438796,27.341284347455993,2,0,198,35
33.34507890406762,26.145302542060836,29.564984611557865,28.567060788332896,24.484286706026765,27.42692936438796,2,0,199,34
36.3605150505272,33.34507890406762,26.145302542060836,29.564984611557865,28.567060788332896,24.484286706026765,2,0,200,33
36.255144944552576,36.3605150505272,33.34507890406762,26.145302542060836,29.564984611557865,28.567060788332896,2,0,201,32
37.44141454656047,36.255144944552576,36.3605150505272,33.34507890406762,26.145302542060836,29.564984611557865,2,0,202,31
39.13196692946348,37.44141454656047,36.255144944552576,36.3605150505272,33.34507890406762,26.145302542060836,2,0,203,30
34.58224853937666,39.13196692946348,37.44141454656047,36.255144944552576,36.3605150505272,33.34507890406762,2,0,204,29
36.248128617826325,34.58224853937666,39.13196692946348,37.44141454656047,36.255144944552576,36.3605150505272,2,0,205,28
34.54242127338682,36.248128617826325,34.58224853937666,39.13196692946348,37.44141454656047,36.255144944552576,2,0,206,27
36.38463905415637,34.54242127338682,36.248128617826325,34.58224853937666,39.13196692946348,37.44141454656047,2,0,207,26
34.931444826078625,36.38463905415637,34.54242127338682,36.248128617826325,34.58224853937666,39.13196692946348,2,0,208,25
36.49838315962106,34.931444826078625,36.38463905415637,34.54242127338682,36.248128617826325,34.58224853937666,2,0,209,24
36.32251968302482,36.49838315962106,34.931444826078625,36.38463905415637,34.54242127338682,36.248128617826325,2,0,210,23
35.16034086039297,36.32251968302482,36.49838315962106,34.931444826078625,36.38463905415637,34.54242127338682,2,0,211,22
34.345784547035805,35.16034086039297,36.32251968302482,36.49838315962106,34.931444826078625,36.38463905415637,2,0,212,21
33.78776096234956,34.345784547035805,35.16034086039297,36.32251968302482,36.49838315962106,34.931444826078625,2,0,213,20
29.52708444667866,33.78776096234956,34.345784547035805,35.16034086039297,36.32251968302482,36.49838315962106,2,0,214,19
29.81801104297286,29.52708444667866,33.78776096234956,34.345784547035805,35.16034086039297,36.32251968302482,2,0,215,18
29.935008397158096,29.81801104297286,29.52708444667866,33.78776096234956,34.345784547035805,35.16034086039297,2,0,216,17
32.85179040875023,29.935008397158096,29.81801104297286,29.52708444667866,33.78776096234956,34.345784547035805,2,0,217,16
36.61799666113717,32.85179040875023,29.935008397158096,29.81801104297286,29.52708444667866,33.78776096234956,2,0,218,15
35.96102408054267,36.61799666113717,32.85179040875023,29.935008397158096,29.81801104297286,29.52708444667866,2,0,219,14
36.53943341639479,35.96102408054267,36.61799666113717,32.85179040875023,29.935008397158096,29.81801104297286,2,0,220,13
38.97318261776142,36.53943341639479,35.96102408054267,36.61799666113717,32.85179040875023,29.935008397158096,2,0,221,12
39.497943032832225,38.97318261776142,36.53943341639479,35.96102408054267,36.61799666113717,32.85179040875023,2,0,222,11
40.179072458562096,39.497943032832225,38.97318261776142,36.53943341639479,35.96102408054267,36.61799666113717,2,0,223,10
39.209834884348716,40.179072458562096,39.497943032832225,38.97318261776142,36.53943341639479,35.96102408054267,2,0,224,9
42.0428664716859,39.209834884348716,40.179072458562096,39.497943032832225,38.97318261776142,36.53943341639479,2,0,225,8
42.61707594120204,42.0428664716859,39.209834884348716,40.179072458562096,39.497943032832225,38.97318261776142,2,0,226,7
39.7572130442898,42.61707594120204,42.0428664716859,39.209834884348716,40.179072458562096,39.497943032832225,2,0,227,6
38.334506832591266,39.7572130442898,42.61707594120204,42.0428664716859,39.209834884348716,40.179072458562096,2,1,228,5
36.317650781615676,38.334506832591266,39.7572130442898,42.61707594120204,42.0428664716859,39.209834884348716,2,1,229,4
34.13787936992185,36.317650781615676,38.334506832591266,39.7572130442898,42.61707594120204,42.0428664716859,2,1,230,3
39.14956329593169,34.13787936992185,36.317650781615676,38.334506832591266,39.7572130442898,42.61707594120204,2,1,231,2
37.04135750968983,39.14956329593169,34.13787936992185,36.317650781615676,38.334506832591266,39.7572130442898,2,1,232,1
33.757331486954584,37.04135750968983,39.14956329593169,34.13787936992185,36.317650781615676,38.334506832591266,3,1,0,0
35.3664713608253,33.757331486954584,37.04135750968983,39.14956329593169,34.13787936992185,36.317650781615676,3,1,1,139
34.42815378457393,35.3664713608253,33.757331486954584,37.04135750968983,39.14956329593169,34.13787936992185,3,1,2,138
27.76149484122481,34.42815378457393,35.3664713608253,33.757331486954584,37.04135750968983,39.14956329593169,3,1,3,137
33.00008846199334,27.76149484122481,34.42815378457393,35.3664713608253,33.757331486954584,37.04135750968983,3,1,4,136
30.25522893643935,33.00008846199334,27.76149484122481,34.42815378457393,35.3664713608253,33.757331486954584,3,0,5,135
23.078017171173162,30.25522893643935,33.00008846199334,27.76149484122481,34.42815378457393,35.3664713608253,3,0,6,134
26.728653156956277,23.078017171173162,30.25522893643935,33.00008846199334,27.76149484122481,34.42815378457393,3,0,7,133
24.566630073685484,26.728653156956277,23.078017171173162,30.25522893643935,33.00008846199334,27.76149484122481,3,0,8,132
22.78362857582549,24.566630073685484,26.728653156956277,23.078017171173162,30.25522893643935,33.00008846199334,3,0,9,131
26.293192294215892,22.78362857582549,24.566630073685484,26.728653156956277,23.078017171173162,30.25522893643935,3,0,10,130
21.04412625181499,26.293192294215892,22.78362857582549,24.566630073685484,26.728653156956277,23.078017171173162,3,0,11,129
25.030272597416737,21.04412625181499,26.293192294215892,22.78362857582549,24.566630073685484,26.728653156956277,3,0,12,128
31.180779025951882,25.030272597416737,21.04412625181499,26.293192294215892,22.78362857582549,24.566630073685484,3,0,13,127
28.32131128188671,31.180779025951882,25.030272597416737,21.04412625181499,26.293192294215892,22.78362857582549,3,0,14,126
26.513666623611826,28.32131128188671,31.180779025951882,25.030272597416737,21.04412625181499,26.293192294215892,3,0,15,125
31.147482025328898,26.513666623611826,28.32131128188671,31.180779025951882,25.030272597416737,21.04412625181499,3,0,16,124
30.2747878844778,31.147482025328898,26.513666623611826,28.32131128188671,31.180779025951882,25.030272597416737,3,0,17,123
27.138678526634244,30.2747878844778,31.147482025328898,26.513666623611826,28.32131128188671,31.180779025951882,3,0,18,122
32.348990517560246,27.138678526634244,30.2747878844778,31.147482025328898,26.513666623611826,28.32131128188671,3,0,19,121
34.80896378119913,32.348990517560246,27.138678526634244,30.2747878844778,31.147482025328898,26.513666623611826,3,0,20,120
30.67460154355227,34.80896378119913,32.348990517560246,27.138678526634244,30.2747878844778,31.147482025328898,3,0,21,119
36.96343737398154,30.67460154355227,34.80896378119913,32.348990517560246,27.138678526634244,30.2747878844778,3,0,22,118
37.78682381868513,36.96343737398154,30.67460154355227,34.80896378119913,32.348990517560246,27.138678526634244,3,0,23,117
34.11734781409821,37.78682381868513,36.96343737398154,30.67460154355227,34.80896378119913,32.348990517560246,3,0,24,116
40.790313524835646,34.11734781409821,37.78682381868513,36.96343737398154,30.67460154355227,34.80896378119913,3,0,25,115
44.79540813004134,40.790313524835646,34.11734781409821,37.78682381868513,36.96343737398154,30.67460154355227,3,0,26,114
40.2848644683813,44.79540813004134,40.790313524835646,34.11734781409821,37.78682381868513,36.96343737398154,3,0,27,113
41.41039486390063,40.2848644683813,44.79540813004134,40.790313524835646,34.11734781409821,37.78682381868513,3,0,28,112
48.0993040629056,41.41039486390063,40.2848644683813,44.79540813004134,40.790313524835646,34.11734781409821,3,0,29,111
46.44073102757736,48.0993040629056,41.41039486390063,40.2848644683813,44.79540813004134,40.790313524835646,3,0,30,110
43.97190937249693,46.44073102757736,48.0993040629056,41.41039486390063,40.2848644683813,44.79540813004134,3,0,31,109
52.049565268414426,43.97190937249693,46.44073102757736,48.0993040629056,41.41039486390063,40.2848644683813,3,0,32,108
52.84466090344393,52.049565268414426,43.97190937249693,46.44073102757736,48.0993040629056,41.41039486390063,3,0,33,107
46.37190531506521,52.84466090344393,52.049565268414426,43.97190937249693,46.44073102757736,48.0993040629056,3,0,34,106
51.35673082878093,46.37190531506521,52.84466090344393,52.049565268414426,43.97190937249693,46.44073102757736,3,0,35,105
54.73100796914366,51.35673082878093,46.37190531506521,52.84466090344393,52.049565268414426,43.97190937249693,3,0,36,104
49.68043337166189,54.73100796914366,51.35673082878093,46.37190531506521,52.84466090344393,52.049565268414426,3,0,37,103
54.12236789414673,49.68043337166189,54.73100796914366,51.35673082878093,46.37190531506521,52.84466090344393,3,0,38,102
59.14974867691764,54.12236789414673,49.68043337166189,54.73100796914366,51.35673082878093,46.37190531506521,3,0,39,101
53.52231529246798,59.14974867691764,54.12236789414673,49.68043337166189,54.73100796914366,51.35673082878093,3,0,40,100
53.6446199558915,53.52231529246798,59.14974867691764,54.12236789414673,49.68043337166189,54.73100796914366,3,0,41,99
52.91482599765688,53.6446199558915,53.52231529246798,59.14974867691764,54.12236789414673,49.68043337166189,3,0,42,98
52.9366406479877,52.91482599765688,53.6446199558915,53.52231529246798,59.14974867691764,54.12236789414673,3,0,43,97
52.119852606705706,52.9366406479877,52.91482599765688,53.6446199558915,53.52231529246798,59.14974867691764,3,0,44,96
52.96081399293992,52.119852606705706,52.9366406479877,52.91482599765688,53.6446199558915,53.52231529246798,3,0,45,95
54.73549227542285,52.96081399293992,52.119852606705706,52.9366406479877,52.91482599765688,53.6446199558915,3,0,46,94
56.722513837899996,54.73549227542285,52.96081399293992,52.119852606705706,52.9366406479877,52.91482599765688,3,0,47,93
56.52432903777015,56.722513837899996,54.73549227542285,52.96081399293992,52.119852606705706,52.9366406479877,3,0,48,92
55.576454886376304,56.52432903777015,56.722513837899996,54.73549227542285,52.96081399293992,52.119852606705706,3,0,49,91
61.417758321044786,55.576454886376304,56.52432903777015,56.722513837899996,54.73549227542285,52.96081399293992,3,0,50,90
63.91689695538905,61.417758321044786,55.576454886376304,56.52432903777015,56.722513837899996,54.73549227542285,3,0,51,89
55.84644755671175,63.91689695538905,61.417758321044786,55.576454886376304,56.52432903777015,56.722513837899996,3,0,52,88
62.957182980911426,55.84644755671175,63.91689695538905,61.417758321044786,55.576454886376304,56.52432903777015,3,0,53,87
65.39943864702728,62.957182980911426,55.84644755671175,63.91689695538905,61.417758321044786,55.576454886376304,3,0,54,86
58.582757152983696,65.39943864702728,62.957182980911426,55.84644755671175,63.91689695538905,61.417758321044786,3,0,55,85
60.17000958156502,58.582757152983696,65.39943864702728,62.957182980911426,55.84644755671175,63.91689695538905,3,0,56,84
66.18730748750227,60.17000958156502,58.582757152983696,65.39943864702728,62.957182980911426,55.84644755671175,3,0,57,83
61.64437540818687,66.18730748750227,60.17000958156502,58.582757152983696,65.39943864702728,62.957182980911426,3,0,58,82
62.45703045856228,61.64437540818687,66.18730748750227,60.17000958156502,58.582757152983696,65.39943864702728,3,0,59,81
69.17621741086717,62.45703045856228,61.64437540818687,66.18730748750227,60.17000958156502,58.582757152983696,3,0,60,80
63.080590531396986,69.17621741086717,62.45703045856228,61.64437540818687,66.18730748750227,60.17000958156502,3,0,61,79
63.873007753118365,63.080590531396986,69.17621741086717,62.45703045856228,61.64437540818687,66.18730748750227,3,0,62,78
65.0539334733163,63.873007753118365,63.080590531396986,69.17621741086717,62.45703045856228,61.64437540818687,3,0,63,77
63.65748344382703,65.0539334733163,63.873007753118365,63.080590531396986,69.17621741086717,62.45703045856228,3,0,64,76
62.018975855845206,63.65748344382703,65.0539334733163,63.873007753118365,63.080590531396986,69.17621741086717,3,0,65,75
61.60434495267565,62.018975855845206,63.65748344382703,65.0539334733163,63.873007753118365,63.080590531396986,3,0,66,74
65.91356488260422,61.60434495267565,62.018975855845206,63.65748344382703,65.0539334733163,63.873007753118365,3,0,67,73
61.90237680362379,65.91356488260422,61.60434495267565,62.018975855845206,63.65748344382703,65.0539334733163,3,0,68,72
63.96421873168636,61.90237680362379,65.91356488260422,61.60434495267565,62.018975855845206,63.65748344382703,3,0,69,71
66.19013827809246,63.96421873168636,61.90237680362379,65.91356488260422,61.60434495267565,62.018975855845206,3,0,70,70
57.983989934020094,66.19013827809246,63.96421873168636,61.90237680362379,65.91356488260422,61.60434495267565,3,0,71,69
56.53172380576214,57.983989934020094,66.19013827809246,63.96421873168636,61.90237680362379,65.91356488260422,3,0,72,68
61.28392119622784,56.53172380576214,57.983989934020094,66.19013827809246,63.96421873168636,61.90237680362379,3,0,73,67
58.17699002755409,61.28392119622784,56.53172380576214,57.983989934020094,66.19013827809246,63.96421873168636,3,0,74,66
58.959999842064754,58.17699002755409,61.28392119622784,56.53172380576214,57.983989934020094,66.19013827809246,3,0,75,65
58.545129079851264,58.959999842064754,58.17699002755409,61.28392119622784,56.53172380576214,57.983989934020094,3,0,76,64
57.456224426895375,58.545129079851264,58.959999842064754,58.17699002755409,61.28392119622784,56.53172380576214,3,0,77,63
58.50743505399684,57.456224426895375,58.545129079851264,58.959999842064754,58.17699002755409,61.28392119622784,3,0,78,62
57.76227647605959,58.50743505399684,57.456224426895375,58.545129079851264,58.959999842064754,58.17699002755409,3,0,79,61
54.64558354724078,57.76227647605959,58.50743505399684,57.456224426895375,58.545129079851264,58.959999842064754,3,0,80,60
54.57267137975766,54.64558354724078,57.76227647605959,58.50743505399684,57.456224426895375,58.545129079851264,3,0,81,59
54.045449439086156,54.57267137975766,54.64558354724078,57.76227647605959,58.50743505399684,57.456224426895375,3,0,82,58
53.1988106251441,54.045449439086156,54.57267137975766,54.64558354724078,57.76227647605959,58.50743505399684,3,0,83,57
59.07448049780867,53.1988106251441,54.045449439086156,54.57267137975766,54.64558354724078,57.76227647605959,3,0,84,56
56.0289212843162,59.07448049780867,53.1988106251441,54.045449439086156,54.57267137975766,54.64558354724078,3,0,85,55
48.333266985021936,56.0289212843162,59.07448049780867,53.1988106251441,54.045449439086156,54.57267137975766,3,0,86,54
47.50401494597337,48.333266985021936,56.0289212843162,59.07448049780867,53.1988106251441,54.045449439086156,3,0,87,53
45.988312023245925,47.50401494597337,48.333266985021936,56.0289212843162,59.07448049780867,53.1988106251441,3,0,88,52
41.98746984402056,45.988312023245925,47.50401494597337,48.333266985021936,56.0289212843162,59.07448049780867,3,0,89,51
42.54628740609314,41.98746984402056,45.988312023245925,47.50401494597337,48.333266985021936,56.0289212843162,3,0,90,50
45.37110581346314,42.54628740609314,41.98746984402056,45.988312023245925,47.50401494597337,48.333266985021936,3,0,91,49
46.74292880846511,45.37110581346314,42.54628740609314,41.98746984402056,45.988312023245925,47.50401494597337,3,0,92,48
46.05662345854832,46.74292880846511,45.37110581346314,42.54628740609314,41.98746984402056,45.988312023245925,3,0,93,47
48.201674974666574,46.05662345854832,46.74292880846511,45.37110581346314,42.54628740609314,41.98746984402056,3,0,94,46
46.409648481520215,48.201674974666574,46.05662345854832,46.74292880846511,45.37110581346314,42.54628740609314,3,0,95,45
46.96779768084005,46.409648481520215,48.201674974666574,46.05662345854832,46.74292880846511,45.37110581346314,3,0,96,44
51.510894521131554,46.96779768084005,46.409648481520215,48.201674974666574,46.05662345854832,46.74292880846511,3,0,97,43
50.55781548732909,51.510894521131554,46.96779768084005,46.409648481520215,48.201674974666574,46.05662345854832,3,0,98,42
46.100149561532994,50.55781548732909,51.510894521131554,46.96779768084005,46.409648481520215,48.201674974666574,3,0,99,41
54.484570382275145,46.100149561532994,50.55781548732909,51.510894521131554,46.96779768084005,46.409648481520215,3,0,100,40
51.95624652740071,54.484570382275145,46.100149561532994,50.55781548732909,51.510894521131554,46.96779768084005,3,0,101,39
46.36849574979479,51.95624652740071,54.484570382275145,46.100149561532994,50.55781548732909,51.510894521131554,3,0,102,38
53.3731585574703,46.36849574979479,51.95624652740071,54.484570382275145,46.100149561532994,50.55781548732909,3,0,103,37
56.48559869045343,53.3731585574703,46.36849574979479,51.95624652740071,54.484570382275145,46.100149561532994,3,0,104,36
48.19765539146219,56.48559869045343,53.3731585574703,46.36849574979479,51.95624652740071,54.484570382275145,3,0,105,35
50.41563571251624,48.19765539146219,56.48559869045343,53.3731585574703,46.36849574979479,51.95624652740071,3,0,106,34
53.65008532074096,50.41563571251624,48.19765539146219,56.48559869045343,53.3731585574703,46.36849574979479,3,0,107,33
46.69496910224557,53.65008532074096,50.41563571251624,48.19765539146219,56.48559869045343,53.3731585574703,3,0,108,32
47.65019907158983,46.69496910224557,53.65008532074096,50.41563571251624,48.19765539146219,56.48559869045343,3,0,109,31
52.360799406322705,47.65019907158983,46.69496910224557,53.65008532074096,50.41563571251624,48.19765539146219,3,0,110,30
47.18483149888067,52.360799406322705,47.65019907158983,46.69496910224557,53.65008532074096,50.41563571251624,3,0,111,29
47.70767003923076,47.18483149888067,52.360799406322705,47.65019907158983,46.69496910224557,53.65008532074096,3,0,112,28
49.80691980685406,47.70767003923076,47.18483149888067,52.360799406322705,47.65019907158983,46.69496910224557,3,0,113,27
41.28715640123787,49.80691980685406,47.70767003923076,47.18483149888067,52.360799406322705,47.65019907158983,3,0,114,26
40.92554568275627,41.28715640123787,49.80691980685406,47.70767003923076,47.18483149888067,52.360799406322705,3,0,115,25
48.16420256450405,40.92554568275627,41.28715640123787,49.80691980685406,47.70767003923076,47.18483149888067,3,0,116,24
45.05823479427515,48.16420256450405,40.92554568275627,41.28715640123787,49.80691980685406,47.70767003923076,3,0,117,23
41.06574544384182,45.05823479427515,48.16420256450405,40.92554568275627,41.28715640123787,49.80691980685406,3,0,118,22
43.407811207667606,41.06574544384182,45.05823479427515,48.16420256450405,40.92554568275627,41.28715640123787,3,0,119,21
43.802705390865334,43.407811207667606,41.06574544384182,45.05823479427515,48.16420256450405,40.92554568275627,3,0,120,20
40.63469640472853,43.802705390865334,43.407811207667606,41.06574544384182,45.05823479427515,48.16420256450405,3,0,121,19
46.23783523011635,40.63469640472853,43.802705390865334,43.407811207667606,41.06574544384182,45.05823479427515,3,0,122,18
46.48526884444306,46.23783523011635,40.63469640472853,43.802705390865334,43.407811207667606,41.06574544384182,3,0,123,17
42.20248107405279,46.48526884444306,46.23783523011635,40.63469640472853,43.802705390865334,43.407811207667606,3,0,124,16
43.16488347666765,42.20248107405279,46.48526884444306,46.23783523011635,40.63469640472853,43.802705390865334,3,0,125,15
45.49238594743811,43.16488347666765,42.20248107405279,46.48526884444306,46.23783523011635,40.63469640472853,3,0,126,14
39.80231431240818,45.49238594743811,43.16488347666765,42.20248107405279,46.48526884444306,46.23783523011635,3,0,127,13
36.94162782121446,39.80231431240818,45.49238594743811,43.16488347666765,42.20248107405279,46.48526884444306,3,0,128,12
41.10075717404468,36.94162782121446,39.80231431240818,45.49238594743811,43.16488347666765,42.20248107405279,3,0,129,11
35.58716932442229,41.10075717404468,36.94162782121446,39.80231431240818,45.49238594743811,43.16488347666765,3,0,130,10
32.72349601913949,35.58716932442229,41.10075717404468,36.94162782121446,39.80231431240818,45.49238594743811,3,0,131,9
35.822431939764265,32.72349601913949,35.58716932442229,41.10075717404468,36.94162782121446,39.80231431240818,3,0,132,8
30.622976653245242,35.822431939764265,32.72349601913949,35.58716932442229,41.10075717404468,36.94162782121446,3,0,133,7
29.63124715152611,30.622976653245242,35.822431939764265,32.72349601913949,35.58716932442229,41.10075717404468,3,0,134,6
32.268941776121785,29.63124715152611,30.622976653245242,35.822431939764265,32.72349601913949,35.58716932442229,3,1,135,5
33.20310002472999,32.268941776121785,29.63124715152611,30.622976653245242,35.822431939764265,32.72349601913949,3,1,136,4
32.88686601329019,33.20310002472999,32.268941776121785,29.63124715152611,30.622976653245242,35.822431939764265,3,1,137,3
36.5224267092554,32.88686601329019,33.20310002472999,32.268941776121785,29.63124715152611,30.622976653245242,3,1,138,2
37.78054604046914,36.5224267092554,32.88686601329019,33.20310002472999,32.268941776121785,29.63124715152611,3,1,139,1
40.275896580562204,37.78054604046914,36.5224267092554,32.88686601329019,33.20310002472999,32.268941776121785,4,1,0,0
43.806607281549525,40.275896580562204,37.78054604046914,36.5224267092554,32.88686601329019,33.20310002472999,4,1,1,320
43.13545814376081,43.806607281549525,40.275896580562204,37.78054604046914,36.5224267092554,32.88686601329019,4,1,2,319
43.453837693180446,43.13545814376081,43.806607281549525,40.275896580562204,37.78054604046914,36.5224267092554,4,1,3,318
45.06856988620184,43.453837693180446,43.13545814376081,43.806607281549525,40.275896580562204,37.78054604046914,4,1,4,317
47.24659898564548,45.06856988620184,43.453837693180446,43.13545814376081,43.806607281549525,40.275896580562204,4,0,5,316
51.157389773460906,47.24659898564548,45.06856988620184,43.453837693180446,43.13545814376081,43.806607281549525,4,0,6,315
50.122606519887626,51.157389773460906,47.24659898564548,45.06856988620184,43.453837693180446,43.13545814376081,4,0,7,314
53.509367720158295,50.122606519887626,51.157389773460906,47.24659898564548,45.06856988620184,43.453837693180446,4,0,8,313
58.565737333374,53.509367720158295,50.122606519887626,51.157389773460906,47.24659898564548,45.06856988620184,4,0,9,312
59.594306060427236,58.565737333374,53.509367720158295,50.122606519887626,51.157389773460906,47.24659898564548,4,0,10,311
56.627919883499196,59.594306060427236,58.565737333374,53.509367720158295,50.122606519887626,51.157389773460906,4,0,11,310
60.41726481198204,56.627919883499196,59.594306060427236,58.565737333374,53.509367720158295,50.122606519887626,4,0,12,309
65.28835984448489,60.41726481198204,56.627919883499196,59.594306060427236,58.565737333374,53.509367720158295,4,0,13,308
62.10490353389117,65.28835984448489,60.41726481198204,56.627919883499196,59.594306060427236,58.565737333374,4,0,14,307
68.13505377037316,62.10490353389117,65.28835984448489,60.41726481198204,56.627919883499196,59.594306060427236,4,0,15,306
70.17746055206929,68.13505377037316,62.10490353389117,65.28835984448489,60.41726481198204,56.627919883499196,4,0,16,305
66.30011949920807,70.17746055206929,68.13505377037316,62.10490353389117,65.28835984448489,60.41726481198204,4,0,17,304
69.29040911023782,66.30011949920807,70.17746055206929,68.13505377037316,62.10490353389117,65.28835984448489,4,0,18,303
69.5182088302835,69.29040911023782,66.30011949920807,70.17746055206929,68.13505377037316,62.10490353389117,4,0,19,302
62.38350268551463,69.5182088302835,69.29040911023782,66.30011949920807,70.17746055206929,68.13505377037316,4,0,20,301
66.20386828323332,62.38350268551463,69.5182088302835,69.29040911023782,66.30011949920807,70.17746055206929,4,0,21,300
61.197170534197426,66.20386828323332,62.38350268551463,69.5182088302835,69.29040911023782,66.30011949920807,4,0,22,299
62.94993126268443,61.197170534197426,66.20386828323332,62.38350268551463,69.5182088302835,69.29040911023782,4,0,23,298
54.01345226094257,62.94993126268443,61.197170534197426,66.20386828323332,62.38350268551463,69.5182088302835,4,0,24,297
54.28210226590646,54.01345226094257,62.94993126268443,61.197170534197426,66.20386828323332,62.38350268551463,4,0,25,296
51.342419925269404,54.28210226590646,54.01345226094257,62.94993126268443,61.197170534197426,66.20386828323332,4,0,26,295
50.64004975766946,51.342419925269404,54.28210226590646,54.01345226094257,62.94993126268443,61.197170534197426,4,0,27,294
51.220704544382066,50.64004975766946,51.342419925269404,54.28210226590646,54.01345226094257,62.94993126268443,4,0,28,293
55.54386752915305,51.220704544382066,50.64004975766946,51.342419925269404,54.28210226590646,54.01345226094257,4,0,29,292
51.778525275850924,55.54386752915305,51.220704544382066,50.64004975766946,51.342419925269404,54.28210226590646,4,0,30,291
55.32012439768069,51.778525275850924,55.54386752915305,51.220704544382066,50.64004975766946,51.342419925269404,4,0,31,290
48.73072433325708,55.32012439768069,51.778525275850924,55.54386752915305,51.220704544382066,50.64004975766946,4,0,32,289
52.574337055563504,48.73072433325708,55.32012439768069,51.778525275850924,55.54386752915305,51.220704544382066,4,0,33,288
44.481475855279285,52.574337055563504,48.73072433325708,55.32012439768069,51.778525275850924,55.54386752915305,4,0,34,287
47.91063502194407,44.481475855279285,52.574337055563504,48.73072433325708,55.32012439768069,51.778525275850924,4,0,35,286
46.25602163069119,47.91063502194407,44.481475855279285,52.574337055563504,48.73072433325708,55.32012439768069,4,0,36,285
45.77316649029494,46.25602163069119,47.91063502194407,44.481475855279285,52.574337055563504,48.73072433325708,4,0,37,284
36.64082360585525,45.77316649029494,46.25602163069119,47.91063502194407,44.481475855279285,52.574337055563504,4,0,38,283
43.72755256941922,36.64082360585525,45.77316649029494,46.25602163069119,47.91063502194407,44.481475855279285,4,0,39,282
37.26417796319459,43.72755256941922,36.64082360585525,45.77316649029494,46.25602163069119,47.91063502194407,4,0,40,281
39.25259279875776,37.26417796319459,43.72755256941922,36.64082360585525,45.77316649029494,46.25602163069119,4,0,41,280
33.853510264492215,39.25259279875776,37.26417796319459,43.72755256941922,36.64082360585525,45.77316649029494,4,0,42,279
39.576229791308045,33.853510264492215,39.25259279875776,37.26417796319459,43.72755256941922,36.64082360585525,4,0,43,278
36.357111146686044,39.576229791308045,33.853510264492215,39.25259279875776,37.26417796319459,43.72755256941922,4,0,44,277
39.63916660143845,36.357111146686044,39.576229791308045,33.853510264492215,39.25259279875776,37.26417796319459,4,0,45,276
31.85022742966575,39.63916660143845,36.357111146686044,39.576229791308045,33.853510264492215,39.25259279875776,4,0,46,275
30.55965701708129,31.85022742966575,39.63916660143845,36.357111146686044,39.576229791308045,33.853510264492215,4,0,47,274
26.834212018604347,30.55965701708129,31.85022742966575,39.63916660143845,36.357111146686044,39.576229791308045,4,0,48,273
24.584723321080926,26.834212018604347,30.55965701708129,31.85022742966575,39.63916660143845,36.357111146686044,4,0,49,272
19.530998973661223,24.584723321080926,26.834212018604347,30.55965701708129,31.85022742966575,39.63916660143845,4,0,50,271
17.137650227436154,19.530998973661223,24.584723321080926,26.834212018604347,30.55965701708129,31.85022742966575,4,0,51,270
12.057460644166682,17.137650227436154,19.530998973661223,24.584723321080926,26.834212018604347,30.55965701708129,4,0,52,269
10.469862881889817,12.057460644166682,17.137650227436154,19.530998973661223,24.584723321080926,26.834212018604347,4,0,53,268
5.138683505014886,10.469862881889817,12.057460644166682,17.137650227436154,19.530998973661223,24.584723321080926,4,0,54,267
5.794300211380851,5.138683505014886,10.469862881889817,12.057460644166682,17.137650227436154,19.530998973661223,4,0,55,266
4.184725935828957,5.794300211380851,5.138683505014886,10.469862881889817,12.057460644166682,17.137650227436154,4,0,56,265
3.3285479161313276,4.184725935828957,5.794300211380851,5.138683505014886,10.469862881889817,12.057460644166682,4,0,57,264
2.3644516396066724,3.3285479161313276,4.184725935828957,5.794300211380851,5.138683505014886,10.469862881889817,4,0,58,263
4.7450923204925095,2.3644516396066724,3.3285479161313276,4.184725935828957,5.794300211380851,5.138683505014886,4,0,59,262
11.156847860955274,4.7450923204925095,2.3644516396066724,3.3285479161313276,4.184725935828957,5.794300211380851,4,0,60,261
12.044669522459586,11.156847860955274,4.7450923204925095,2.3644516396066724,3.3285479161313276,4.184725935828957,4,0,61,260
14.799816498523771,12.044669522459586,11.156847860955274,4.7450923204925095,2.3644516396066724,3.3285479161313276,4,0,62,259
20.48093434051473,14.799816498523771,12.044669522459586,11.156847860955274,4.7450923204925095,2.3644516396066724,4,0,63,258
21.097835731012893,20.48093434051473,14.799816498523771,12.044669522459586,11.156847860955274,4.7450923204925095,4,0,64,257
18.68524877143449,21.097835731012893,20.48093434051473,14.799816498523771,12.044669522459586,11.156847860955274,4,0,65,256
18.890066131995994,18.68524877143449,21.097835731012893,20.48093434051473,14.799816498523771,12.044669522459586,4,0,66,255
18.65893002198141,18.890066131995994,18.68524877143449,21.097835731012893,20.48093434051473,14.799816498523771,4,0,67,254
20.218813104439317,18.65893002198141,18.890066131995994,18.68524877143449,21.097835731012893,20.48093434051473,4,0,68,253
13.118767889942808,20.218813104439317,18.65893002198141,18.890066131995994,18.68524877143449,21.097835731012893,4,0,69,252
9.216489836761944,13.118767889942808,20.218813104439317,18.65893002198141,18.890066131995994,18.68524877143449,4,0,70,251
10.822317376996292,9.216489836761944,13.118767889942808,20.218813104439317,18.65893002198141,18.890066131995994,4,0,71,250
9.10655441491732,10.822317376996292,9.216489836761944,13.118767889942808,20.218813104439317,18.65893002198141,4,0,72,249
4.75618749679575,9.10655441491732,10.822317376996292,9.216489836761944,13.118767889942808,20.218813104439317,4,0,73,248
4.676370455841688,4.75618749679575,9.10655441491732,10.822317376996292,9.216489836761944,13.118767889942808,4,0,74,247
0.12825956754302226,4.676370455841688,4.75618749679575,9.10655441491732,10.822317376996292,9.216489836761944,4,0,75,246
7.523724747013736,0.12825956754302226,4.676370455841688,4.75618749679575,9.10655441491732,10.822317376996292,4,0,76,245
8.060639947352515,7.523724747013736,0.12825956754302226,4.676370455841688,4.75618749679575,9.10655441491732,4,0,77,244
12.314254873765945,8.060639947352515,7.523724747013736,0.12825956754302226,4.676370455841688,4.75618749679575,4,0,78,243
15.39073756073571,12.314254873765945,8.060639947352515,7.523724747013736,0.12825956754302226,4.676370455841688,4,0,79,242
19.1612143210166,15.39073756073571,12.314254873765945,8.060639947352515,7.523724747013736,0.12825956754302226,4,0,80,241
19.70876734617129,19.1612143210166,15.39073756073571,12.314254873765945,8.060639947352515,7.523724747013736,4,0,81,240
18.64772978183308,19.70876734617129,19.1612143210166,15.39073756073571,12.314254873765945,8.060639947352515,4,0,82,239
17.578720071408664,18.64772978183308,19.70876734617129,19.1612143210166,15.39073756073571,12.314254873765945,4,0,83,238
12.400692703463935,17.578720071408664,18.64772978183308,19.70876734617129,19.1612143210166,15.39073756073571,4,0,84,237
10.790692020308468,12.400692703463935,17.578720071408664,18.64772978183308,19.70876734617129,19.1612143210166,4,0,85,236
1.5218875836217869,10.790692020308468,12.400692703463935,17.578720071408664,18.64772978183308,19.70876734617129,4,0,86,235
9.966949870524768,1.5218875836217869,10.790692020308468,12.400692703463935,17.578720071408664,18.64772978183308,4,0,87,234
1.1718991118033708,9.966949870524768,1.5218875836217869,10.790692020308468,12.400692703463935,17.578720071408664,4,0,88,233
4.787595924802265,1.1718991118033708,9.966949870524768,1.5218875836217869,10.790692020308468,12.400692703463935,4,0,89,232
-2.1135490812193503,4.787595924802265,1.1718991118033708,9.966949870524768,1.5218875836217869,10.790692020308468,4,0,90,231
11.733599467575411,-2.1135490812193503,4.787595924802265,1.1718991118033708,9.966949870524768,1.5218875836217869,4,0,91,230
4.22099362498445,11.733599467575411,-2.1135490812193503,4.787595924802265,1.1718991118033708,9.966949870524768,4,0,92,229
15.195629021147395,4.22099362498445,11.733599467575411,-2.1135490812193503,4.787595924802265,1.1718991118033708,4,0,93,228
12.244854200291435,15.195629021147395,4.22099362498445,11.733599467575411,-2.1135490812193503,4.787595924802265,4,0,94,227
24.328674297140513,12.244854200291435,15.195629021147395,4.22099362498445,11.733599467575411,-2.1135490812193503,4,0,95,226
24.133984650712335,24.328674297140513,12.244854200291435,15.195629021147395,4.22099362498445,11.733599467575411,4,0,96,225
34.71335839711669,24.133984650712335,24.328674297140513,12.244854200291435,15.195629021147395,4.22099362498445,4,0,97,224
35.9023401002019,34.71335839711669,24.133984650712335,24.328674297140513,12.244854200291435,15.195629021147395,4,0,98,223
46.0953569060492,35.9023401002019,34.71335839711669,24.133984650712335,24.328674297140513,12.244854200291435,4,0,99,222
51.079621834352594,46.0953569060492,35.9023401002019,34.71335839711669,24.133984650712335,24.328674297140513,4,0,100,221
53.69547495425091,51.079621834352594,46.0953569060492,35.9023401002019,34.71335839711669,24.133984650712335,4,0,101,220
57.76092339594666,53.69547495425091,51.079621834352594,46.0953569060492,35.9023401002019,34.71335839711669,4,0,102,219
57.200141341443334,57.76092339594666,53.69547495425091,51.079621834352594,46.0953569060492,35.9023401002019,4,0,103,218
68.1464087244408,57.200141341443334,57.76092339594666,53.69547495425091,51.079621834352594,46.0953569060492,4,0,104,217
62.21782601203098,68.1464087244408,57.200141341443334,57.76092339594666,53.69547495425091,51.079621834352594,4,0,105,216
63.824271852529336,62.21782601203098,68.1464087244408,57.200141341443334,57.76092339594666,53.69547495425091,4,0,106,215
55.87749275046442,63.824271852529336,62.21782601203098,68.1464087244408,57.200141341443334,57.76092339594666,4,0,107,214
62.42835486093562,55.87749275046442,63.824271852529336,62.21782601203098,68.1464087244408,57.200141341443334,4,0,108,213
50.98436750170917,62.42835486093562,55.87749275046442,63.824271852529336,62.21782601203098,68.1464087244408,4,0,109,212
59.504898705807534,50.98436750170917,62.42835486093562,55.87749275046442,63.824271852529336,62.21782601203098,4,0,110,211
46.75230898807574,59.504898705807534,50.98436750170917,62.42835486093562,55.87749275046442,63.824271852529336,4,0,111,210
47.781475311164364,46.75230898807574,59.504898705807534,50.98436750170917,62.42835486093562,55.87749275046442,4,0,112,209
34.707137933380324,47.781475311164364,46.75230898807574,59.504898705807534,50.98436750170917,62.42835486093562,4,0,113,208
38.6481944667462,34.707137933380324,47.781475311164364,46.75230898807574,59.504898705807534,50.98436750170917,4,0,114,207
26.71418309857114,38.6481944667462,34.707137933380324,47.781475311164364,46.75230898807574,59.504898705807534,4,0,115,206
29.704302432673188,26.71418309857114,38.6481944667462,34.707137933380324,47.781475311164364,46.75230898807574,4,0,116,205
23.29650735592051,29.704302432673188,26.71418309857114,38.6481944667462,34.707137933380324,47.781475311164364,4,0,117,204
27.522950991933122,23.29650735592051,29.704302432673188,26.71418309857114,38.6481944667462,34.707137933380324,4,0,118,203
23.24643828474412,27.522950991933122,23.29650735592051,29.704302432673188,26.71418309857114,38.6481944667462,4,0,119,202
27.87464687148761,23.24643828474412,27.522950991933122,23.29650735592051,29.704302432673188,26.71418309857114,4,0,120,201
23.245101165547894,27.87464687148761,23.24643828474412,27.522950991933122,23.29650735592051,29.704302432673188,4,0,121,200
30.891297738979056,23.245101165547894,27.87464687148761,23.24643828474412,27.522950991933122,23.29650735592051,4,0,122,199
33.8813586880209,30.891297738979056,23.245101165547894,27.87464687148761,23.24643828474412,27.522950991933122,4,0,123,198
37.54574891961797,33.8813586880209,30.891297738979056,23.245101165547894,27.87464687148761,23.24643828474412,4,0,124,197
44.39368621090547,37.54574891961797,33.8813586880209,30.891297738979056,23.245101165547894,27.87464687148761,4,0,125,196
47.957107401255975,44.39368621090547,37.54574891961797,33.8813586880209,30.891297738979056,23.245101165547894,4,0,126,195
56.27730063930549,47.957107401255975,44.39368621090547,37.54574891961797,33.8813586880209,30.891297738979056,4,0,127,194
52.36691278738843,56.27730063930549,47.957107401255975,44.39368621090547,37.54574891961797,33.8813586880209,4,0,128,193
64.89246137380498,52.36691278738843,56.27730063930549,47.957107401255975,44.39368621090547,37.54574891961797,4,0,129,192
62.391092262610215,64.89246137380498,52.36691278738843,56.27730063930549,47.957107401255975,44.39368621090547,4,0,130,191
75.14416278006277,62.391092262610215,64.89246137380498,52.36691278738843,56.27730063930549,47.957107401255975,4,0,131,190
70.47100386323646,75.14416278006277,62.391092262610215,64.89246137380498,52.36691278738843,56.27730063930549,4,0,132,189
82.24185380935336,70.47100386323646,75.14416278006277,62.391092262610215,64.89246137380498,52.36691278738843,4,0,133,188
74.78653990408884,82.24185380935336,70.47100386323646,75.14416278006277,62.391092262610215,64.89246137380498,4,0,134,187
85.41746632398424,74.78653990408884,82.24185380935336,70.47100386323646,75.14416278006277,62.391092262610215,4,0,135,186
70.38049053440835,85.41746632398424,74.78653990408884,82.24185380935336,70.47100386323646,75.14416278006277,4,0,136,185
83.97901481645907,70.38049053440835,85.41746632398424,74.78653990408884,82.24185380935336,70.47100386323646,4,0,137,184
68.42474592882427,83.97901481645907,70.38049053440835,85.41746632398424,74.78653990408884,82.24185380935336,4,0,138,183
80.23622286041892,68.42474592882427,83.97901481645907,70.38049053440835,85.41746632398424,74.78653990408884,4,0,139,182
72.12958379014833,80.23622286041892,68.42474592882427,83.97901481645907,70.38049053440835,85.41746632398424,4,0,140,181
82.57279164990575,72.12958379014833,80.23622286041892,68.42474592882427,83.97901481645907,70.38049053440835,4,0,141,180
69.79309564735709,82.57279164990575,72.12958379014833,80.23622286041892,68.42474592882427,83.97901481645907,4,0,142,179
86.0384012796265,69.79309564735709,82.57279164990575,72.12958379014833,80.23622286041892,68.42474592882427,4,0,143,178
79.58333018785041,86.0384012796265,69.79309564735709,82.57279164990575,72.12958379014833,80.23622286041892,4,0,144,177
86.82201133633231,79.58333018785041,86.0384012796265,69.79309564735709,82.57279164990575,72.12958379014833,4,0,145,176
81.8172237838292,86.82201133633231,79.58333018785041,86.0384012796265,69.79309564735709,82.57279164990575,4,0,146,175
88.38590963074363,81.8172237838292,86.82201133633231,79.58333018785041,86.0384012796265,69.79309564735709,4,0,147,174
87.57505497390882,88.38590963074363,81.8172237838292,86.82201133633231,79.58333018785041,86.0384012796265,4,0,148,173
91.24700637511754,87.57505497390882,88.38590963074363,81.8172237838292,86.82201133633231,79.58333018785041,4,0,149,172
91.82337106119456,91.24700637511754,87.57505497390882,88.38590963074363,81.8172237838292,86.82201133633231,4,0,150,171
92.52775665625595,91.82337106119456,91.24700637511754,87.57505497390882,88.38590963074363,81.8172237838292,4,0,151,170
91.65375372584171,92.52775665625595,91.82337106119456,91.24700637511754,87.57505497390882,88.38590963074363,4,0,152,169
85.09730906488511,91.65375372584171,92.52775665625595,91.82337106119456,91.24700637511754,87.57505497390882,4,0,153,168
81.4440115993593,85.09730906488511,91.65375372584171,92.52775665625595,91.82337106119456,91.24700637511754,4,0,154,167
73.92263085070508,81.4440115993593,85.09730906488511,91.65375372584171,92.52775665625595,91.82337106119456,4,0,155,166
72.16869753126555,73.92263085070508,81.4440115993593,85.09730906488511,91.65375372584171,92.52775665625595,4,0,156,165
66.99948223731234,72.16869753126555,73.92263085070508,81.4440115993593,85.09730906488511,91.65375372584171,4,0,157,164
67.45456600689366,66.99948223731234,72.16869753126555,73.92263085070508,81.4440115993593,85.09730906488511,4,0,158,163
59.94598087185281,67.45456600689366,66.99948223731234,72.16869753126555,73.92263085070508,81.4440115993593,4,0,159,162
58.375987683676605,59.94598087185281,67.45456600689366,66.99948223731234,72.16869753126555,73.92263085070508,4,0,160,161
58.21413184291356,58.375987683676605,59.94598087185281,67.45456600689366,66.99948223731234,72.16869753126555,4,0,161,160
56.24279698023598,58.21413184291356,58.375987683676605,59.94598087185281,67.45456600689366,66.99948223731234,4,0,162,159
56.129712633247394,56.24279698023598,58.21413184291356,58.375987683676605,59.94598087185281,67.45456600689366,4,0,163,158
55.74629362117808,56.129712633247394,56.24279698023598,58.21413184291356,58.375987683676605,59.94598087185281,4,0,164,157
61.843424663253174,55.74629362117808,56.129712633247394,56.24279698023598,58.21413184291356,58.375987683676605,4,0,165,156
53.74078476812234,61.843424663253174,55.74629362117808,56.129712633247394,56.24279698023598,58.21413184291356,4,0,166,155
63.9452190340003,53.74078476812234,61.843424663253174,55.74629362117808,56.129712633247394,56.24279698023598,4,0,167,154
54.704484439950015,63.9452190340003,53.74078476812234,61.843424663253174,55.74629362117808,56.129712633247394,4,0,168,153
64.87503538659928,54.704484439950015,63.9452190340003,53.74078476812234,61.843424663253174,55.74629362117808,4,0,169,152
52.345307876716134,64.87503538659928,54.704484439950015,63.9452190340003,53.74078476812234,61.843424663253174,4,0,170,151
59.99233261275478,52.345307876716134,64.87503538659928,54.704484439950015,63.9452190340003,53.74078476812234,4,0,171,150
55.12659160713055,59.99233261275478,52.345307876716134,64.87503538659928,54.704484439950015,63.9452190340003,4,0,172,149
57.32009175936852,55.12659160713055,59.99233261275478,52.345307876716134,64.87503538659928,54.704484439950015,4,0,173,148
52.12074693480179,57.32009175936852,55.12659160713055,59.99233261275478,52.345307876716134,64.87503538659928,4,0,174,147
54.83503091240138,52.12074693480179,57.32009175936852,55.12659160713055,59.99233261275478,52.345307876716134,4,0,175,146
51.02319920160619,54.83503091240138,52.12074693480179,57.32009175936852,55.12659160713055,59.99233261275478,4,0,176,145
57.81109011375024,51.02319920160619,54.83503091240138,52.12074693480179,57.32009175936852,55.12659160713055,4,0,177,144
45.49404497788522,57.81109011375024,51.02319920160619,54.83503091240138,52.12074693480179,57.32009175936852,4,0,178,143
49.00669319917424,45.49404497788522,57.81109011375024,51.02319920160619,54.83503091240138,52.12074693480179,4,0,179,142
39.45252237918656,49.00669319917424,45.49404497788522,57.81109011375024,51.02319920160619,54.83503091240138,4,0,180,141
45.37041799794286,39.45252237918656,49.00669319917424,45.49404497788522,57.81109011375024,51.02319920160619,4,0,181,140
28.949010239477737,45.37041799794286,39.45252237918656,49.00669319917424,45.49404497788522,57.81109011375024,4,0,182,139
35.330435309094156,28.949010239477737,45.37041799794286,39.45252237918656,49.00669319917424,45.49404497788522,4,0,183,138
23.279076521126594,35.330435309094156,28.949010239477737,45.37041799794286,39.45252237918656,49.00669319917424,4,0,184,137
32.68585104183702,23.279076521126594,35.330435309094156,28.949010239477737,45.37041799794286,39.45252237918656,4,0,185,136
17.302123632322132,32.68585104183702,23.279076521126594,35.330435309094156,28.949010239477737,45.37041799794286,4,0,186,135
25.819448077306596,17.302123632322132,32.68585104183702,23.279076521126594,35.330435309094156,28.949010239477737,4,0,187,134
14.89737881039748,25.819448077306596,17.302123632322132,32.68585104183702,23.279076521126594,35.330435309094156,4,0,188,133
24.120745357067708,14.89737881039748,25.819448077306596,17.302123632322132,32.68585104183702,23.279076521126594,4,0,189,132
11.838176852515183,24.120745357067708,14.89737881039748,25.819448077306596,17.302123632322132,32.68585104183702,4,0,190,131
18.810769318418245,11.838176852515183,24.120745357067708,14.89737881039748,25.819448077306596,17.302123632322132,4,0,191,130
10.460646852319039,18.810769318418245,11.838176852515183,24.120745357067708,14.89737881039748,25.819448077306596,4,0,192,129
16.856538836327573,10.460646852319039,18.810769318418245,11.838176852515183,24.120745357067708,14.89737881039748,4,0,193,128
10.718398456631135,16.856538836327573,10.460646852319039,18.810769318418245,11.838176852515183,24.120745357067708,4,0,194,127
18.682453662025747,10.718398456631135,16.856538836327573,10.460646852319039,18.810769318418245,11.838176852515183,4,0,195,126
19.25755894735328,18.682453662025747,10.718398456631135,16.856538836327573,10.460646852319039,18.810769318418245,4,0,196,125
20.439325119794617,19.25755894735328,18.682453662025747,10.718398456631135,16.856538836327573,10.460646852319039,4,0,197,124
25.13783350293957,20.439325119794617,19.25755894735328,18.682453662025747,10.718398456631135,16.856538836327573,4,0,198,123
24.8068837341818,25.13783350293957,20.439325119794617,19.25755894735328,18.682453662025747,10.718398456631135,4,0,199,122
27.156960029916956,24.8068837341818,25.13783350293957,20.439325119794617,19.25755894735328,18.682453662025747,4,0,200,121
19.118085389387602,27.156960029916956,24.8068837341818,25.13783350293957,20.439325119794617,19.25755894735328,4,0,201,120
23.545019529841255,19.118085389387602,27.156960029916956,24.8068837341818,25.13783350293957,20.439325119794617,4,0,202,119
12.202968984745626,23.545019529841255,19.118085389387602,27.156960029916956,24.8068837341818,25.13783350293957,4,0,203,118
15.294329288701555,12.202968984745626,23.545019529841255,19.118085389387602,27.156960029916956,24.8068837341818,4,0,204,117
8.23569661247793,15.294329288701555,12.202968984745626,23.545019529841255,19.118085389387602,27.156960029916956,4,0,205,116
13.915020059091846,8.23569661247793,15.294329288701555,12.202968984745626,23.545019529841255,19.118085389387602,4,0,206,115
9.170478395336547,13.915020059091846,8.23569661247793,15.294329288701555,12.202968984745626,23.545019529841255,4,0,207,114
11.0364140940838,9.170478395336547,13.915020059091846,8.23569661247793,15.294329288701555,12.202968984745626,4,0,208,113
17.269385561042945,11.0364140940838,9.170478395336547,13.915020059091846,8.23569661247793,15.294329288701555,4,0,209,112
20.27644851492152,17.269385561042945,11.0364140940838,9.170478395336547,13.915020059091846,8.23569661247793,4,0,210,111
27.69981296270541,20.27644851492152,17.269385561042945,11.0364140940838,9.170478395336547,13.915020059091846,4,0,211,110
26.941613200551835,27.69981296270541,20.27644851492152,17.269385561042945,11.0364140940838,9.170478395336547,4,0,212,109
35.67896362692047,26.941613200551835,27.69981296270541,20.27644851492152,17.269385561042945,11.0364140940838,4,0,213,108
32.789555489475234,35.67896362692047,26.941613200551835,27.69981296270541,20.27644851492152,17.269385561042945,4,0,214,107
33.51848967906823,32.789555489475234,35.67896362692047,26.941613200551835,27.69981296270541,20.27644851492152,4,0,215,106
32.19902896738684,33.51848967906823,32.789555489475234,35.67896362692047,26.941613200551835,27.69981296270541,4,0,216,105
37.88996481221656,32.19902896738684,33.51848967906823,32.789555489475234,35.67896362692047,26.941613200551835,4,0,217,104
38.04508449763773,37.88996481221656,32.19902896738684,33.51848967906823,32.789555489475234,35.67896362692047,4,0,218,103
32.529249623777304,38.04508449763773,37.88996481221656,32.19902896738684,33.51848967906823,32.789555489475234,4,0,219,102
36.36790456332503,32.529249623777304,38.04508449763773,37.88996481221656,32.19902896738684,33.51848967906823,4,0,220,101
38.88735641683704,36.36790456332503,32.529249623777304,38.04508449763773,37.88996481221656,32.19902896738684,4,0,221,100
