t,t-1,t-2,t-3,t-4,t-5,concept,transition,steps_since_bkp,steps_to_bkp
0.5704770638849956,0.8138329337517278,1.3718203668275009,-0.26980569777833663,-1.320561085771273,0.30351012941498334,1,0,100,208
2.2369043534911173,0.5704770638849956,0.8138329337517278,1.3718203668275009,-0.26980569777833663,-1.320561085771273,1,0,101,207
1.0167633155896925,2.2369043534911173,0.5704770638849956,0.8138329337517278,1.3718203668275009,-0.26980569777833663,1,0,102,206
0.27592799323691386,1.0167633155896925,2.2369043534911173,0.5704770638849956,0.8138329337517278,1.3718203668275009,1,0,103,205
2.1896334603221113,0.27592799323691386,1.0167633155896925,2.2369043534911173,0.5704770638849956,0.8138329337517278,1,0,104,204
2.337780300455683,2.1896334603221113,0.27592799323691386,1.0167633155896925,2.2369043534911173,0.5704770638849956,1,0,105,203
0.9084858591324336,2.337780300455683,2.1896334603221113,0.27592799323691386,1.0167633155896925,2.2369043534911173,1,0,106,202
1.6376913796300117,0.9084858591324336,2.337780300455683,2.1896334603221113,0.27592799323691386,1.0167633155896925,1,0,107,201
2.483009774867729,1.6376913796300117,0.9084858591324336,2.337780300455683,2.1896334603221113,0.27592799323691386,1,0,108,200
0.7232035257247833,2.483009774867729,1.6376913796300117,0.9084858591324336,2.337780300455683,2.1896334603221113,1,0,109,199
-0.1212405825408599,0.7232035257247833,2.483009774867729,1.6376913796300117,0.9084858591324336,2.337780300455683,1,0,110,198
1.2981819651418363,-0.1212405825408599,0.7232035257247833,2.483009774867729,1.6376913796300117,0.9084858591324336,1,0,111,197
0.6366887416540737,1.2981819651418363,-0.1212405825408599,0.7232035257247833,2.483009774867729,1.6376913796300117,1,0,112,196
-0.41305208509833,0.6366887416540737,1.2981819651418363,-0.1212405825408599,0.7232035257247833,2.483009774867729,1,0,113,195
0.3443775015599491,-0.41305208509833,0.6366887416540737,1.2981819651418363,-0.1212405825408599,0.7232035257247833,1,0,114,194
0.09908586502085098,0.3443775015599491,-0.41305208509833,0.6366887416540737,1.2981819651418363,-0.1212405825408599,1,0,115,193
-0.8217472506491136,0.09908586502085098,0.3443775015599491,-0.41305208509833,0.6366887416540737,1.2981819651418363,1,0,116,192
-0.12018256111810727,-0.8217472506491136,0.09908586502085098,0.3443775015599491,-0.41305208509833,0.6366887416540737,1,0,117,191
0.6338031652697301,-0.12018256111810727,-0.8217472506491136,0.09908586502085098,0.3443775015599491,-0.41305208509833,1,0,118,190
1.0351510033698985,0.6338031652697301,-0.12018256111810727,-0.8217472506491136,0.09908586502085098,0.3443775015599491,1,0,119,189
1.2751116306267756,1.0351510033698985,0.6338031652697301,-0.12018256111810727,-0.8217472506491136,0.09908586502085098,1,0,120,188
2.003868697227567,1.2751116306267756,1.0351510033698985,0.6338031652697301,-0.12018256111810727,-0.8217472506491136,1,0,121,187
0.8267919198711204,2.003868697227567,1.2751116306267756,1.0351510033698985,0.6338031652697301,-0.12018256111810727,1,0,122,186
0.7539738207792951,0.8267919198711204,2.003868697227567,1.2751116306267756,1.0351510033698985,0.6338031652697301,1,0,123,185
1.7362673444384993,0.7539738207792951,0.8267919198711204,2.003868697227567,1.2751116306267756,1.0351510033698985,1,0,124,184
1.0646190371577464,1.7362673444384993,0.7539738207792951,0.8267919198711204,2.003868697227567,1.2751116306267756,1,0,125,183
0.4336230063550913,1.0646190371577464,1.7362673444384993,0.7539738207792951,0.8267919198711204,2.003868697227567,1,0,126,182
1.6255815295515137,0.4336230063550913,1.0646190371577464,1.7362673444384993,0.7539738207792951,0.8267919198711204,1,0,127,181
1.3392770792968147,1.6255815295515137,0.4336230063550913,1.0646190371577464,1.7362673444384993,0.7539738207792951,1,0,128,180
0.4852338161971349,1.3392770792968147,1.6255815295515137,0.4336230063550913,1.0646190371577464,1.7362673444384993,1,0,129,179
1.1536234707541233,0.4852338161971349,1.3392770792968147,1.6255815295515137,0.4336230063550913,1.0646190371577464,1,0,130,178
1.6142771373302502,1.1536234707541233,0.4852338161971349,1.3392770792968147,1.6255815295515137,0.4336230063550913,1,0,131,177
0.3082130509625889,1.6142771373302502,1.1536234707541233,0.4852338161971349,1.3392770792968147,1.6255815295515137,1,0,132,176
1.1253577082489694,0.3082130509625889,1.6142771373302502,1.1536234707541233,0.4852338161971349,1.3392770792968147,1,0,133,175
2.673823482566431,1.1253577082489694,0.3082130509625889,1.6142771373302502,1.1536234707541233,0.4852338161971349,1,0,134,174
2.255621603803283,2.673823482566431,1.1253577082489694,0.3082130509625889,1.6142771373302502,1.1536234707541233,1,0,135,173
1.0487168091333112,2.255621603803283,2.673823482566431,1.1253577082489694,0.3082130509625889,1.6142771373302502,1,0,136,172
2.863952788212388,1.0487168091333112,2.255621603803283,2.673823482566431,1.1253577082489694,0.3082130509625889,1,0,137,171
2.942855995520146,2.863952788212388,1.0487168091333112,2.255621603803283,2.673823482566431,1.1253577082489694,1,0,138,170
1.033594613463214,2.942855995520146,2.863952788212388,1.0487168091333112,2.255621603803283,2.673823482566431,1,0,139,169
2.257175789778227,1.033594613463214,2.942855995520146,2.863952788212388,1.0487168091333112,2.255621603803283,1,0,140,168
2.9756573679881715,2.257175789778227,1.033594613463214,2.942855995520146,2.863952788212388,1.0487168091333112,1,0,141,167
0.7666883501337647,2.9756573679881715,2.257175789778227,1.033594613463214,2.942855995520146,2.863952788212388,1,0,142,166
0.36242115839676947,0.7666883501337647,2.9756573679881715,2.257175789778227,1.033594613463214,2.942855995520146,1,0,143,165
2.6317616121037513,0.36242115839676947,0.7666883501337647,2.9756573679881715,2.257175789778227,1.033594613463214,1,0,144,164
1.1017501748785226,2.6317616121037513,0.36242115839676947,0.7666883501337647,2.9756573679881715,2.257175789778227,1,0,145,163
-0.5797884840919231,1.1017501748785226,2.6317616121037513,0.36242115839676947,0.7666883501337647,2.9756573679881715,1,0,146,162
1.383038745062789,-0.5797884840919231,1.1017501748785226,2.6317616121037513,0.36242115839676947,0.7666883501337647,1,0,147,161
2.316427283502766,1.383038745062789,-0.5797884840919231,1.1017501748785226,2.6317616121037513,0.36242115839676947,1,0,148,160
0.362472921525516,2.316427283502766,1.383038745062789,-0.5797884840919231,1.1017501748785226,2.6317616121037513,1,0,149,159
1.0188801064572481,0.362472921525516,2.316427283502766,1.383038745062789,-0.5797884840919231,1.1017501748785226,1,0,150,158
2.908859615788832,1.0188801064572481,0.362472921525516,2.316427283502766,1.383038745062789,-0.5797884840919231,1,0,151,157
1.5557358862406945,2.908859615788832,1.0188801064572481,0.362472921525516,2.316427283502766,1.383038745062789,1,0,152,156
0.6514221741544423,1.5557358862406945,2.908859615788832,1.0188801064572481,0.362472921525516,2.316427283502766,1,0,153,155
2.244215335338056,0.6514221741544423,1.5557358862406945,2.908859615788832,1.0188801064572481,0.362472921525516,1,0,154,154
3.1864429918739985,2.244215335338056,0.6514221741544423,1.5557358862406945,2.908859615788832,1.0188801064572481,1,0,155,153
1.6799654186047521,3.1864429918739985,2.244215335338056,0.6514221741544423,1.5557358862406945,2.908859615788832,1,0,156,152
2.1903938533012064,1.6799654186047521,3.1864429918739985,2.244215335338056,0.6514221741544423,1.5557358862406945,1,0,157,151
2.685588810981125,2.1903938533012064,1.6799654186047521,3.1864429918739985,2.244215335338056,0.6514221741544423,1,0,158,150
0.7786400404528201,2.685588810981125,2.1903938533012064,1.6799654186047521,3.1864429918739985,2.244215335338056,1,0,159,149
1.0318801205798853,0.7786400404528201,2.685588810981125,2.1903938533012064,1.6799654186047521,3.1864429918739985,1,0,160,148
2.550239865700636,1.0318801205798853,0.7786400404528201,2.685588810981125,2.1903938533012064,1.6799654186047521,1,0,161,147
1.1487052024153186,2.550239865700636,1.0318801205798853,0.7786400404528201,2.685588810981125,2.1903938533012064,1,0,162,146
0.28682936380082324,1.1487052024153186,2.550239865700636,1.0318801205798853,0.7786400404528201,2.685588810981125,1,0,163,145
2.5585703138581346,0.28682936380082324,1.1487052024153186,2.550239865700636,1.0318801205798853,0.7786400404528201,1,0,164,144
2.55542693377702,2.5585703138581346,0.28682936380082324,1.1487052024153186,2.550239865700636,1.0318801205798853,1,0,165,143
1.4890130668151271,2.55542693377702,2.5585703138581346,0.28682936380082324,1.1487052024153186,2.550239865700636,1,0,166,142
2.2073518394074285,1.4890130668151271,2.55542693377702,2.5585703138581346,0.28682936380082324,1.1487052024153186,1,0,167,141
2.3286326749401765,2.2073518394074285,1.4890130668151271,2.55542693377702,2.5585703138581346,0.28682936380082324,1,0,168,140
1.0302378325515043,2.3286326749401765,2.2073518394074285,1.4890130668151271,2.55542693377702,2.5585703138581346,1,0,169,139
0.7425709565996483,1.0302378325515043,2.3286326749401765,2.2073518394074285,1.4890130668151271,2.55542693377702,1,0,170,138
1.9008069424992124,0.7425709565996483,1.0302378325515043,2.3286326749401765,2.2073518394074285,1.4890130668151271,1,0,171,137
1.3072492798944255,1.9008069424992124,0.7425709565996483,1.0302378325515043,2.3286326749401765,2.2073518394074285,1,0,172,136
0.6319762464208837,1.3072492798944255,1.9008069424992124,0.7425709565996483,1.0302378325515043,2.3286326749401765,1,0,173,135
1.6111964185858347,0.6319762464208837,1.3072492798944255,1.9008069424992124,0.7425709565996483,1.0302378325515043,1,0,174,134
1.7762407749104838,1.6111964185858347,0.6319762464208837,1.3072492798944255,1.9008069424992124,0.7425709565996483,1,0,175,133
1.1048958475939576,1.7762407749104838,1.6111964185858347,0.6319762464208837,1.3072492798944255,1.9008069424992124,1,0,176,132
1.240044004932426,1.1048958475939576,1.7762407749104838,1.6111964185858347,0.6319762464208837,1.3072492798944255,1,0,177,131
0.9741991083364376,1.240044004932426,1.1048958475939576,1.7762407749104838,1.6111964185858347,0.6319762464208837,1,0,178,130
0.9556850576493622,0.9741991083364376,1.240044004932426,1.1048958475939576,1.7762407749104838,1.6111964185858347,1,0,179,129
0.7165936740064641,0.9556850576493622,0.9741991083364376,1.240044004932426,1.1048958475939576,1.7762407749104838,1,0,180,128
-0.15858121919325718,0.7165936740064641,0.9556850576493622,0.9741991083364376,1.240044004932426,1.1048958475939576,1,0,181,127
-0.9145126119468979,-0.15858121919325718,0.7165936740064641,0.9556850576493622,0.9741991083364376,1.240044004932426,1,0,182,126
-1.0622304166975651,-0.9145126119468979,-0.15858121919325718,0.7165936740064641,0.9556850576493622,0.9741991083364376,1,0,183,125
-0.7902179806832987,-1.0622304166975651,-0.9145126119468979,-0.15858121919325718,0.7165936740064641,0.9556850576493622,1,0,184,124
-0.030999885254736514,-0.7902179806832987,-1.0622304166975651,-0.9145126119468979,-0.15858121919325718,0.7165936740064641,1,0,185,123
-0.8703934289706412,-0.030999885254736514,-0.7902179806832987,-1.0622304166975651,-0.9145126119468979,-0.15858121919325718,1,0,186,122
-1.8534456150045393,-0.8703934289706412,-0.030999885254736514,-0.7902179806832987,-1.0622304166975651,-0.9145126119468979,1,0,187,121
-1.0313601472496692,-1.8534456150045393,-0.8703934289706412,-0.030999885254736514,-0.7902179806832987,-1.0622304166975651,1,0,188,120
-0.6093392998163869,-1.0313601472496692,-1.8534456150045393,-0.8703934289706412,-0.030999885254736514,-0.7902179806832987,1,0,189,119
-1.7580194609672946,-0.6093392998163869,-1.0313601472496692,-1.8534456150045393,-0.8703934289706412,-0.030999885254736514,1,0,190,118
-2.308288849037086,-1.7580194609672946,-0.6093392998163869,-1.0313601472496692,-1.8534456150045393,-0.8703934289706412,1,0,191,117
-1.2424734463562164,-2.308288849037086,-1.7580194609672946,-0.6093392998163869,-1.0313601472496692,-1.8534456150045393,1,0,192,116
-1.823406440789587,-1.2424734463562164,-2.308288849037086,-1.7580194609672946,-0.6093392998163869,-1.0313601472496692,1,0,193,115
-2.7118875657015025,-1.823406440789587,-1.2424734463562164,-2.308288849037086,-1.7580194609672946,-0.6093392998163869,1,0,194,114
-0.6649422388322344,-2.7118875657015025,-1.823406440789587,-1.2424734463562164,-2.308288849037086,-1.7580194609672946,1,0,195,113
-0.15030232578347097,-0.6649422388322344,-2.7118875657015025,-1.823406440789587,-1.2424734463562164,-2.308288849037086,1,0,196,112
-1.0465516247737732,-0.15030232578347097,-0.6649422388322344,-2.7118875657015025,-1.823406440789587,-1.2424734463562164,1,0,197,111
-0.825847581027476,-1.0465516247737732,-0.15030232578347097,-0.6649422388322344,-2.7118875657015025,-1.823406440789587,1,0,198,110
-0.5947219145708005,-0.825847581027476,-1.0465516247737732,-0.15030232578347097,-0.6649422388322344,-2.7118875657015025,1,0,199,109
-1.4816875813964454,-0.5947219145708005,-0.825847581027476,-1.0465516247737732,-0.15030232578347097,-0.6649422388322344,1,0,200,108
-1.6109227542021411,-1.4816875813964454,-0.5947219145708005,-0.825847581027476,-1.0465516247737732,-0.15030232578347097,1,0,201,107
-0.32949828047395135,-1.6109227542021411,-1.4816875813964454,-0.5947219145708005,-0.825847581027476,-1.0465516247737732,1,0,202,106
0.565667247749645,-0.32949828047395135,-1.6109227542021411,-1.4816875813964454,-0.5947219145708005,-0.825847581027476,1,0,203,105
0.7585860324631691,0.565667247749645,-0.32949828047395135,-1.6109227542021411,-1.4816875813964454,-0.5947219145708005,1,0,204,104
1.1310268505535512,0.7585860324631691,0.565667247749645,-0.32949828047395135,-1.6109227542021411,-1.4816875813964454,1,0,205,103
1.3236884403976175,1.1310268505535512,0.7585860324631691,0.565667247749645,-0.32949828047395135,-1.6109227542021411,1,0,206,102
1.193896449181982,1.3236884403976175,1.1310268505535512,0.7585860324631691,0.565667247749645,-0.32949828047395135,1,0,207,101
-0.7158449075205389,1.193896449181982,1.3236884403976175,1.1310268505535512,0.7585860324631691,0.565667247749645,1,0,208,100
0.10328721484272274,-0.7158449075205389,1.193896449181982,1.3236884403976175,1.1310268505535512,0.7585860324631691,1,0,209,99
0.9613085955887057,0.10328721484272274,-0.7158449075205389,1.193896449181982,1.3236884403976175,1.1310268505535512,1,0,210,98
-0.12056989221927283,0.9613085955887057,0.10328721484272274,-0.7158449075205389,1.193896449181982,1.3236884403976175,1,0,211,97
-0.674554979976925,-0.12056989221927283,0.9613085955887057,0.10328721484272274,-0.7158449075205389,1.193896449181982,1,0,212,96
0.2905139373451383,-0.674554979976925,-0.12056989221927283,0.9613085955887057,0.10328721484272274,-0.7158449075205389,1,0,213,95
0.1964596235912987,0.2905139373451383,-0.674554979976925,-0.12056989221927283,0.9613085955887057,0.10328721484272274,1,0,214,94
-0.8432527576727075,0.1964596235912987,0.2905139373451383,-0.674554979976925,-0.12056989221927283,0.9613085955887057,1,0,215,93
-0.30927635049964475,-0.8432527576727075,0.1964596235912987,0.2905139373451383,-0.674554979976925,-0.12056989221927283,1,0,216,92
-0.14657132561793712,-0.30927635049964475,-0.8432527576727075,0.1964596235912987,0.2905139373451383,-0.674554979976925,1,0,217,91
-0.10392445883654744,-0.14657132561793712,-0.30927635049964475,-0.8432527576727075,0.1964596235912987,0.2905139373451383,1,0,218,90
0.2513508116687142,-0.10392445883654744,-0.14657132561793712,-0.30927635049964475,-0.8432527576727075,0.1964596235912987,1,0,219,89
0.6870844973528587,0.2513508116687142,-0.10392445883654744,-0.14657132561793712,-0.30927635049964475,-0.8432527576727075,1,0,220,88
0.8520971283822698,0.6870844973528587,0.2513508116687142,-0.10392445883654744,-0.14657132561793712,-0.30927635049964475,1,0,221,87
0.06063853573225375,0.8520971283822698,0.6870844973528587,0.2513508116687142,-0.10392445883654744,-0.14657132561793712,1,0,222,86
0.47597373269654664,0.06063853573225375,0.8520971283822698,0.6870844973528587,0.2513508116687142,-0.10392445883654744,1,0,223,85
0.7827534562360066,0.47597373269654664,0.06063853573225375,0.8520971283822698,0.6870844973528587,0.2513508116687142,1,0,224,84
0.1356331780981699,0.7827534562360066,0.47597373269654664,0.06063853573225375,0.8520971283822698,0.6870844973528587,1,0,225,83
0.6404161026546233,0.1356331780981699,0.7827534562360066,0.47597373269654664,0.06063853573225375,0.8520971283822698,1,0,226,82
1.1446972939302127,0.6404161026546233,0.1356331780981699,0.7827534562360066,0.47597373269654664,0.06063853573225375,1,0,227,81
-0.2752135744244607,1.1446972939302127,0.6404161026546233,0.1356331780981699,0.7827534562360066,0.47597373269654664,1,0,228,80
-0.4711654271503718,-0.2752135744244607,1.1446972939302127,0.6404161026546233,0.1356331780981699,0.7827534562360066,1,0,229,79
0.1276917028421398,-0.4711654271503718,-0.2752135744244607,1.1446972939302127,0.6404161026546233,0.1356331780981699,1,0,230,78
-0.8581666504226596,0.1276917028421398,-0.4711654271503718,-0.2752135744244607,1.1446972939302127,0.6404161026546233,1,0,231,77
-0.9330486977450625,-0.8581666504226596,0.1276917028421398,-0.4711654271503718,-0.2752135744244607,1.1446972939302127,1,0,232,76
-0.4133255176222893,-0.9330486977450625,-0.8581666504226596,0.1276917028421398,-0.4711654271503718,-0.2752135744244607,1,0,233,75
-0.7036469960248191,-0.4133255176222893,-0.9330486977450625,-0.8581666504226596,0.1276917028421398,-0.4711654271503718,1,0,234,74
0.051857034337776775,-0.7036469960248191,-0.4133255176222893,-0.9330486977450625,-0.8581666504226596,0.1276917028421398,1,0,235,73
0.3576497025275178,0.051857034337776775,-0.7036469960248191,-0.4133255176222893,-0.9330486977450625,-0.8581666504226596,1,0,236,72
-0.16230159257432375,0.3576497025275178,0.051857034337776775,-0.7036469960248191,-0.4133255176222893,-0.9330486977450625,1,0,237,71
-0.5501271617742733,-0.16230159257432375,0.3576497025275178,0.051857034337776775,-0.7036469960248191,-0.4133255176222893,1,0,238,70
-0.47678912528651535,-0.5501271617742733,-0.16230159257432375,0.3576497025275178,0.051857034337776775,-0.7036469960248191,1,0,239,69
-0.7006081227969898,-0.47678912528651535,-0.5501271617742733,-0.16230159257432375,0.3576497025275178,0.051857034337776775,1,0,240,68
-0.9766133337324082,-0.7006081227969898,-0.47678912528651535,-0.5501271617742733,-0.16230159257432375,0.3576497025275178,1,0,241,67
-0.014901460194840177,-0.9766133337324082,-0.7006081227969898,-0.47678912528651535,-0.5501271617742733,-0.16230159257432375,1,0,242,66
0.004984308091359635,-0.014901460194840177,-0.9766133337324082,-0.7006081227969898,-0.47678912528651535,-0.5501271617742733,1,0,243,65
-0.0477083816340389,0.004984308091359635,-0.014901460194840177,-0.9766133337324082,-0.7006081227969898,-0.47678912528651535,1,0,244,64
0.5046539843495239,-0.0477083816340389,0.004984308091359635,-0.014901460194840177,-0.9766133337324082,-0.7006081227969898,1,0,245,63
0.6608338519705408,0.5046539843495239,-0.0477083816340389,0.004984308091359635,-0.014901460194840177,-0.9766133337324082,1,0,246,62
1.0930764869817486,0.6608338519705408,0.5046539843495239,-0.0477083816340389,0.004984308091359635,-0.014901460194840177,1,0,247,61
1.2625185389909874,1.0930764869817486,0.6608338519705408,0.5046539843495239,-0.0477083816340389,0.004984308091359635,1,0,248,60
1.278225869076759,1.2625185389909874,1.0930764869817486,0.6608338519705408,0.5046539843495239,-0.0477083816340389,1,0,249,59
0.651655000706149,1.278225869076759,1.2625185389909874,1.0930764869817486,0.6608338519705408,0.5046539843495239,1,0,250,58
0.5491041487556254,0.651655000706149,1.278225869076759,1.2625185389909874,1.0930764869817486,0.6608338519705408,1,0,251,57
0.4898309728951976,0.5491041487556254,0.651655000706149,1.278225869076759,1.2625185389909874,1.0930764869817486,1,0,252,56
0.5263847930181319,0.4898309728951976,0.5491041487556254,0.651655000706149,1.278225869076759,1.2625185389909874,1,0,253,55
0.6116698220866883,0.5263847930181319,0.4898309728951976,0.5491041487556254,0.651655000706149,1.278225869076759,1,0,254,54
0.6998565375805778,0.6116698220866883,0.5263847930181319,0.4898309728951976,0.5491041487556254,0.651655000706149,1,0,255,53
0.2715224265975981,0.6998565375805778,0.6116698220866883,0.5263847930181319,0.4898309728951976,0.5491041487556254,1,0,256,52
0.9591084150560524,0.2715224265975981,0.6998565375805778,0.6116698220866883,0.5263847930181319,0.4898309728951976,1,0,257,51
0.42358957498761685,0.9591084150560524,0.2715224265975981,0.6998565375805778,0.6116698220866883,0.5263847930181319,1,0,258,50
-0.46122454423595594,0.42358957498761685,0.9591084150560524,0.2715224265975981,0.6998565375805778,0.6116698220866883,1,0,259,49
-0.17602215029058982,-0.46122454423595594,0.42358957498761685,0.9591084150560524,0.2715224265975981,0.6998565375805778,1,0,260,48
-1.250529852311509,-0.17602215029058982,-0.46122454423595594,0.42358957498761685,0.9591084150560524,0.2715224265975981,1,0,261,47
-1.455609888641435,-1.250529852311509,-0.17602215029058982,-0.46122454423595594,0.42358957498761685,0.9591084150560524,1,0,262,46
-0.6520733496503749,-1.455609888641435,-1.250529852311509,-0.17602215029058982,-0.46122454423595594,0.42358957498761685,1,0,263,45
0.12538712559192722,-0.6520733496503749,-1.455609888641435,-1.250529852311509,-0.17602215029058982,-0.46122454423595594,1,0,264,44
0.31638954560709937,0.12538712559192722,-0.6520733496503749,-1.455609888641435,-1.250529852311509,-0.17602215029058982,1,0,265,43
0.8621901652924067,0.31638954560709937,0.12538712559192722,-0.6520733496503749,-1.455609888641435,-1.250529852311509,1,0,266,42
0.4120281969024888,0.8621901652924067,0.31638954560709937,0.12538712559192722,-0.6520733496503749,-1.455609888641435,1,0,267,41
-1.5567012335218184,0.4120281969024888,0.8621901652924067,0.31638954560709937,0.12538712559192722,-0.6520733496503749,1,0,268,40
-1.7591740728463992,-1.5567012335218184,0.4120281969024888,0.8621901652924067,0.31638954560709937,0.12538712559192722,1,0,269,39
-0.5908641640113172,-1.7591740728463992,-1.5567012335218184,0.4120281969024888,0.8621901652924067,0.31638954560709937,1,0,270,38
-1.0010802323979828,-0.5908641640113172,-1.7591740728463992,-1.5567012335218184,0.4120281969024888,0.8621901652924067,1,0,271,37
-0.797492855973173,-1.0010802323979828,-0.5908641640113172,-1.7591740728463992,-1.5567012335218184,0.4120281969024888,1,0,272,36
0.7543711341207714,-0.797492855973173,-1.0010802323979828,-0.5908641640113172,-1.7591740728463992,-1.5567012335218184,1,0,273,35
0.18478828332570096,0.7543711341207714,-0.797492855973173,-1.0010802323979828,-0.5908641640113172,-1.7591740728463992,1,0,274,34
0.3067280511973284,0.18478828332570096,0.7543711341207714,-0.797492855973173,-1.0010802323979828,-0.5908641640113172,1,0,275,33
1.9198631977661411,0.3067280511973284,0.18478828332570096,0.7543711341207714,-0.797492855973173,-1.0010802323979828,1,0,276,32
1.6749241508723738,1.9198631977661411,0.3067280511973284,0.18478828332570096,0.7543711341207714,-0.797492855973173,1,0,277,31
0.1314991787897859,1.6749241508723738,1.9198631977661411,0.3067280511973284,0.18478828332570096,0.7543711341207714,1,0,278,30
0.9247230439652703,0.1314991787897859,1.6749241508723738,1.9198631977661411,0.3067280511973284,0.18478828332570096,1,0,279,29
0.6832109002236981,0.9247230439652703,0.1314991787897859,1.6749241508723738,1.9198631977661411,0.3067280511973284,1,0,280,28
-0.2517320738818646,0.6832109002236981,0.9247230439652703,0.1314991787897859,1.6749241508723738,1.9198631977661411,1,0,281,27
0.5881639948105108,-0.2517320738818646,0.6832109002236981,0.9247230439652703,0.1314991787897859,1.6749241508723738,1,0,282,26
1.124540513314649,0.5881639948105108,-0.2517320738818646,0.6832109002236981,0.9247230439652703,0.1314991787897859,1,0,283,25
0.2209286553133939,1.124540513314649,0.5881639948105108,-0.2517320738818646,0.6832109002236981,0.9247230439652703,1,0,284,24
0.6062398788882739,0.2209286553133939,1.124540513314649,0.5881639948105108,-0.2517320738818646,0.6832109002236981,1,0,285,23
1.8471894384645873,0.6062398788882739,0.2209286553133939,1.124540513314649,0.5881639948105108,-0.2517320738818646,1,0,286,22
0.9084242108684156,1.8471894384645873,0.6062398788882739,0.2209286553133939,1.124540513314649,0.5881639948105108,1,0,287,21
-0.3603786859528953,0.9084242108684156,1.8471894384645873,0.6062398788882739,0.2209286553133939,1.124540513314649,1,0,288,20
0.7329342515073378,-0.3603786859528953,0.9084242108684156,1.8471894384645873,0.6062398788882739,0.2209286553133939,1,0,289,19
1.6009603983468186,0.7329342515073378,-0.3603786859528953,0.9084242108684156,1.8471894384645873,0.6062398788882739,1,0,290,18
1.543997116577409,1.6009603983468186,0.7329342515073378,-0.3603786859528953,0.9084242108684156,1.8471894384645873,1,0,291,17
1.6377668004953871,1.543997116577409,1.6009603983468186,0.7329342515073378,-0.3603786859528953,0.9084242108684156,1,0,292,16
1.7742614352046109,1.6377668004953871,1.543997116577409,1.6009603983468186,0.7329342515073378,-0.3603786859528953,1,0,293,15
2.054990337217499,1.7742614352046109,1.6377668004953871,1.543997116577409,1.6009603983468186,0.7329342515073378,1,0,294,14
0.24101893833886234,2.054990337217499,1.7742614352046109,1.6377668004953871,1.543997116577409,1.6009603983468186,1,0,295,13
1.573811833993176,0.24101893833886234,2.054990337217499,1.7742614352046109,1.6377668004953871,1.543997116577409,1,0,296,12
2.8740627997456265,1.573811833993176,0.24101893833886234,2.054990337217499,1.7742614352046109,1.6377668004953871,1,0,297,11
0.14096744629795888,2.8740627997456265,1.573811833993176,0.24101893833886234,2.054990337217499,1.7742614352046109,1,0,298,10
-0.06642144599556232,0.14096744629795888,2.8740627997456265,1.573811833993176,0.24101893833886234,2.054990337217499,1,0,299,9
1.8715862888435026,-0.06642144599556232,0.14096744629795888,2.8740627997456265,1.573811833993176,0.24101893833886234,1,0,300,8
0.3588114149162929,1.8715862888435026,-0.06642144599556232,0.14096744629795888,2.8740627997456265,1.573811833993176,1,0,301,7
1.655943783144328,0.3588114149162929,1.8715862888435026,-0.06642144599556232,0.14096744629795888,2.8740627997456265,1,0,302,6
3.0126881301439594,1.655943783144328,0.3588114149162929,1.8715862888435026,-0.06642144599556232,0.14096744629795888,1,1,303,5
4.412568500634371,3.0126881301439594,1.655943783144328,0.3588114149162929,1.8715862888435026,-0.06642144599556232,1,1,304,4
1.8147167667154536,4.412568500634371,3.0126881301439594,1.655943783144328,0.3588114149162929,1.8715862888435026,1,1,305,3
6.92231561297801,1.8147167667154536,4.412568500634371,3.0126881301439594,1.655943783144328,0.3588114149162929,1,1,306,2
3.6101074295738504,6.92231561297801,1.8147167667154536,4.412568500634371,3.0126881301439594,1.655943783144328,1,1,307,1
9.07479039565469,3.6101074295738504,6.92231561297801,1.8147167667154536,4.412568500634371,3.0126881301439594,2,1,0,0
2.4170131721204395,9.07479039565469,3.6101074295738504,6.92231561297801,1.8147167667154536,4.412568500634371,2,1,1,190
14.087629631019137,2.4170131721204395,9.07479039565469,3.6101074295738504,6.92231561297801,1.8147167667154536,2,1,2,189
3.8336082412217367,14.087629631019137,2.4170131721204395,9.07479039565469,3.6101074295738504,6.92231561297801,2,1,3,188
13.647737239505307,3.8336082412217367,14.087629631019137,2.4170131721204395,9.07479039565469,3.6101074295738504,2,1,4,187
7.804352680750732,13.647737239505307,3.8336082412217367,14.087629631019137,2.4170131721204395,9.07479039565469,2,0,5,186
15.095877355548982,7.804352680750732,13.647737239505307,3.8336082412217367,14.087629631019137,2.4170131721204395,2,0,6,185
9.945204625995952,15.095877355548982,7.804352680750732,13.647737239505307,3.8336082412217367,14.087629631019137,2,0,7,184
15.65176668038095,9.945204625995952,15.095877355548982,7.804352680750732,13.647737239505307,3.8336082412217367,2,0,8,183
15.389967696171219,15.65176668038095,9.945204625995952,15.095877355548982,7.804352680750732,13.647737239505307,2,0,9,182
14.146195058831621,15.389967696171219,15.65176668038095,9.945204625995952,15.095877355548982,7.804352680750732,2,0,10,181
18.063637980279875,14.146195058831621,15.389967696171219,15.65176668038095,9.945204625995952,15.095877355548982,2,0,11,180
14.436445913228065,18.063637980279875,14.146195058831621,15.389967696171219,15.65176668038095,9.945204625995952,2,0,12,179
21.025872114467056,14.436445913228065,18.063637980279875,14.146195058831621,15.389967696171219,15.65176668038095,2,0,13,178
16.128581972853976,21.025872114467056,14.436445913228065,18.063637980279875,14.146195058831621,15.389967696171219,2,0,14,177
23.43794793648997,16.128581972853976,21.025872114467056,14.436445913228065,18.063637980279875,14.146195058831621,2,0,15,176
14.819137376849536,23.43794793648997,16.128581972853976,21.025872114467056,14.436445913228065,18.063637980279875,2,0,16,175
26.773880122347,14.819137376849536,23.43794793648997,16.128581972853976,21.025872114467056,14.436445913228065,2,0,17,174
15.847741907621177,26.773880122347,14.819137376849536,23.43794793648997,16.128581972853976,21.025872114467056,2,0,18,173
27.235577788457338,15.847741907621177,26.773880122347,14.819137376849536,23.43794793648997,16.128581972853976,2,0,19,172
17.1312726554589,27.235577788457338,15.847741907621177,26.773880122347,14.819137376849536,23.43794793648997,2,0,20,171
28.997309221975204,17.1312726554589,27.235577788457338,15.847741907621177,26.773880122347,14.819137376849536,2,0,21,170
20.673208479882106,28.997309221975204,17.1312726554589,27.235577788457338,15.847741907621177,26.773880122347,2,0,22,169
27.46500861781894,20.673208479882106,28.997309221975204,17.1312726554589,27.235577788457338,15.847741907621177,2,0,23,168
23.36888394201931,27.46500861781894,20.673208479882106,28.997309221975204,17.1312726554589,27.235577788457338,2,0,24,167
29.10373264454005,23.36888394201931,27.46500861781894,20.673208479882106,28.997309221975204,17.1312726554589,2,0,25,166
28.54655613658518,29.10373264454005,23.36888394201931,27.46500861781894,20.673208479882106,28.997309221975204,2,0,26,165
28.62660369282705,28.54655613658518,29.10373264454005,23.36888394201931,27.46500861781894,20.673208479882106,2,0,27,164
32.405798714864424,28.62660369282705,28.54655613658518,29.10373264454005,23.36888394201931,27.46500861781894,2,0,28,163
31.357226924125747,32.405798714864424,28.62660369282705,28.54655613658518,29.10373264454005,23.36888394201931,2,0,29,162
35.7793495299942,31.357226924125747,32.405798714864424,28.62660369282705,28.54655613658518,29.10373264454005,2,0,30,161
31.55577121661151,35.7793495299942,31.357226924125747,32.405798714864424,28.62660369282705,28.54655613658518,2,0,31,160
38.00072097376704,31.55577121661151,35.7793495299942,31.357226924125747,32.405798714864424,28.62660369282705,2,0,32,159
34.58001503223946,38.00072097376704,31.55577121661151,35.7793495299942,31.357226924125747,32.405798714864424,2,0,33,158
38.384791881715344,34.58001503223946,38.00072097376704,31.55577121661151,35.7793495299942,31.357226924125747,2,0,34,157
33.008637190271195,38.384791881715344,34.58001503223946,38.00072097376704,31.55577121661151,35.7793495299942,2,0,35,156
40.92187798864845,33.008637190271195,38.384791881715344,34.58001503223946,38.00072097376704,31.55577121661151,2,0,36,155
37.17085380769448,40.92187798864845,33.008637190271195,38.384791881715344,34.58001503223946,38.00072097376704,2,0,37,154
41.009292599176746,37.17085380769448,40.92187798864845,33.008637190271195,38.384791881715344,34.58001503223946,2,0,38,153
40.69976228568507,41.009292599176746,37.17085380769448,40.92187798864845,33.008637190271195,38.384791881715344,2,0,39,152
40.100657063859316,40.69976228568507,41.009292599176746,37.17085380769448,40.92187798864845,33.008637190271195,2,0,40,151
44.15898382514028,40.100657063859316,40.69976228568507,41.009292599176746,37.17085380769448,40.92187798864845,2,0,41,150
39.43327110657808,44.15898382514028,40.100657063859316,40.69976228568507,41.009292599176746,37.17085380769448,2,0,42,149
45.67166835900051,39.43327110657808,44.15898382514028,40.100657063859316,40.69976228568507,41.009292599176746,2,0,43,148
40.44599693953739,45.67166835900051,39.43327110657808,44.15898382514028,40.100657063859316,40.69976228568507,2,0,44,147
47.84127492522226,40.44599693953739,45.67166835900051,39.43327110657808,44.15898382514028,40.100657063859316,2,0,45,146
37.814473181941366,47.84127492522226,40.44599693953739,45.67166835900051,39.43327110657808,44.15898382514028,2,0,46,145
51.298109107269475,37.814473181941366,47.84127492522226,40.44599693953739,45.67166835900051,39.43327110657808,2,0,47,144
40.39153027618144,51.298109107269475,37.814473181941366,47.84127492522226,40.44599693953739,45.67166835900051,2,0,48,143
51.333094569457316,40.39153027618144,51.298109107269475,37.814473181941366,47.84127492522226,40.44599693953739,2,0,49,142
40.26459738213714,51.333094569457316,40.39153027618144,51.298109107269475,37.814473181941366,47.84127492522226,2,0,50,141
50.41207028749504,40.26459738213714,51.333094569457316,40.39153027618144,51.298109107269475,37.814473181941366,2,0,51,140
42.00791278167454,50.41207028749504,40.26459738213714,51.333094569457316,40.39153027618144,51.298109107269475,2,0,52,139
47.954815105692134,42.00791278167454,50.41207028749504,40.26459738213714,51.333094569457316,40.39153027618144,2,0,53,138
43.65351117401564,47.954815105692134,42.00791278167454,50.41207028749504,40.26459738213714,51.333094569457316,2,0,54,137
43.37942159839197,43.65351117401564,47.954815105692134,42.00791278167454,50.41207028749504,40.26459738213714,2,0,55,136
45.38053320229953,43.37942159839197,43.65351117401564,47.954815105692134,42.00791278167454,50.41207028749504,2,0,56,135
41.881829084045165,45.38053320229953,43.37942159839197,43.65351117401564,47.954815105692134,42.00791278167454,2,0,57,134
45.4484166974485,41.881829084045165,45.38053320229953,43.37942159839197,43.65351117401564,47.954815105692134,2,0,58,133
39.98857116062144,45.4484166974485,41.881829084045165,45.38053320229953,43.37942159839197,43.65351117401564,2,0,59,132
47.60333514166369,39.98857116062144,45.4484166974485,41.881829084045165,45.38053320229953,43.37942159839197,2,0,60,131
36.851068490078454,47.60333514166369,39.98857116062144,45.4484166974485,41.881829084045165,45.38053320229953,2,0,61,130
44.998659869324385,36.851068490078454,47.60333514166369,39.98857116062144,45.4484166974485,41.881829084045165,2,0,62,129
38.20114697351259,44.998659869324385,36.851068490078454,47.60333514166369,39.98857116062144,45.4484166974485,2,0,63,128
45.63431584120218,38.20114697351259,44.998659869324385,36.851068490078454,47.60333514166369,39.98857116062144,2,0,64,127
38.20880054738331,45.63431584120218,38.20114697351259,44.998659869324385,36.851068490078454,47.60333514166369,2,0,65,126
44.84357653832546,38.20880054738331,45.63431584120218,38.20114697351259,44.998659869324385,36.851068490078454,2,0,66,125
38.58619887556534,44.84357653832546,38.20880054738331,45.63431584120218,38.20114697351259,44.998659869324385,2,0,67,124
42.58921626761851,38.58619887556534,44.84357653832546,38.20880054738331,45.63431584120218,38.20114697351259,2,0,68,123
38.819004421000955,42.58921626761851,38.58619887556534,44.84357653832546,38.20880054738331,45.63431584120218,2,0,69,122
42.581299940984536,38.819004421000955,42.58921626761851,38.58619887556534,44.84357653832546,38.20880054738331,2,0,70,121
38.57304147355894,42.581299940984536,38.819004421000955,42.58921626761851,38.58619887556534,44.84357653832546,2,0,71,120
38.5377445283832,38.57304147355894,42.581299940984536,38.819004421000955,42.58921626761851,38.58619887556534,2,0,72,119
39.11420810485863,38.5377445283832,38.57304147355894,42.581299940984536,38.819004421000955,42.58921626761851,2,0,73,118
39.46267658103218,39.11420810485863,38.5377445283832,38.57304147355894,42.581299940984536,38.819004421000955,2,0,74,117
38.842798724984206,39.46267658103218,39.11420810485863,38.5377445283832,38.57304147355894,42.581299940984536,2,0,75,116
37.07384618355828,38.842798724984206,39.46267658103218,39.11420810485863,38.5377445283832,38.57304147355894,2,0,76,115
42.15797460592633,37.07384618355828,38.842798724984206,39.46267658103218,39.11420810485863,38.5377445283832,2,0,77,114
38.823610748888015,42.15797460592633,37.07384618355828,38.842798724984206,39.46267658103218,39.11420810485863,2,0,78,113
43.09549473874752,38.823610748888015,42.15797460592633,37.07384618355828,38.842798724984206,39.46267658103218,2,0,79,112
37.90999191235953,43.09549473874752,38.823610748888015,42.15797460592633,37.07384618355828,38.842798724984206,2,0,80,111
42.32621912974407,37.90999191235953,43.09549473874752,38.823610748888015,42.15797460592633,37.07384618355828,2,0,81,110
40.07669671069492,42.32621912974407,37.90999191235953,43.09549473874752,38.823610748888015,42.15797460592633,2,0,82,109
43.39167168326507,40.07669671069492,42.32621912974407,37.90999191235953,43.09549473874752,38.823610748888015,2,0,83,108
38.8812740142059,43.39167168326507,40.07669671069492,42.32621912974407,37.90999191235953,43.09549473874752,2,0,84,107
41.434883838333775,38.8812740142059,43.39167168326507,40.07669671069492,42.32621912974407,37.90999191235953,2,0,85,106
43.451859188546834,41.434883838333775,38.8812740142059,43.39167168326507,40.07669671069492,42.32621912974407,2,0,86,105
39.33284118443185,43.451859188546834,41.434883838333775,38.8812740142059,43.39167168326507,40.07669671069492,2,0,87,104
44.70338251751967,39.33284118443185,43.451859188546834,41.434883838333775,38.8812740142059,43.39167168326507,2,0,88,103
41.076675020276156,44.70338251751967,39.33284118443185,43.451859188546834,41.434883838333775,38.8812740142059,2,0,89,102
45.639185621985554,41.076675020276156,44.70338251751967,39.33284118443185,43.451859188546834,41.434883838333775,2,0,90,101
39.259078734588485,45.639185621985554,41.076675020276156,44.70338251751967,39.33284118443185,43.451859188546834,2,0,91,100
46.551802255728305,39.259078734588485,45.639185621985554,41.076675020276156,44.70338251751967,39.33284118443185,2,0,92,99
37.610863856858124,46.551802255728305,39.259078734588485,45.639185621985554,41.076675020276156,44.70338251751967,2,0,93,98
45.6712018117129,37.610863856858124,46.551802255728305,39.259078734588485,45.639185621985554,41.076675020276156,2,0,94,97
39.63229207025469,45.6712018117129,37.610863856858124,46.551802255728305,39.259078734588485,45.639185621985554,2,0,95,96
43.29899104996898,39.63229207025469,45.6712018117129,37.610863856858124,46.551802255728305,39.259078734588485,2,0,96,95
40.38210773199576,43.29899104996898,39.63229207025469,45.6712018117129,37.610863856858124,46.551802255728305,2,0,97,94
40.78003710866627,40.38210773199576,43.29899104996898,39.63229207025469,45.6712018117129,37.610863856858124,2,0,98,93
44.693964706119345,40.78003710866627,40.38210773199576,43.29899104996898,39.63229207025469,45.6712018117129,2,0,99,92
35.84299872049706,44.693964706119345,40.78003710866627,40.38210773199576,43.29899104996898,39.63229207025469,2,0,100,91
47.730450381621885,35.84299872049706,44.693964706119345,40.78003710866627,40.38210773199576,43.29899104996898,2,0,101,90
33.3842344378192,47.730450381621885,35.84299872049706,44.693964706119345,40.78003710866627,40.38210773199576,2,0,102,89
49.14205406513307,33.3842344378192,47.730450381621885,35.84299872049706,44.693964706119345,40.78003710866627,2,0,103,88
30.246539096204764,49.14205406513307,33.3842344378192,47.730450381621885,35.84299872049706,44.693964706119345,2,0,104,87
49.41578866979127,30.246539096204764,49.14205406513307,33.3842344378192,47.730450381621885,35.84299872049706,2,0,105,86
32.032962521111074,49.41578866979127,30.246539096204764,49.14205406513307,33.3842344378192,47.730450381621885,2,0,106,85
45.95072358540831,32.032962521111074,49.41578866979127,30.246539096204764,49.14205406513307,33.3842344378192,2,0,107,84
33.01854376910615,45.95072358540831,32.032962521111074,49.41578866979127,30.246539096204764,49.14205406513307,2,0,108,83
43.175366525491775,33.01854376910615,45.95072358540831,32.032962521111074,49.41578866979127,30.246539096204764,2,0,109,82
33.82098381862353,43.175366525491775,33.01854376910615,45.95072358540831,32.032962521111074,49.41578866979127,2,0,110,81
42.2455810608506,33.82098381862353,43.175366525491775,33.01854376910615,45.95072358540831,32.032962521111074,2,0,111,80
36.079188532064535,42.2455810608506,33.82098381862353,43.175366525491775,33.01854376910615,45.95072358540831,2,0,112,79
40.26066712730473,36.079188532064535,42.2455810608506,33.82098381862353,43.175366525491775,33.01854376910615,2,0,113,78
37.43625870380745,40.26066712730473,36.079188532064535,42.2455810608506,33.82098381862353,43.175366525491775,2,0,114,77
39.890649428626574,37.43625870380745,40.26066712730473,36.079188532064535,42.2455810608506,33.82098381862353,2,0,115,76
41.09487479038708,39.890649428626574,37.43625870380745,40.26066712730473,36.079188532064535,42.2455810608506,2,0,116,75
38.77974238349477,41.09487479038708,39.890649428626574,37.43625870380745,40.26066712730473,36.079188532064535,2,0,117,74
42.65616215400651,38.77974238349477,41.09487479038708,39.890649428626574,37.43625870380745,40.26066712730473,2,0,118,73
38.10682499560359,42.65616215400651,38.77974238349477,41.09487479038708,39.890649428626574,37.43625870380745,2,0,119,72
46.98659031058354,38.10682499560359,42.65616215400651,38.77974238349477,41.09487479038708,39.890649428626574,2,0,120,71
37.73577472012996,46.98659031058354,38.10682499560359,42.65616215400651,38.77974238349477,41.09487479038708,2,0,121,70
47.26336205111858,37.73577472012996,46.98659031058354,38.10682499560359,42.65616215400651,38.77974238349477,2,0,122,69
37.072383637869976,47.26336205111858,37.73577472012996,46.98659031058354,38.10682499560359,42.65616215400651,2,0,123,68
50.63694653928229,37.072383637869976,47.26336205111858,37.73577472012996,46.98659031058354,38.10682499560359,2,0,124,67
34.870898475403685,50.63694653928229,37.072383637869976,47.26336205111858,37.73577472012996,46.98659031058354,2,0,125,66
51.08015886861739,34.870898475403685,50.63694653928229,37.072383637869976,47.26336205111858,37.73577472012996,2,0,126,65
36.3312443978223,51.08015886861739,34.870898475403685,50.63694653928229,37.072383637869976,47.26336205111858,2,0,127,64
48.27646786521533,36.3312443978223,51.08015886861739,34.870898475403685,50.63694653928229,37.072383637869976,2,0,128,63
37.60432255749976,48.27646786521533,36.3312443978223,51.08015886861739,34.870898475403685,50.63694653928229,2,0,129,62
46.580416987366114,37.60432255749976,48.27646786521533,36.3312443978223,51.08015886861739,34.870898475403685,2,0,130,61
39.97369398804251,46.580416987366114,37.60432255749976,48.27646786521533,36.3312443978223,51.08015886861739,2,0,131,60
42.61620888738338,39.97369398804251,46.580416987366114,37.60432255749976,48.27646786521533,36.3312443978223,2,0,132,59
40.672984264677204,42.61620888738338,39.97369398804251,46.580416987366114,37.60432255749976,48.27646786521533,2,0,133,58
39.33068618136724,40.672984264677204,42.61620888738338,39.97369398804251,46.580416987366114,37.60432255749976,2,0,134,57
40.72550772313587,39.33068618136724,40.672984264677204,42.61620888738338,39.97369398804251,46.580416987366114,2,0,135,56
36.71739460330421,40.72550772313587,39.33068618136724,40.672984264677204,42.61620888738338,39.97369398804251,2,0,136,55
40.190879399824524,36.71739460330421,40.72550772313587,39.33068618136724,40.672984264677204,42.61620888738338,2,0,137,54
32.99362256379825,40.190879399824524,36.71739460330421,40.72550772313587,39.33068618136724,40.672984264677204,2,0,138,53
40.59740511974008,32.99362256379825,40.190879399824524,36.71739460330421,40.72550772313587,39.33068618136724,2,0,139,52
29.2449889512298,40.59740511974008,32.99362256379825,40.190879399824524,36.71739460330421,40.72550772313587,2,0,140,51
39.210574484992044,29.2449889512298,40.59740511974008,32.99362256379825,40.190879399824524,36.71739460330421,2,0,141,50
26.73004710158392,39.210574484992044,29.2449889512298,40.59740511974008,32.99362256379825,40.190879399824524,2,0,142,49
39.12600536324153,26.73004710158392,39.210574484992044,29.2449889512298,40.59740511974008,32.99362256379825,2,0,143,48
21.336427869329817,39.12600536324153,26.73004710158392,39.210574484992044,29.2449889512298,40.59740511974008,2,0,144,47
39.236223383572295,21.336427869329817,39.12600536324153,26.73004710158392,39.210574484992044,29.2449889512298,2,0,145,46
22.757500212528566,39.236223383572295,21.336427869329817,39.12600536324153,26.73004710158392,39.210574484992044,2,0,146,45
37.35758748118083,22.757500212528566,39.236223383572295,21.336427869329817,39.12600536324153,26.73004710158392,2,0,147,44
21.32439910275329,37.35758748118083,22.757500212528566,39.236223383572295,21.336427869329817,39.12600536324153,2,0,148,43
35.979865206761765,21.32439910275329,37.35758748118083,22.757500212528566,39.236223383572295,21.336427869329817,2,0,149,42
22.550388474863812,35.979865206761765,21.32439910275329,37.35758748118083,22.757500212528566,39.236223383572295,2,0,150,41
34.881823378571376,22.550388474863812,35.979865206761765,21.32439910275329,37.35758748118083,22.757500212528566,2,0,151,40
23.90332755778189,34.881823378571376,22.550388474863812,35.979865206761765,21.32439910275329,37.35758748118083,2,0,152,39
33.735497330450656,23.90332755778189,34.881823378571376,22.550388474863812,35.979865206761765,21.32439910275329,2,0,153,38
25.85763809339615,33.735497330450656,23.90332755778189,34.881823378571376,22.550388474863812,35.979865206761765,2,0,154,37
32.72893459384461,25.85763809339615,33.735497330450656,23.90332755778189,34.881823378571376,22.550388474863812,2,0,155,36
25.964711535703273,32.72893459384461,25.85763809339615,33.735497330450656,23.90332755778189,34.881823378571376,2,0,156,35
32.697123428623854,25.964711535703273,32.72893459384461,25.85763809339615,33.735497330450656,23.90332755778189,2,0,157,34
26.12835061866518,32.697123428623854,25.964711535703273,32.72893459384461,25.85763809339615,33.735497330450656,2,0,158,33
34.28835678923532,26.12835061866518,32.697123428623854,25.964711535703273,32.72893459384461,25.85763809339615,2,0,159,32
25.807913167034545,34.28835678923532,26.12835061866518,32.697123428623854,25.964711535703273,32.72893459384461,2,0,160,31
36.60797362402187,25.807913167034545,34.28835678923532,26.12835061866518,32.697123428623854,25.964711535703273,2,0,161,30
27.658090176920485,36.60797362402187,25.807913167034545,34.28835678923532,26.12835061866518,32.697123428623854,2,0,162,29
38.025255937888744,27.658090176920485,36.60797362402187,25.807913167034545,34.28835678923532,26.12835061866518,2,0,163,28
29.673772016512107,38.025255937888744,27.658090176920485,36.60797362402187,25.807913167034545,34.28835678923532,2,0,164,27
40.85343782038218,29.673772016512107,38.025255937888744,27.658090176920485,36.60797362402187,25.807913167034545,2,0,165,26
30.620254429837626,40.85343782038218,29.673772016512107,38.025255937888744,27.658090176920485,36.60797362402187,2,0,166,25
42.006182828420094,30.620254429837626,40.85343782038218,29.673772016512107,38.025255937888744,27.658090176920485,2,0,167,24
33.8527250375023,42.006182828420094,30.620254429837626,40.85343782038218,29.673772016512107,38.025255937888744,2,0,168,23
39.56108579012262,33.8527250375023,42.006182828420094,30.620254429837626,40.85343782038218,29.673772016512107,2,0,169,22
36.0851028914,39.56108579012262,33.8527250375023,42.006182828420094,30.620254429837626,40.85343782038218,2,0,170,21
40.06732288713705,36.0851028914,39.56108579012262,33.8527250375023,42.006182828420094,30.620254429837626,2,0,171,20
38.91328506268924,40.06732288713705,36.0851028914,39.56108579012262,33.8527250375023,42.006182828420094,2,0,172,19
38.45979617553561,38.91328506268924,40.06732288713705,36.0851028914,39.56108579012262,33.8527250375023,2,0,173,18
41.0197242733602,38.45979617553561,38.91328506268924,40.06732288713705,36.0851028914,39.56108579012262,2,0,174,17
40.78594167600805,41.0197242733602,38.45979617553561,38.91328506268924,40.06732288713705,36.0851028914,2,0,175,16
43.03492121074441,40.78594167600805,41.0197242733602,38.45979617553561,38.91328506268924,40.06732288713705,2,0,176,15
38.07683759585768,43.03492121074441,40.78594167600805,41.0197242733602,38.45979617553561,38.91328506268924,2,0,177,14
46.82798121689341,38.07683759585768,43.03492121074441,40.78594167600805,41.0197242733602,38.45979617553561,2,0,178,13
39.98131261501623,46.82798121689341,38.07683759585768,43.03492121074441,40.78594167600805,41.0197242733602,2,0,179,12
46.99134986986798,39.98131261501623,46.82798121689341,38.07683759585768,43.03492121074441,40.78594167600805,2,0,180,11
40.02129756691251,46.99134986986798,39.98131261501623,46.82798121689341,38.07683759585768,43.03492121074441,2,0,181,10
46.38128004447118,40.02129756691251,46.99134986986798,39.98131261501623,46.82798121689341,38.07683759585768,2,0,182,9
44.7656964487613,46.38128004447118,40.02129756691251,46.99134986986798,39.98131261501623,46.82798121689341,2,0,183,8
49.91412060607058,44.7656964487613,46.38128004447118,40.02129756691251,46.99134986986798,39.98131261501623,2,0,184,7
46.77635015404156,49.91412060607058,44.7656964487613,46.38128004447118,40.02129756691251,46.99134986986798,2,0,185,6
52.63040525415629,46.77635015404156,49.91412060607058,44.7656964487613,46.38128004447118,40.02129756691251,2,1,186,5
51.05268540630249,52.63040525415629,46.77635015404156,49.91412060607058,44.7656964487613,46.38128004447118,2,1,187,4
53.24232841283185,51.05268540630249,52.63040525415629,46.77635015404156,49.91412060607058,44.7656964487613,2,1,188,3
51.25794118306262,53.24232841283185,51.05268540630249,52.63040525415629,46.77635015404156,49.91412060607058,2,1,189,2
51.671904630066805,51.25794118306262,53.24232841283185,51.05268540630249,52.63040525415629,46.77635015404156,2,1,190,1
55.722550739260676,51.671904630066805,51.25794118306262,53.24232841283185,51.05268540630249,52.63040525415629,3,1,0,0
55.362003051656245,55.722550739260676,51.671904630066805,51.25794118306262,53.24232841283185,51.05268540630249,3,1,1,211
50.07265561015767,55.362003051656245,55.722550739260676,51.671904630066805,51.25794118306262,53.24232841283185,3,1,2,210
48.89446592044201,50.07265561015767,55.362003051656245,55.722550739260676,51.671904630066805,51.25794118306262,3,1,3,209
53.466242085758886,48.89446592044201,50.07265561015767,55.362003051656245,55.722550739260676,51.671904630066805,3,1,4,208
55.03825926212649,53.466242085758886,48.89446592044201,50.07265561015767,55.362003051656245,55.722550739260676,3,0,5,207
56.50535920063948,55.03825926212649,53.466242085758886,48.89446592044201,50.07265561015767,55.362003051656245,3,0,6,206
53.70184975285403,56.50535920063948,55.03825926212649,53.466242085758886,48.89446592044201,50.07265561015767,3,0,7,205
52.48151543527907,53.70184975285403,56.50535920063948,55.03825926212649,53.466242085758886,48.89446592044201,3,0,8,204
48.05750586532184,52.48151543527907,53.70184975285403,56.50535920063948,55.03825926212649,53.466242085758886,3,0,9,203
46.80351182692325,48.05750586532184,52.48151543527907,53.70184975285403,56.50535920063948,55.03825926212649,3,0,10,202
41.31872308194282,46.80351182692325,48.05750586532184,52.48151543527907,53.70184975285403,56.50535920063948,3,0,11,201
41.90752170055866,41.31872308194282,46.80351182692325,48.05750586532184,52.48151543527907,53.70184975285403,3,0,12,200
43.834020310102844,41.90752170055866,41.31872308194282,46.80351182692325,48.05750586532184,52.48151543527907,3,0,13,199
49.38851793711511,43.834020310102844,41.90752170055866,41.31872308194282,46.80351182692325,48.05750586532184,3,0,14,198
43.46798801048715,49.38851793711511,43.834020310102844,41.90752170055866,41.31872308194282,46.80351182692325,3,0,15,197
41.810027219430566,43.46798801048715,49.38851793711511,43.834020310102844,41.90752170055866,41.31872308194282,3,0,16,196
41.801598574691155,41.810027219430566,43.46798801048715,49.38851793711511,43.834020310102844,41.90752170055866,3,0,17,195
45.68227223081146,41.801598574691155,41.810027219430566,43.46798801048715,49.38851793711511,43.834020310102844,3,0,18,194
41.882095421006696,45.68227223081146,41.801598574691155,41.810027219430566,43.46798801048715,49.38851793711511,3,0,19,193
38.492747958705664,41.882095421006696,45.68227223081146,41.801598574691155,41.810027219430566,43.46798801048715,3,0,20,192
35.723010157327316,38.492747958705664,41.882095421006696,45.68227223081146,41.801598574691155,41.810027219430566,3,0,21,191
40.307345110512514,35.723010157327316,38.492747958705664,41.882095421006696,45.68227223081146,41.801598574691155,3,0,22,190
39.89013926253915,40.307345110512514,35.723010157327316,38.492747958705664,41.882095421006696,45.68227223081146,3,0,23,189
38.84161726925808,39.89013926253915,40.307345110512514,35.723010157327316,38.492747958705664,41.882095421006696,3,0,24,188
39.551065177876126,38.84161726925808,39.89013926253915,40.307345110512514,35.723010157327316,38.492747958705664,3,0,25,187
42.120750709990034,39.551065177876126,38.84161726925808,39.89013926253915,40.307345110512514,35.723010157327316,3,0,26,186
35.645748321274695,42.120750709990034,39.551065177876126,38.84161726925808,39.89013926253915,40.307345110512514,3,0,27,185
33.78201517037442,35.645748321274695,42.120750709990034,39.551065177876126,38.84161726925808,39.89013926253915,3,0,28,184
35.908563451132295,33.78201517037442,35.645748321274695,42.120750709990034,39.551065177876126,38.84161726925808,3,0,29,183
39.38135622003024,35.908563451132295,33.78201517037442,35.645748321274695,42.120750709990034,39.551065177876126,3,0,30,182
38.21457118324363,39.38135622003024,35.908563451132295,33.78201517037442,35.645748321274695,42.120750709990034,3,0,31,181
35.186109693086806,38.21457118324363,39.38135622003024,35.908563451132295,33.78201517037442,35.645748321274695,3,0,32,180
32.99550639506303,35.186109693086806,38.21457118324363,39.38135622003024,35.908563451132295,33.78201517037442,3,0,33,179
32.993635350751575,32.99550639506303,35.186109693086806,38.21457118324363,39.38135622003024,35.908563451132295,3,0,34,178
33.7260320634234,32.993635350751575,32.99550639506303,35.186109693086806,38.21457118324363,39.38135622003024,3,0,35,177
29.26224463010071,33.7260320634234,32.993635350751575,32.99550639506303,35.186109693086806,38.21457118324363,3,0,36,176
27.54048098675931,29.26224463010071,33.7260320634234,32.993635350751575,32.99550639506303,35.186109693086806,3,0,37,175
28.88490674076521,27.54048098675931,29.26224463010071,33.7260320634234,32.993635350751575,32.99550639506303,3,0,38,174
30.90444282040448,28.88490674076521,27.54048098675931,29.26224463010071,33.7260320634234,32.993635350751575,3,0,39,173
31.52558585387034,30.90444282040448,28.88490674076521,27.54048098675931,29.26224463010071,33.7260320634234,3,0,40,172
33.62026319104681,31.52558585387034,30.90444282040448,28.88490674076521,27.54048098675931,29.26224463010071,3,0,41,171
35.37337499284841,33.62026319104681,31.52558585387034,30.90444282040448,28.88490674076521,27.54048098675931,3,0,42,170
32.86779376707485,35.37337499284841,33.62026319104681,31.52558585387034,30.90444282040448,28.88490674076521,3,0,43,169
28.700244793619326,32.86779376707485,35.37337499284841,33.62026319104681,31.52558585387034,30.90444282040448,3,0,44,168
28.167407494672098,28.700244793619326,32.86779376707485,35.37337499284841,33.62026319104681,31.52558585387034,3,0,45,167
31.038139842860957,28.167407494672098,28.700244793619326,32.86779376707485,35.37337499284841,33.62026319104681,3,0,46,166
30.420164415096327,31.038139842860957,28.167407494672098,28.700244793619326,32.86779376707485,35.37337499284841,3,0,47,165
30.248266513774492,30.420164415096327,31.038139842860957,28.167407494672098,28.700244793619326,32.86779376707485,3,0,48,164
26.619032317419865,30.248266513774492,30.420164415096327,31.038139842860957,28.167407494672098,28.700244793619326,3,0,49,163
31.95536658568387,26.619032317419865,30.248266513774492,30.420164415096327,31.038139842860957,28.167407494672098,3,0,50,162
31.642114695413028,31.95536658568387,26.619032317419865,30.248266513774492,30.420164415096327,31.038139842860957,3,0,51,161
34.82494446029882,31.642114695413028,31.95536658568387,26.619032317419865,30.248266513774492,30.420164415096327,3,0,52,160
30.761560204888333,34.82494446029882,31.642114695413028,31.95536658568387,26.619032317419865,30.248266513774492,3,0,53,159
32.742344426615276,30.761560204888333,34.82494446029882,31.642114695413028,31.95536658568387,26.619032317419865,3,0,54,158
24.227034100630483,32.742344426615276,30.761560204888333,34.82494446029882,31.642114695413028,31.95536658568387,3,0,55,157
22.744736336045218,24.227034100630483,32.742344426615276,30.761560204888333,34.82494446029882,31.642114695413028,3,0,56,156
23.74581334038663,22.744736336045218,24.227034100630483,32.742344426615276,30.761560204888333,34.82494446029882,3,0,57,155
27.271148421589587,23.74581334038663,22.744736336045218,24.227034100630483,32.742344426615276,30.761560204888333,3,0,58,154
29.207512456321076,27.271148421589587,23.74581334038663,22.744736336045218,24.227034100630483,32.742344426615276,3,0,59,153
27.445036370250577,29.207512456321076,27.271148421589587,23.74581334038663,22.744736336045218,24.227034100630483,3,0,60,152
21.10762991953029,27.445036370250577,29.207512456321076,27.271148421589587,23.74581334038663,22.744736336045218,3,0,61,151
19.708213615505603,21.10762991953029,27.445036370250577,29.207512456321076,27.271148421589587,23.74581334038663,3,0,62,150
22.686936520006327,19.708213615505603,21.10762991953029,27.445036370250577,29.207512456321076,27.271148421589587,3,0,63,149
26.394981669661924,22.686936520006327,19.708213615505603,21.10762991953029,27.445036370250577,29.207512456321076,3,0,64,148
26.99133657714933,26.394981669661924,22.686936520006327,19.708213615505603,21.10762991953029,27.445036370250577,3,0,65,147
18.325499915300938,26.99133657714933,26.394981669661924,22.686936520006327,19.708213615505603,21.10762991953029,3,0,66,146
15.144575696932199,18.325499915300938,26.99133657714933,26.394981669661924,22.686936520006327,19.708213615505603,3,0,67,145
14.855599726731011,15.144575696932199,18.325499915300938,26.99133657714933,26.394981669661924,22.686936520006327,3,0,68,144
17.837395609211374,14.855599726731011,15.144575696932199,18.325499915300938,26.99133657714933,26.394981669661924,3,0,69,143
15.921005067642634,17.837395609211374,14.855599726731011,15.144575696932199,18.325499915300938,26.99133657714933,3,0,70,142
19.699662040676024,15.921005067642634,17.837395609211374,14.855599726731011,15.144575696932199,18.325499915300938,3,0,71,141
17.54256961260716,19.699662040676024,15.921005067642634,17.837395609211374,14.855599726731011,15.144575696932199,3,0,72,140
15.467150289338525,17.54256961260716,19.699662040676024,15.921005067642634,17.837395609211374,14.855599726731011,3,0,73,139
9.732686220349015,15.467150289338525,17.54256961260716,19.699662040676024,15.921005067642634,17.837395609211374,3,0,74,138
17.395297455714946,9.732686220349015,15.467150289338525,17.54256961260716,19.699662040676024,15.921005067642634,3,0,75,137
18.01909109095677,17.395297455714946,9.732686220349015,15.467150289338525,17.54256961260716,19.699662040676024,3,0,76,136
16.247220268171663,18.01909109095677,17.395297455714946,9.732686220349015,15.467150289338525,17.54256961260716,3,0,77,135
12.447188859149977,16.247220268171663,18.01909109095677,17.395297455714946,9.732686220349015,15.467150289338525,3,0,78,134
20.424885989248754,12.447188859149977,16.247220268171663,18.01909109095677,17.395297455714946,9.732686220349015,3,0,79,133
19.028595079541116,20.424885989248754,12.447188859149977,16.247220268171663,18.01909109095677,17.395297455714946,3,0,80,132
17.994038205308573,19.028595079541116,20.424885989248754,12.447188859149977,16.247220268171663,18.01909109095677,3,0,81,131
14.374016623739612,17.994038205308573,19.028595079541116,20.424885989248754,12.447188859149977,16.247220268171663,3,0,82,130
21.117124207828482,14.374016623739612,17.994038205308573,19.028595079541116,20.424885989248754,12.447188859149977,3,0,83,129
18.08264599047108,21.117124207828482,14.374016623739612,17.994038205308573,19.028595079541116,20.424885989248754,3,0,84,128
16.58640288913812,18.08264599047108,21.117124207828482,14.374016623739612,17.994038205308573,19.028595079541116,3,0,85,127
13.257779036355235,16.58640288913812,18.08264599047108,21.117124207828482,14.374016623739612,17.994038205308573,3,0,86,126
20.355119288988313,13.257779036355235,16.58640288913812,18.08264599047108,21.117124207828482,14.374016623739612,3,0,87,125
19.982372303720695,20.355119288988313,13.257779036355235,16.58640288913812,18.08264599047108,21.117124207828482,3,0,88,124
20.509785024661372,19.982372303720695,20.355119288988313,13.257779036355235,16.58640288913812,18.08264599047108,3,0,89,123
17.603136355102738,20.509785024661372,19.982372303720695,20.355119288988313,13.257779036355235,16.58640288913812,3,0,90,122
19.536647982753447,17.603136355102738,20.509785024661372,19.982372303720695,20.355119288988313,13.257779036355235,3,0,91,121
18.17710395586567,19.536647982753447,17.603136355102738,20.509785024661372,19.982372303720695,20.355119288988313,3,0,92,120
20.02387029413726,18.17710395586567,19.536647982753447,17.603136355102738,20.509785024661372,19.982372303720695,3,0,93,119
20.063376515832857,20.02387029413726,18.17710395586567,19.536647982753447,17.603136355102738,20.509785024661372,3,0,94,118
24.84711669335811,20.063376515832857,20.02387029413726,18.17710395586567,19.536647982753447,17.603136355102738,3,0,95,117
24.560962988649006,24.84711669335811,20.063376515832857,20.02387029413726,18.17710395586567,19.536647982753447,3,0,96,116
22.339857220949135,24.560962988649006,24.84711669335811,20.063376515832857,20.02387029413726,18.17710395586567,3,0,97,115
19.75556095142541,22.339857220949135,24.560962988649006,24.84711669335811,20.063376515832857,20.02387029413726,3,0,98,114
18.9840304036322,19.75556095142541,22.339857220949135,24.560962988649006,24.84711669335811,20.063376515832857,3,0,99,113
21.612542978358906,18.9840304036322,19.75556095142541,22.339857220949135,24.560962988649006,24.84711669335811,3,0,100,112
24.660929868368015,21.612542978358906,18.9840304036322,19.75556095142541,22.339857220949135,24.560962988649006,3,0,101,111
24.489551688763196,24.660929868368015,21.612542978358906,18.9840304036322,19.75556095142541,22.339857220949135,3,0,102,110
23.64783402870778,24.489551688763196,24.660929868368015,21.612542978358906,18.9840304036322,19.75556095142541,3,0,103,109
22.033035032325305,23.64783402870778,24.489551688763196,24.660929868368015,21.612542978358906,18.9840304036322,3,0,104,108
17.800958366959506,22.033035032325305,23.64783402870778,24.489551688763196,24.660929868368015,21.612542978358906,3,0,105,107
15.976122072534272,17.800958366959506,22.033035032325305,23.64783402870778,24.489551688763196,24.660929868368015,3,0,106,106
14.769789506734952,15.976122072534272,17.800958366959506,22.033035032325305,23.64783402870778,24.489551688763196,3,0,107,105
19.905503097286854,14.769789506734952,15.976122072534272,17.800958366959506,22.033035032325305,23.64783402870778,3,0,108,104
24.433066179978233,19.905503097286854,14.769789506734952,15.976122072534272,17.800958366959506,22.033035032325305,3,0,109,103
25.17649660049189,24.433066179978233,19.905503097286854,14.769789506734952,15.976122072534272,17.800958366959506,3,0,110,102
20.273445783089983,25.17649660049189,24.433066179978233,19.905503097286854,14.769789506734952,15.976122072534272,3,0,111,101
18.38117327151599,20.273445783089983,25.17649660049189,24.433066179978233,19.905503097286854,14.769789506734952,3,0,112,100
12.214645949340412,18.38117327151599,20.273445783089983,25.17649660049189,24.433066179978233,19.905503097286854,3,0,113,99
13.125374452661202,12.214645949340412,18.38117327151599,20.273445783089983,25.17649660049189,24.433066179978233,3,0,114,98
14.263152712852001,13.125374452661202,12.214645949340412,18.38117327151599,20.273445783089983,25.17649660049189,3,0,115,97
19.397849089387982,14.263152712852001,13.125374452661202,12.214645949340412,18.38117327151599,20.273445783089983,3,0,116,96
18.991743305363872,19.397849089387982,14.263152712852001,13.125374452661202,12.214645949340412,18.38117327151599,3,0,117,95
21.78860696806705,18.991743305363872,19.397849089387982,14.263152712852001,13.125374452661202,12.214645949340412,3,0,118,94
21.38600135027196,21.78860696806705,18.991743305363872,19.397849089387982,14.263152712852001,13.125374452661202,3,0,119,93
20.76617819819163,21.38600135027196,21.78860696806705,18.991743305363872,19.397849089387982,14.263152712852001,3,0,120,92
18.595948591928757,20.76617819819163,21.38600135027196,21.78860696806705,18.991743305363872,19.397849089387982,3,0,121,91
19.780484373880974,18.595948591928757,20.76617819819163,21.38600135027196,21.78860696806705,18.991743305363872,3,0,122,90
18.324836418585903,19.780484373880974,18.595948591928757,20.76617819819163,21.38600135027196,21.78860696806705,3,0,123,89
18.721418350396657,18.324836418585903,19.780484373880974,18.595948591928757,20.76617819819163,21.38600135027196,3,0,124,88
19.60939446500841,18.721418350396657,18.324836418585903,19.780484373880974,18.595948591928757,20.76617819819163,3,0,125,87
20.67847087167841,19.60939446500841,18.721418350396657,18.324836418585903,19.780484373880974,18.595948591928757,3,0,126,86
20.291407148435244,20.67847087167841,19.60939446500841,18.721418350396657,18.324836418585903,19.780484373880974,3,0,127,85
21.503587571914707,20.291407148435244,20.67847087167841,19.60939446500841,18.721418350396657,18.324836418585903,3,0,128,84
18.35584375469342,21.503587571914707,20.291407148435244,20.67847087167841,19.60939446500841,18.721418350396657,3,0,129,83
14.529699480402037,18.35584375469342,21.503587571914707,20.291407148435244,20.67847087167841,19.60939446500841,3,0,130,82
12.917536271159218,14.529699480402037,18.35584375469342,21.503587571914707,20.291407148435244,20.67847087167841,3,0,131,81
17.98674713102974,12.917536271159218,14.529699480402037,18.35584375469342,21.503587571914707,20.291407148435244,3,0,132,80
20.51707030923525,17.98674713102974,12.917536271159218,14.529699480402037,18.35584375469342,21.503587571914707,3,0,133,79
24.411573372812082,20.51707030923525,17.98674713102974,12.917536271159218,14.529699480402037,18.35584375469342,3,0,134,78
25.688951042358013,24.411573372812082,20.51707030923525,17.98674713102974,12.917536271159218,14.529699480402037,3,0,135,77
22.30621402695002,25.688951042358013,24.411573372812082,20.51707030923525,17.98674713102974,12.917536271159218,3,0,136,76
17.84952723693441,22.30621402695002,25.688951042358013,24.411573372812082,20.51707030923525,17.98674713102974,3,0,137,75
17.120153107668386,17.84952723693441,22.30621402695002,25.688951042358013,24.411573372812082,20.51707030923525,3,0,138,74
20.424951225304607,17.120153107668386,17.84952723693441,22.30621402695002,25.688951042358013,24.411573372812082,3,0,139,73
24.458792690860335,20.424951225304607,17.120153107668386,17.84952723693441,22.30621402695002,25.688951042358013,3,0,140,72
23.56498438576584,24.458792690860335,20.424951225304607,17.120153107668386,17.84952723693441,22.30621402695002,3,0,141,71
23.202361448889736,23.56498438576584,24.458792690860335,20.424951225304607,17.120153107668386,17.84952723693441,3,0,142,70
18.541598748738302,23.202361448889736,23.56498438576584,24.458792690860335,20.424951225304607,17.120153107668386,3,0,143,69
19.31637790222017,18.541598748738302,23.202361448889736,23.56498438576584,24.458792690860335,20.424951225304607,3,0,144,68
19.94771773794565,19.31637790222017,18.541598748738302,23.202361448889736,23.56498438576584,24.458792690860335,3,0,145,67
25.762765317506307,19.94771773794565,19.31637790222017,18.541598748738302,23.202361448889736,23.56498438576584,3,0,146,66
25.55368162914705,25.762765317506307,19.94771773794565,19.31637790222017,18.541598748738302,23.202361448889736,3,0,147,65
23.68360605401095,25.55368162914705,25.762765317506307,19.94771773794565,19.31637790222017,18.541598748738302,3,0,148,64
22.398936519714503,23.68360605401095,25.55368162914705,25.762765317506307,19.94771773794565,19.31637790222017,3,0,149,63
27.065294638251263,22.398936519714503,23.68360605401095,25.55368162914705,25.762765317506307,19.94771773794565,3,0,150,62
28.028839346168144,27.065294638251263,22.398936519714503,23.68360605401095,25.55368162914705,25.762765317506307,3,0,151,61
24.345261265185343,28.028839346168144,27.065294638251263,22.398936519714503,23.68360605401095,25.55368162914705,3,0,152,60
20.252085853302813,24.345261265185343,28.028839346168144,27.065294638251263,22.398936519714503,23.68360605401095,3,0,153,59
18.02254092058448,20.252085853302813,24.345261265185343,28.028839346168144,27.065294638251263,22.398936519714503,3,0,154,58
21.34371007090836,18.02254092058448,20.252085853302813,24.345261265185343,28.028839346168144,27.065294638251263,3,0,155,57
18.829040077312747,21.34371007090836,18.02254092058448,20.252085853302813,24.345261265185343,28.028839346168144,3,0,156,56
21.040593358205673,18.829040077312747,21.34371007090836,18.02254092058448,20.252085853302813,24.345261265185343,3,0,157,55
22.307411968512323,21.040593358205673,18.829040077312747,21.34371007090836,18.02254092058448,20.252085853302813,3,0,158,54
21.310592392639315,22.307411968512323,21.040593358205673,18.829040077312747,21.34371007090836,18.02254092058448,3,0,159,53
20.185641482975253,21.310592392639315,22.307411968512323,21.040593358205673,18.829040077312747,21.34371007090836,3,0,160,52
23.89557466055449,20.185641482975253,21.310592392639315,22.307411968512323,21.040593358205673,18.829040077312747,3,0,161,51
24.51421409331562,23.89557466055449,20.185641482975253,21.310592392639315,22.307411968512323,21.040593358205673,3,0,162,50
25.1336495282368,24.51421409331562,23.89557466055449,20.185641482975253,21.310592392639315,22.307411968512323,3,0,163,49
19.933978798120485,25.1336495282368,24.51421409331562,23.89557466055449,20.185641482975253,21.310592392639315,3,0,164,48
20.738341117131043,19.933978798120485,25.1336495282368,24.51421409331562,23.89557466055449,20.185641482975253,3,0,165,47
20.222246549127423,20.738341117131043,19.933978798120485,25.1336495282368,24.51421409331562,23.89557466055449,3,0,166,46
18.70288679369844,20.222246549127423,20.738341117131043,19.933978798120485,25.1336495282368,24.51421409331562,3,0,167,45
15.090636858995147,18.70288679369844,20.222246549127423,20.738341117131043,19.933978798120485,25.1336495282368,3,0,168,44
17.131980836663196,15.090636858995147,18.70288679369844,20.222246549127423,20.738341117131043,19.933978798120485,3,0,169,43
19.782258552805242,17.131980836663196,15.090636858995147,18.70288679369844,20.222246549127423,20.738341117131043,3,0,170,42
20.986012213632165,19.782258552805242,17.131980836663196,15.090636858995147,18.70288679369844,20.222246549127423,3,0,171,41
20.269104639491797,20.986012213632165,19.782258552805242,17.131980836663196,15.090636858995147,18.70288679369844,3,0,172,40
16.244202386943158,20.269104639491797,20.986012213632165,19.782258552805242,17.131980836663196,15.090636858995147,3,0,173,39
18.738254496265032,16.244202386943158,20.269104639491797,20.986012213632165,19.782258552805242,17.131980836663196,3,0,174,38
17.930931781402915,18.738254496265032,16.244202386943158,20.269104639491797,20.986012213632165,19.782258552805242,3,0,175,37
18.01721312991677,17.930931781402915,18.738254496265032,16.244202386943158,20.269104639491797,20.986012213632165,3,0,176,36
16.016717568423662,18.01721312991677,17.930931781402915,18.738254496265032,16.244202386943158,20.269104639491797,3,0,177,35
16.431983129100665,16.016717568423662,18.01721312991677,17.930931781402915,18.738254496265032,16.244202386943158,3,0,178,34
17.88051535312935,16.431983129100665,16.016717568423662,18.01721312991677,17.930931781402915,18.738254496265032,3,0,179,33
15.599470182856185,17.88051535312935,16.431983129100665,16.016717568423662,18.01721312991677,17.930931781402915,3,0,180,32
15.655850339934458,15.599470182856185,17.88051535312935,16.431983129100665,16.016717568423662,18.01721312991677,3,0,181,31
14.183766890238843,15.655850339934458,15.599470182856185,17.88051535312935,16.431983129100665,16.016717568423662,3,0,182,30
13.25524477449045,14.183766890238843,15.655850339934458,15.599470182856185,17.88051535312935,16.431983129100665,3,0,183,29
11.67266575541685,13.25524477449045,14.183766890238843,15.655850339934458,15.599470182856185,17.88051535312935,3,0,184,28
11.078835779446873,11.67266575541685,13.25524477449045,14.183766890238843,15.655850339934458,15.599470182856185,3,0,185,27
15.346768256399422,11.078835779446873,11.67266575541685,13.25524477449045,14.183766890238843,15.655850339934458,3,0,186,26
23.074374864069167,15.346768256399422,11.078835779446873,11.67266575541685,13.25524477449045,14.183766890238843,3,0,187,25
24.996240122045148,23.074374864069167,15.346768256399422,11.078835779446873,11.67266575541685,13.25524477449045,3,0,188,24
22.883411861239562,24.996240122045148,23.074374864069167,15.346768256399422,11.078835779446873,11.67266575541685,3,0,189,23
20.70729702423187,22.883411861239562,24.996240122045148,23.074374864069167,15.346768256399422,11.078835779446873,3,0,190,22
14.254331707386726,20.70729702423187,22.883411861239562,24.996240122045148,23.074374864069167,15.346768256399422,3,0,191,21
11.274293965268045,14.254331707386726,20.70729702423187,22.883411861239562,24.996240122045148,23.074374864069167,3,0,192,20
14.188088279269401,11.274293965268045,14.254331707386726,20.70729702423187,22.883411861239562,24.996240122045148,3,0,193,19
14.76508644583468,14.188088279269401,11.274293965268045,14.254331707386726,20.70729702423187,22.883411861239562,3,0,194,18
14.056994440449689,14.76508644583468,14.188088279269401,11.274293965268045,14.254331707386726,20.70729702423187,3,0,195,17
10.795270100734186,14.056994440449689,14.76508644583468,14.188088279269401,11.274293965268045,14.254331707386726,3,0,196,16
9.557084319067394,10.795270100734186,14.056994440449689,14.76508644583468,14.188088279269401,11.274293965268045,3,0,197,15
12.759226453543848,9.557084319067394,10.795270100734186,14.056994440449689,14.76508644583468,14.188088279269401,3,0,198,14
8.632973609316394,12.759226453543848,9.557084319067394,10.795270100734186,14.056994440449689,14.76508644583468,3,0,199,13
3.221417714743078,8.632973609316394,12.759226453543848,9.557084319067394,10.795270100734186,14.056994440449689,3,0,200,12
4.698276698771856,3.221417714743078,8.632973609316394,12.759226453543848,9.557084319067394,10.795270100734186,3,0,201,11
4.877788555446489,4.698276698771856,3.221417714743078,8.632973609316394,12.759226453543848,9.557084319067394,3,0,202,10
3.231408937251552,4.877788555446489,4.698276698771856,3.221417714743078,8.632973609316394,12.759226453543848,3,0,203,9
-3.692464362903438,3.231408937251552,4.877788555446489,4.698276698771856,3.221417714743078,8.632973609316394,3,0,204,8
-3.7834629811247433,-3.692464362903438,3.231408937251552,4.877788555446489,4.698276698771856,3.221417714743078,3,0,205,7
1.0012332916911575,-3.7834629811247433,-3.692464362903438,3.231408937251552,4.877788555446489,4.698276698771856,3,0,206,6
-7.765435606836903,1.0012332916911575,-3.7834629811247433,-3.692464362903438,3.231408937251552,4.877788555446489,3,1,207,5
-2.397341619437451,-7.765435606836903,1.0012332916911575,-3.7834629811247433,-3.692464362903438,3.231408937251552,3,1,208,4
-3.5683804732717945,-2.397341619437451,-7.765435606836903,1.0012332916911575,-3.7834629811247433,-3.692464362903438,3,1,209,3
-4.308082265573746,-3.5683804732717945,-2.397341619437451,-7.765435606836903,1.0012332916911575,-3.7834629811247433,3,1,210,2
0.9907301256962286,-4.308082265573746,-3.5683804732717945,-2.397341619437451,-7.765435606836903,1.0012332916911575,3,1,211,1
-6.182156100142049,0.9907301256962286,-4.308082265573746,-3.5683804732717945,-2.397341619437451,-7.765435606836903,4,1,0,0
3.536438568854037,-6.182156100142049,0.9907301256962286,-4.308082265573746,-3.5683804732717945,-2.397341619437451,4,1,1,277
-12.836305178662835,3.536438568854037,-6.182156100142049,0.9907301256962286,-4.308082265573746,-3.5683804732717945,4,1,2,276
8.298406358945359,-12.836305178662835,3.536438568854037,-6.182156100142049,0.9907301256962286,-4.308082265573746,4,1,3,275
-9.820371200656256,8.298406358945359,-12.836305178662835,3.536438568854037,-6.182156100142049,0.9907301256962286,4,1,4,274
6.448439798277167,-9.820371200656256,8.298406358945359,-12.836305178662835,3.536438568854037,-6.182156100142049,4,0,5,273
-16.123197889671367,6.448439798277167,-9.820371200656256,8.298406358945359,-12.836305178662835,3.536438568854037,4,0,6,272
8.229298264337846,-16.123197889671367,6.448439798277167,-9.820371200656256,8.298406358945359,-12.836305178662835,4,0,7,271
-13.043880268500153,8.229298264337846,-16.123197889671367,6.448439798277167,-9.820371200656256,8.298406358945359,4,0,8,270
3.4660772220388227,-13.043880268500153,8.229298264337846,-16.123197889671367,6.448439798277167,-9.820371200656256,4,0,9,269
-8.495028242767384,3.4660772220388227,-13.043880268500153,8.229298264337846,-16.123197889671367,6.448439798277167,4,0,10,268
-4.013172391877744,-8.495028242767384,3.4660772220388227,-13.043880268500153,8.229298264337846,-16.123197889671367,4,0,11,267
-0.6631798276128116,-4.013172391877744,-8.495028242767384,3.4660772220388227,-13.043880268500153,8.229298264337846,4,0,12,266
-10.457298356226682,-0.6631798276128116,-4.013172391877744,-8.495028242767384,3.4660772220388227,-13.043880268500153,4,0,13,265
3.111447347129144,-10.457298356226682,-0.6631798276128116,-4.013172391877744,-8.495028242767384,3.4660772220388227,4,0,14,264
-11.599529290793093,3.111447347129144,-10.457298356226682,-0.6631798276128116,-4.013172391877744,-8.495028242767384,4,0,15,263
4.138098457714064,-11.599529290793093,3.111447347129144,-10.457298356226682,-0.6631798276128116,-4.013172391877744,4,0,16,262
-7.925160174161022,4.138098457714064,-11.599529290793093,3.111447347129144,-10.457298356226682,-0.6631798276128116,4,0,17,261
2.155720773822678,-7.925160174161022,4.138098457714064,-11.599529290793093,3.111447347129144,-10.457298356226682,4,0,18,260
-7.317047167051726,2.155720773822678,-7.925160174161022,4.138098457714064,-11.599529290793093,3.111447347129144,4,0,19,259
-1.1073715169591674,-7.317047167051726,2.155720773822678,-7.925160174161022,4.138098457714064,-11.599529290793093,4,0,20,258
-5.046800678204535,-1.1073715169591674,-7.317047167051726,2.155720773822678,-7.925160174161022,4.138098457714064,4,0,21,257
-3.4357334157403363,-5.046800678204535,-1.1073715169591674,-7.317047167051726,2.155720773822678,-7.925160174161022,4,0,22,256
-9.89350767539181,-3.4357334157403363,-5.046800678204535,-1.1073715169591674,-7.317047167051726,2.155720773822678,4,0,23,255
-3.3923083719365774,-9.89350767539181,-3.4357334157403363,-5.046800678204535,-1.1073715169591674,-7.317047167051726,4,0,24,254
-9.493853886249582,-3.3923083719365774,-9.89350767539181,-3.4357334157403363,-5.046800678204535,-1.1073715169591674,4,0,25,253
-10.30504770941673,-9.493853886249582,-3.3923083719365774,-9.89350767539181,-3.4357334157403363,-5.046800678204535,4,0,26,252
-13.752455118195886,-10.30504770941673,-9.493853886249582,-3.3923083719365774,-9.89350767539181,-3.4357334157403363,4,0,27,251
-2.5248788866398293,-13.752455118195886,-10.30504770941673,-9.493853886249582,-3.3923083719365774,-9.89350767539181,4,0,28,250
-13.941387892725398,-2.5248788866398293,-13.752455118195886,-10.30504770941673,-9.493853886249582,-3.3923083719365774,4,0,29,249
0.5835328597727756,-13.941387892725398,-2.5248788866398293,-13.752455118195886,-10.30504770941673,-9.493853886249582,4,0,30,248
-9.425227302552827,0.5835328597727756,-13.941387892725398,-2.5248788866398293,-13.752455118195886,-10.30504770941673,4,0,31,247
-1.3262436262269421,-9.425227302552827,0.5835328597727756,-13.941387892725398,-2.5248788866398293,-13.752455118195886,4,0,32,246
-3.1573158473264815,-1.3262436262269421,-9.425227302552827,0.5835328597727756,-13.941387892725398,-2.5248788866398293,4,0,33,245
-3.7099903133011747,-3.1573158473264815,-1.3262436262269421,-9.425227302552827,0.5835328597727756,-13.941387892725398,4,0,34,244
1.771198991049216,-3.7099903133011747,-3.1573158473264815,-1.3262436262269421,-9.425227302552827,0.5835328597727756,4,0,35,243
-6.907047844076344,1.771198991049216,-3.7099903133011747,-3.1573158473264815,-1.3262436262269421,-9.425227302552827,4,0,36,242
7.333955430593982,-6.907047844076344,1.771198991049216,-3.7099903133011747,-3.1573158473264815,-1.3262436262269421,4,0,37,241
-4.272852344970527,7.333955430593982,-6.907047844076344,1.771198991049216,-3.7099903133011747,-3.1573158473264815,4,0,38,240
7.9107154220190505,-4.272852344970527,7.333955430593982,-6.907047844076344,1.771198991049216,-3.7099903133011747,4,0,39,239
0.701035263724743,7.9107154220190505,-4.272852344970527,7.333955430593982,-6.907047844076344,1.771198991049216,4,0,40,238
6.705295997157304,0.701035263724743,7.9107154220190505,-4.272852344970527,7.333955430593982,-6.907047844076344,4,0,41,237
10.879891085099938,6.705295997157304,0.701035263724743,7.9107154220190505,-4.272852344970527,7.333955430593982,4,0,42,236
4.18392667036906,10.879891085099938,6.705295997157304,0.701035263724743,7.9107154220190505,-4.272852344970527,4,0,43,235
19.445969536763954,4.18392667036906,10.879891085099938,6.705295997157304,0.701035263724743,7.9107154220190505,4,0,44,234
4.181680067722219,19.445969536763954,4.18392667036906,10.879891085099938,6.705295997157304,0.701035263724743,4,0,45,233
25.623090481774213,4.181680067722219,19.445969536763954,4.18392667036906,10.879891085099938,6.705295997157304,4,0,46,232
9.656815545128183,25.623090481774213,4.181680067722219,19.445969536763954,4.18392667036906,10.879891085099938,4,0,47,231
32.01835009957226,9.656815545128183,25.623090481774213,4.181680067722219,19.445969536763954,4.18392667036906,4,0,48,230
12.327914367152282,32.01835009957226,9.656815545128183,25.623090481774213,4.181680067722219,19.445969536763954,4,0,49,229
31.865283144754404,12.327914367152282,32.01835009957226,9.656815545128183,25.623090481774213,4.181680067722219,4,0,50,228
21.349078761513077,31.865283144754404,12.327914367152282,32.01835009957226,9.656815545128183,25.623090481774213,4,0,51,227
28.299179737255272,21.349078761513077,31.865283144754404,12.327914367152282,32.01835009957226,9.656815545128183,4,0,52,226
32.75298067476385,28.299179737255272,21.349078761513077,31.865283144754404,12.327914367152282,32.01835009957226,4,0,53,225
29.19581888258859,32.75298067476385,28.299179737255272,21.349078761513077,31.865283144754404,12.327914367152282,4,0,54,224
32.42423645433561,29.19581888258859,32.75298067476385,28.299179737255272,21.349078761513077,31.865283144754404,4,0,55,223
33.20765573961452,32.42423645433561,29.19581888258859,32.75298067476385,28.299179737255272,21.349078761513077,4,0,56,222
37.19422515111619,33.20765573961452,32.42423645433561,29.19581888258859,32.75298067476385,28.299179737255272,4,0,57,221
39.264278361393906,37.19422515111619,33.20765573961452,32.42423645433561,29.19581888258859,32.75298067476385,4,0,58,220
43.06222602051871,39.264278361393906,37.19422515111619,33.20765573961452,32.42423645433561,29.19581888258859,4,0,59,219
39.183769860898195,43.06222602051871,39.264278361393906,37.19422515111619,33.20765573961452,32.42423645433561,4,0,60,218
47.39843459238092,39.183769860898195,43.06222602051871,39.264278361393906,37.19422515111619,33.20765573961452,4,0,61,217
44.961091676509085,47.39843459238092,39.183769860898195,43.06222602051871,39.264278361393906,37.19422515111619,4,0,62,216
48.402167659717456,44.961091676509085,47.39843459238092,39.183769860898195,43.06222602051871,39.264278361393906,4,0,63,215
50.322122755469884,48.402167659717456,44.961091676509085,47.39843459238092,39.183769860898195,43.06222602051871,4,0,64,214
45.59513577283333,50.322122755469884,48.402167659717456,44.961091676509085,47.39843459238092,39.183769860898195,4,0,65,213
60.86474209804784,45.59513577283333,50.322122755469884,48.402167659717456,44.961091676509085,47.39843459238092,4,0,66,212
46.39109291682528,60.86474209804784,45.59513577283333,50.322122755469884,48.402167659717456,44.961091676509085,4,0,67,211
66.6842330742029,46.39109291682528,60.86474209804784,45.59513577283333,50.322122755469884,48.402167659717456,4,0,68,210
49.170100528306214,66.6842330742029,46.39109291682528,60.86474209804784,45.59513577283333,50.322122755469884,4,0,69,209
72.75461754322106,49.170100528306214,66.6842330742029,46.39109291682528,60.86474209804784,45.59513577283333,4,0,70,208
51.038429668849545,72.75461754322106,49.170100528306214,66.6842330742029,46.39109291682528,60.86474209804784,4,0,71,207
72.33965667622581,51.038429668849545,72.75461754322106,49.170100528306214,66.6842330742029,46.39109291682528,4,0,72,206
53.38689262594783,72.33965667622581,51.038429668849545,72.75461754322106,49.170100528306214,66.6842330742029,4,0,73,205
73.43865577379762,53.38689262594783,72.33965667622581,51.038429668849545,72.75461754322106,49.170100528306214,4,0,74,204
59.466626198333756,73.43865577379762,53.38689262594783,72.33965667622581,51.038429668849545,72.75461754322106,4,0,75,203
65.04689942413323,59.466626198333756,73.43865577379762,53.38689262594783,72.33965667622581,51.038429668849545,4,0,76,202
65.9545563058891,65.04689942413323,59.466626198333756,73.43865577379762,53.38689262594783,72.33965667622581,4,0,77,201
63.971272732761996,65.9545563058891,65.04689942413323,59.466626198333756,73.43865577379762,53.38689262594783,4,0,78,200
74.71523763248365,63.971272732761996,65.9545563058891,65.04689942413323,59.466626198333756,73.43865577379762,4,0,79,199
58.70310668490052,74.71523763248365,63.971272732761996,65.9545563058891,65.04689942413323,59.466626198333756,4,0,80,198
79.52875673460139,58.70310668490052,74.71523763248365,63.971272732761996,65.9545563058891,65.04689942413323,4,0,81,197
56.58265187531669,79.52875673460139,58.70310668490052,74.71523763248365,63.971272732761996,65.9545563058891,4,0,82,196
82.09476910505853,56.58265187531669,79.52875673460139,58.70310668490052,74.71523763248365,63.971272732761996,4,0,83,195
56.73480105989995,82.09476910505853,56.58265187531669,79.52875673460139,58.70310668490052,74.71523763248365,4,0,84,194
81.78698660707443,56.73480105989995,82.09476910505853,56.58265187531669,79.52875673460139,58.70310668490052,4,0,85,193
58.15000253781966,81.78698660707443,56.73480105989995,82.09476910505853,56.58265187531669,79.52875673460139,4,0,86,192
80.7348414123538,58.15000253781966,81.78698660707443,56.73480105989995,82.09476910505853,56.58265187531669,4,0,87,191
66.14656120499438,80.7348414123538,58.15000253781966,81.78698660707443,56.73480105989995,82.09476910505853,4,0,88,190
77.68141814991688,66.14656120499438,80.7348414123538,58.15000253781966,81.78698660707443,56.73480105989995,4,0,89,189
71.24966188749721,77.68141814991688,66.14656120499438,80.7348414123538,58.15000253781966,81.78698660707443,4,0,90,188
73.27704349887051,71.24966188749721,77.68141814991688,66.14656120499438,80.7348414123538,58.15000253781966,4,0,91,187
74.36004123539367,73.27704349887051,71.24966188749721,77.68141814991688,66.14656120499438,80.7348414123538,4,0,92,186
73.40194582057491,74.36004123539367,73.27704349887051,71.24966188749721,77.68141814991688,66.14656120499438,4,0,93,185
72.28475504282162,73.40194582057491,74.36004123539367,73.27704349887051,71.24966188749721,77.68141814991688,4,0,94,184
74.29723263881954,72.28475504282162,73.40194582057491,74.36004123539367,73.27704349887051,71.24966188749721,4,0,95,183
70.99832532437433,74.29723263881954,72.28475504282162,73.40194582057491,74.36004123539367,73.27704349887051,4,0,96,182
76.25989114401999,70.99832532437433,74.29723263881954,72.28475504282162,73.40194582057491,74.36004123539367,4,0,97,181
69.781576276242,76.25989114401999,70.99832532437433,74.29723263881954,72.28475504282162,73.40194582057491,4,0,98,180
82.539455536193,69.781576276242,76.25989114401999,70.99832532437433,74.29723263881954,72.28475504282162,4,0,99,179
65.9600831303399,82.539455536193,69.781576276242,76.25989114401999,70.99832532437433,74.29723263881954,4,0,100,178
81.61764573230738,65.9600831303399,82.539455536193,69.781576276242,76.25989114401999,70.99832532437433,4,0,101,177
72.00741183511997,81.61764573230738,65.9600831303399,82.539455536193,69.781576276242,76.25989114401999,4,0,102,176
72.28706344588386,72.00741183511997,81.61764573230738,65.9600831303399,82.539455536193,69.781576276242,4,0,103,175
75.65299454798654,72.28706344588386,72.00741183511997,81.61764573230738,65.9600831303399,82.539455536193,4,0,104,174
64.4644444667581,75.65299454798654,72.28706344588386,72.00741183511997,81.61764573230738,65.9600831303399,4,0,105,173
78.61218804076915,64.4644444667581,75.65299454798654,72.28706344588386,72.00741183511997,81.61764573230738,4,0,106,172
64.78663860745093,78.61218804076915,64.4644444667581,75.65299454798654,72.28706344588386,72.00741183511997,4,0,107,171
81.95736875028689,64.78663860745093,78.61218804076915,64.4644444667581,75.65299454798654,72.28706344588386,4,0,108,170
61.487301417074605,81.95736875028689,64.78663860745093,78.61218804076915,64.4644444667581,75.65299454798654,4,0,109,169
78.95402131739964,61.487301417074605,81.95736875028689,64.78663860745093,78.61218804076915,64.4644444667581,4,0,110,168
65.54987250480434,78.95402131739964,61.487301417074605,81.95736875028689,64.78663860745093,78.61218804076915,4,0,111,167
70.69834900354533,65.54987250480434,78.95402131739964,61.487301417074605,81.95736875028689,64.78663860745093,4,0,112,166
65.54505484886798,70.69834900354533,65.54987250480434,78.95402131739964,61.487301417074605,81.95736875028689,4,0,113,165
69.34434613092807,65.54505484886798,70.69834900354533,65.54987250480434,78.95402131739964,61.487301417074605,4,0,114,164
69.04611293364368,69.34434613092807,65.54505484886798,70.69834900354533,65.54987250480434,78.95402131739964,4,0,115,163
57.597371102606424,69.04611293364368,69.34434613092807,65.54505484886798,70.69834900354533,65.54987250480434,4,0,116,162
70.32063910128338,57.597371102606424,69.04611293364368,69.34434613092807,65.54505484886798,70.69834900354533,4,0,117,161
61.471835274055316,70.32063910128338,57.597371102606424,69.04611293364368,69.34434613092807,65.54505484886798,4,0,118,160
66.83323338301274,61.471835274055316,70.32063910128338,57.597371102606424,69.04611293364368,69.34434613092807,4,0,119,159
58.609858852419684,66.83323338301274,61.471835274055316,70.32063910128338,57.597371102606424,69.04611293364368,4,0,120,158
65.63424075125312,58.609858852419684,66.83323338301274,61.471835274055316,70.32063910128338,57.597371102606424,4,0,121,157
61.66185242904876,65.63424075125312,58.609858852419684,66.83323338301274,61.471835274055316,70.32063910128338,4,0,122,156
54.700527409876884,61.66185242904876,65.63424075125312,58.609858852419684,66.83323338301274,61.471835274055316,4,0,123,155
51.078074745451104,54.700527409876884,61.66185242904876,65.63424075125312,58.609858852419684,66.83323338301274,4,0,124,154
50.75261010946066,51.078074745451104,54.700527409876884,61.66185242904876,65.63424075125312,58.609858852419684,4,0,125,153
48.76075894636401,50.75261010946066,51.078074745451104,54.700527409876884,61.66185242904876,65.63424075125312,4,0,126,152
40.442541837779125,48.76075894636401,50.75261010946066,51.078074745451104,54.700527409876884,61.66185242904876,4,0,127,151
44.27571956389167,40.442541837779125,48.76075894636401,50.75261010946066,51.078074745451104,54.700527409876884,4,0,128,150
40.63400688203151,44.27571956389167,40.442541837779125,48.76075894636401,50.75261010946066,51.078074745451104,4,0,129,149
39.7628820955342,40.63400688203151,44.27571956389167,40.442541837779125,48.76075894636401,50.75261010946066,4,0,130,148
35.2184970588831,39.7628820955342,40.63400688203151,44.27571956389167,40.442541837779125,48.76075894636401,4,0,131,147
38.13297624100788,35.2184970588831,39.7628820955342,40.63400688203151,44.27571956389167,40.442541837779125,4,0,132,146
32.30323817516265,38.13297624100788,35.2184970588831,39.7628820955342,40.63400688203151,44.27571956389167,4,0,133,145
31.855990446197595,32.30323817516265,38.13297624100788,35.2184970588831,39.7628820955342,40.63400688203151,4,0,134,144
28.425958666318603,31.855990446197595,32.30323817516265,38.13297624100788,35.2184970588831,39.7628820955342,4,0,135,143
34.611230034526734,28.425958666318603,31.855990446197595,32.30323817516265,38.13297624100788,35.2184970588831,4,0,136,142
24.064845879638504,34.611230034526734,28.425958666318603,31.855990446197595,32.30323817516265,38.13297624100788,4,0,137,141
26.596489740979358,24.064845879638504,34.611230034526734,28.425958666318603,31.855990446197595,32.30323817516265,4,0,138,140
24.239638571057707,26.596489740979358,24.064845879638504,34.611230034526734,28.425958666318603,31.855990446197595,4,0,139,139
31.582223201473127,24.239638571057707,26.596489740979358,24.064845879638504,34.611230034526734,28.425958666318603,4,0,140,138
16.9208474992988,31.582223201473127,24.239638571057707,26.596489740979358,24.064845879638504,34.611230034526734,4,0,141,137
28.24440026612197,16.9208474992988,31.582223201473127,24.239638571057707,26.596489740979358,24.064845879638504,4,0,142,136
17.93875401857518,28.24440026612197,16.9208474992988,31.582223201473127,24.239638571057707,26.596489740979358,4,0,143,135
25.69732251947233,17.93875401857518,28.24440026612197,16.9208474992988,31.582223201473127,24.239638571057707,4,0,144,134
18.28714853843409,25.69732251947233,17.93875401857518,28.24440026612197,16.9208474992988,31.582223201473127,4,0,145,133
22.752828406815944,18.28714853843409,25.69732251947233,17.93875401857518,28.24440026612197,16.9208474992988,4,0,146,132
24.946204924731234,22.752828406815944,18.28714853843409,25.69732251947233,17.93875401857518,28.24440026612197,4,0,147,131
21.819740993917577,24.946204924731234,22.752828406815944,18.28714853843409,25.69732251947233,17.93875401857518,4,0,148,130
19.401649635989564,21.819740993917577,24.946204924731234,22.752828406815944,18.28714853843409,25.69732251947233,4,0,149,129
21.004610200090987,19.401649635989564,21.819740993917577,24.946204924731234,22.752828406815944,18.28714853843409,4,0,150,128
29.551308691600767,21.004610200090987,19.401649635989564,21.819740993917577,24.946204924731234,22.752828406815944,4,0,151,127
17.629668536517784,29.551308691600767,21.004610200090987,19.401649635989564,21.819740993917577,24.946204924731234,4,0,152,126
34.78327344509803,17.629668536517784,29.551308691600767,21.004610200090987,19.401649635989564,21.819740993917577,4,0,153,125
21.106746136266196,34.78327344509803,17.629668536517784,29.551308691600767,21.004610200090987,19.401649635989564,4,0,154,124
35.7572107413595,21.106746136266196,34.78327344509803,17.629668536517784,29.551308691600767,21.004610200090987,4,0,155,123
28.06673442090709,35.7572107413595,21.106746136266196,34.78327344509803,17.629668536517784,29.551308691600767,4,0,156,122
30.362786723282493,28.06673442090709,35.7572107413595,21.106746136266196,34.78327344509803,17.629668536517784,4,0,157,121
40.2666334613828,30.362786723282493,28.06673442090709,35.7572107413595,21.106746136266196,34.78327344509803,4,0,158,120
32.38013213564555,40.2666334613828,30.362786723282493,28.06673442090709,35.7572107413595,21.106746136266196,4,0,159,119
40.64629150277273,32.38013213564555,40.2666334613828,30.362786723282493,28.06673442090709,35.7572107413595,4,0,160,118
32.85791599645444,40.64629150277273,32.38013213564555,40.2666334613828,30.362786723282493,28.06673442090709,4,0,161,117
45.72130877235044,32.85791599645444,40.64629150277273,32.38013213564555,40.2666334613828,30.362786723282493,4,0,162,116
38.90197306018828,45.72130877235044,32.85791599645444,40.64629150277273,32.38013213564555,40.2666334613828,4,0,163,115
44.31677784944629,38.90197306018828,45.72130877235044,32.85791599645444,40.64629150277273,32.38013213564555,4,0,164,114
40.27889924151678,44.31677784944629,38.90197306018828,45.72130877235044,32.85791599645444,40.64629150277273,4,0,165,113
48.485006622531415,40.27889924151678,44.31677784944629,38.90197306018828,45.72130877235044,32.85791599645444,4,0,166,112
47.64550856666237,48.485006622531415,40.27889924151678,44.31677784944629,38.90197306018828,45.72130877235044,4,0,167,111
54.211231597951056,47.64550856666237,48.485006622531415,40.27889924151678,44.31677784944629,38.90197306018828,4,0,168,110
47.691888173827195,54.211231597951056,47.64550856666237,48.485006622531415,40.27889924151678,44.31677784944629,4,0,169,109
56.75985521293058,47.691888173827195,54.211231597951056,47.64550856666237,48.485006622531415,40.27889924151678,4,0,170,108
51.32003777044045,56.75985521293058,47.691888173827195,54.211231597951056,47.64550856666237,48.485006622531415,4,0,171,107
63.58223328260678,51.32003777044045,56.75985521293058,47.691888173827195,54.211231597951056,47.64550856666237,4,0,172,106
54.69726560671648,63.58223328260678,51.32003777044045,56.75985521293058,47.691888173827195,54.211231597951056,4,0,173,105
65.10765151613825,54.69726560671648,63.58223328260678,51.32003777044045,56.75985521293058,47.691888173827195,4,0,174,104
57.97939602346211,65.10765151613825,54.69726560671648,63.58223328260678,51.32003777044045,56.75985521293058,4,0,175,103
70.37038380183877,57.97939602346211,65.10765151613825,54.69726560671648,63.58223328260678,51.32003777044045,4,0,176,102
60.54879295147644,70.37038380183877,57.97939602346211,65.10765151613825,54.69726560671648,63.58223328260678,4,0,177,101
70.91460158431035,60.54879295147644,70.37038380183877,57.97939602346211,65.10765151613825,54.69726560671648,4,0,178,100
