t,t-1,t-2,t-3,t-4,t-5,concept,transition,steps_since_bkp,steps_to_bkp
5.738624181409849,5.978038462515133,5.03145889341379,4.22225348574273,3.8360448193064136,3.5089798520201434,1,0,100,389
4.807031872111233,5.738624181409849,5.978038462515133,5.03145889341379,4.22225348574273,3.8360448193064136,1,0,101,388
4.028743685160225,4.807031872111233,5.738624181409849,5.978038462515133,5.03145889341379,4.22225348574273,1,0,102,387
3.7421280278069404,4.028743685160225,4.807031872111233,5.738624181409849,5.978038462515133,5.03145889341379,1,0,103,386
3.185694870528055,3.7421280278069404,4.028743685160225,4.807031872111233,5.738624181409849,5.978038462515133,1,0,104,385
4.091655733390587,3.185694870528055,3.7421280278069404,4.028743685160225,4.807031872111233,5.738624181409849,1,0,105,384
4.483783962444643,4.091655733390587,3.185694870528055,3.7421280278069404,4.028743685160225,4.807031872111233,1,0,106,383
4.103309191827599,4.483783962444643,4.091655733390587,3.185694870528055,3.7421280278069404,4.028743685160225,1,0,107,382
4.216324579060397,4.103309191827599,4.483783962444643,4.091655733390587,3.185694870528055,3.7421280278069404,1,0,108,381
4.291159197018362,4.216324579060397,4.103309191827599,4.483783962444643,4.091655733390587,3.185694870528055,1,0,109,380
5.377912648685921,4.291159197018362,4.216324579060397,4.103309191827599,4.483783962444643,4.091655733390587,1,0,110,379
6.527487857212706,5.377912648685921,4.291159197018362,4.216324579060397,4.103309191827599,4.483783962444643,1,0,111,378
7.386641832770358,6.527487857212706,5.377912648685921,4.291159197018362,4.216324579060397,4.103309191827599,1,0,112,377
7.623546362554988,7.386641832770358,6.527487857212706,5.377912648685921,4.291159197018362,4.216324579060397,1,0,113,376
7.411075198252553,7.623546362554988,7.386641832770358,6.527487857212706,5.377912648685921,4.291159197018362,1,0,114,375
7.402074152708937,7.411075198252553,7.623546362554988,7.386641832770358,6.527487857212706,5.377912648685921,1,0,115,374
6.897917904876331,7.402074152708937,7.411075198252553,7.623546362554988,7.386641832770358,6.527487857212706,1,0,116,373
6.267638676355269,6.897917904876331,7.402074152708937,7.411075198252553,7.623546362554988,7.386641832770358,1,0,117,372
6.019893229485712,6.267638676355269,6.897917904876331,7.402074152708937,7.411075198252553,7.623546362554988,1,0,118,371
5.903026717692796,6.019893229485712,6.267638676355269,6.897917904876331,7.402074152708937,7.411075198252553,1,0,119,370
6.204173874039803,5.903026717692796,6.019893229485712,6.267638676355269,6.897917904876331,7.402074152708937,1,0,120,369
6.949533844904439,6.204173874039803,5.903026717692796,6.019893229485712,6.267638676355269,6.897917904876331,1,0,121,368
6.92577540089247,6.949533844904439,6.204173874039803,5.903026717692796,6.019893229485712,6.267638676355269,1,0,122,367
7.227965935592834,6.92577540089247,6.949533844904439,6.204173874039803,5.903026717692796,6.019893229485712,1,0,123,366
7.614199545597537,7.227965935592834,6.92577540089247,6.949533844904439,6.204173874039803,5.903026717692796,1,0,124,365
7.667302579327344,7.614199545597537,7.227965935592834,6.92577540089247,6.949533844904439,6.204173874039803,1,0,125,364
7.633896809053818,7.667302579327344,7.614199545597537,7.227965935592834,6.92577540089247,6.949533844904439,1,0,126,363
6.612325601033377,7.633896809053818,7.667302579327344,7.614199545597537,7.227965935592834,6.92577540089247,1,0,127,362
6.307034034136589,6.612325601033377,7.633896809053818,7.667302579327344,7.614199545597537,7.227965935592834,1,0,128,361
5.540545878839234,6.307034034136589,6.612325601033377,7.633896809053818,7.667302579327344,7.614199545597537,1,0,129,360
5.314316302327362,5.540545878839234,6.307034034136589,6.612325601033377,7.633896809053818,7.667302579327344,1,0,130,359
4.599415980593625,5.314316302327362,5.540545878839234,6.307034034136589,6.612325601033377,7.633896809053818,1,0,131,358
4.120757241044449,4.599415980593625,5.314316302327362,5.540545878839234,6.307034034136589,6.612325601033377,1,0,132,357
3.8806541095529243,4.120757241044449,4.599415980593625,5.314316302327362,5.540545878839234,6.307034034136589,1,0,133,356
3.2083010991718206,3.8806541095529243,4.120757241044449,4.599415980593625,5.314316302327362,5.540545878839234,1,0,134,355
2.665956677672213,3.2083010991718206,3.8806541095529243,4.120757241044449,4.599415980593625,5.314316302327362,1,0,135,354
2.243613392528399,2.665956677672213,3.2083010991718206,3.8806541095529243,4.120757241044449,4.599415980593625,1,0,136,353
2.371630310148877,2.243613392528399,2.665956677672213,3.2083010991718206,3.8806541095529243,4.120757241044449,1,0,137,352
1.3671054937356757,2.371630310148877,2.243613392528399,2.665956677672213,3.2083010991718206,3.8806541095529243,1,0,138,351
0.6504108110065516,1.3671054937356757,2.371630310148877,2.243613392528399,2.665956677672213,3.2083010991718206,1,0,139,350
0.7179532709900507,0.6504108110065516,1.3671054937356757,2.371630310148877,2.243613392528399,2.665956677672213,1,0,140,349
1.8074206546463087,0.7179532709900507,0.6504108110065516,1.3671054937356757,2.371630310148877,2.243613392528399,1,0,141,348
2.0242438953741853,1.8074206546463087,0.7179532709900507,0.6504108110065516,1.3671054937356757,2.371630310148877,1,0,142,347
2.290666027391957,2.0242438953741853,1.8074206546463087,0.7179532709900507,0.6504108110065516,1.3671054937356757,1,0,143,346
1.8154040208439677,2.290666027391957,2.0242438953741853,1.8074206546463087,0.7179532709900507,0.6504108110065516,1,0,144,345
1.4294483015552681,1.8154040208439677,2.290666027391957,2.0242438953741853,1.8074206546463087,0.7179532709900507,1,0,145,344
1.3814408394417306,1.4294483015552681,1.8154040208439677,2.290666027391957,2.0242438953741853,1.8074206546463087,1,0,146,343
1.0922163733375503,1.3814408394417306,1.4294483015552681,1.8154040208439677,2.290666027391957,2.0242438953741853,1,0,147,342
1.6827018320664313,1.0922163733375503,1.3814408394417306,1.4294483015552681,1.8154040208439677,2.290666027391957,1,0,148,341
2.4826793361031303,1.6827018320664313,1.0922163733375503,1.3814408394417306,1.4294483015552681,1.8154040208439677,1,0,149,340
3.3048132744468934,2.4826793361031303,1.6827018320664313,1.0922163733375503,1.3814408394417306,1.4294483015552681,1,0,150,339
3.468308472689591,3.3048132744468934,2.4826793361031303,1.6827018320664313,1.0922163733375503,1.3814408394417306,1,0,151,338
3.254827578551513,3.468308472689591,3.3048132744468934,2.4826793361031303,1.6827018320664313,1.0922163733375503,1,0,152,337
2.7459579346992253,3.254827578551513,3.468308472689591,3.3048132744468934,2.4826793361031303,1.6827018320664313,1,0,153,336
1.8553419963095674,2.7459579346992253,3.254827578551513,3.468308472689591,3.3048132744468934,2.4826793361031303,1,0,154,335
1.6590613735320012,1.8553419963095674,2.7459579346992253,3.254827578551513,3.468308472689591,3.3048132744468934,1,0,155,334
1.7100910637744844,1.6590613735320012,1.8553419963095674,2.7459579346992253,3.254827578551513,3.468308472689591,1,0,156,333
0.9370036980156125,1.7100910637744844,1.6590613735320012,1.8553419963095674,2.7459579346992253,3.254827578551513,1,0,157,332
0.6506345643432428,0.9370036980156125,1.7100910637744844,1.6590613735320012,1.8553419963095674,2.7459579346992253,1,0,158,331
0.5416245877345002,0.6506345643432428,0.9370036980156125,1.7100910637744844,1.6590613735320012,1.8553419963095674,1,0,159,330
0.5611376570581317,0.5416245877345002,0.6506345643432428,0.9370036980156125,1.7100910637744844,1.6590613735320012,1,0,160,329
1.0120592165666378,0.5611376570581317,0.5416245877345002,0.6506345643432428,0.9370036980156125,1.7100910637744844,1,0,161,328
1.4981118281893537,1.0120592165666378,0.5611376570581317,0.5416245877345002,0.6506345643432428,0.9370036980156125,1,0,162,327
2.80384059237867,1.4981118281893537,1.0120592165666378,0.5611376570581317,0.5416245877345002,0.6506345643432428,1,0,163,326
1.9577553258765852,2.80384059237867,1.4981118281893537,1.0120592165666378,0.5611376570581317,0.5416245877345002,1,0,164,325
1.045751732792904,1.9577553258765852,2.80384059237867,1.4981118281893537,1.0120592165666378,0.5611376570581317,1,0,165,324
0.09495291467082895,1.045751732792904,1.9577553258765852,2.80384059237867,1.4981118281893537,1.0120592165666378,1,0,166,323
-0.4296845083032243,0.09495291467082895,1.045751732792904,1.9577553258765852,2.80384059237867,1.4981118281893537,1,0,167,322
-1.208277920632052,-0.4296845083032243,0.09495291467082895,1.045751732792904,1.9577553258765852,2.80384059237867,1,0,168,321
-0.88384111725205,-1.208277920632052,-0.4296845083032243,0.09495291467082895,1.045751732792904,1.9577553258765852,1,0,169,320
-1.0727908514299007,-0.88384111725205,-1.208277920632052,-0.4296845083032243,0.09495291467082895,1.045751732792904,1,0,170,319
-1.6403883210956458,-1.0727908514299007,-0.88384111725205,-1.208277920632052,-0.4296845083032243,0.09495291467082895,1,0,171,318
-1.49775464621948,-1.6403883210956458,-1.0727908514299007,-0.88384111725205,-1.208277920632052,-0.4296845083032243,1,0,172,317
-0.3399193550195544,-1.49775464621948,-1.6403883210956458,-1.0727908514299007,-0.88384111725205,-1.208277920632052,1,0,173,316
0.701344200537054,-0.3399193550195544,-1.49775464621948,-1.6403883210956458,-1.0727908514299007,-0.88384111725205,1,0,174,315
1.0443296368237405,0.701344200537054,-0.3399193550195544,-1.49775464621948,-1.6403883210956458,-1.0727908514299007,1,0,175,314
1.2063519254261357,1.0443296368237405,0.701344200537054,-0.3399193550195544,-1.49775464621948,-1.6403883210956458,1,0,176,313
2.126469197257987,1.2063519254261357,1.0443296368237405,0.701344200537054,-0.3399193550195544,-1.49775464621948,1,0,177,312
2.0454055799306654,2.126469197257987,1.2063519254261357,1.0443296368237405,0.701344200537054,-0.3399193550195544,1,0,178,311
2.487060367360765,2.0454055799306654,2.126469197257987,1.2063519254261357,1.0443296368237405,0.701344200537054,1,0,179,310
2.5382927037566803,2.487060367360765,2.0454055799306654,2.126469197257987,1.2063519254261357,1.0443296368237405,1,0,180,309
3.4884060014553815,2.5382927037566803,2.487060367360765,2.0454055799306654,2.126469197257987,1.2063519254261357,1,0,181,308
5.10261220706632,3.4884060014553815,2.5382927037566803,2.487060367360765,2.0454055799306654,2.126469197257987,1,0,182,307
6.713038992728705,5.10261220706632,3.4884060014553815,2.5382927037566803,2.487060367360765,2.0454055799306654,1,0,183,306
7.58128957613454,6.713038992728705,5.10261220706632,3.4884060014553815,2.5382927037566803,2.487060367360765,1,0,184,305
7.818941898479192,7.58128957613454,6.713038992728705,5.10261220706632,3.4884060014553815,2.5382927037566803,1,0,185,304
7.445084219887676,7.818941898479192,7.58128957613454,6.713038992728705,5.10261220706632,3.4884060014553815,1,0,186,303
7.85098214998595,7.445084219887676,7.818941898479192,7.58128957613454,6.713038992728705,5.10261220706632,1,0,187,302
8.335790697907218,7.85098214998595,7.445084219887676,7.818941898479192,7.58128957613454,6.713038992728705,1,0,188,301
8.559888131272563,8.335790697907218,7.85098214998595,7.445084219887676,7.818941898479192,7.58128957613454,1,0,189,300
9.159132180050227,8.559888131272563,8.335790697907218,7.85098214998595,7.445084219887676,7.818941898479192,1,0,190,299
8.950674174805867,9.159132180050227,8.559888131272563,8.335790697907218,7.85098214998595,7.445084219887676,1,0,191,298
9.559738951483792,8.950674174805867,9.159132180050227,8.559888131272563,8.335790697907218,7.85098214998595,1,0,192,297
9.993458893154504,9.559738951483792,8.950674174805867,9.159132180050227,8.559888131272563,8.335790697907218,1,0,193,296
9.877133946892133,9.993458893154504,9.559738951483792,8.950674174805867,9.159132180050227,8.559888131272563,1,0,194,295
10.473034448263734,9.877133946892133,9.993458893154504,9.559738951483792,8.950674174805867,9.159132180050227,1,0,195,294
11.075032272495271,10.473034448263734,9.877133946892133,9.993458893154504,9.559738951483792,8.950674174805867,1,0,196,293
11.160879463459425,11.075032272495271,10.473034448263734,9.877133946892133,9.993458893154504,9.559738951483792,1,0,197,292
10.982637365712812,11.160879463459425,11.075032272495271,10.473034448263734,9.877133946892133,9.993458893154504,1,0,198,291
11.025097155095178,10.982637365712812,11.160879463459425,11.075032272495271,10.473034448263734,9.877133946892133,1,0,199,290
11.443200724833977,11.025097155095178,10.982637365712812,11.160879463459425,11.075032272495271,10.473034448263734,1,0,200,289
11.866748392576712,11.443200724833977,11.025097155095178,10.982637365712812,11.160879463459425,11.075032272495271,1,0,201,288
12.426991330633134,11.866748392576712,11.443200724833977,11.025097155095178,10.982637365712812,11.160879463459425,1,0,202,287
12.809175311585749,12.426991330633134,11.866748392576712,11.443200724833977,11.025097155095178,10.982637365712812,1,0,203,286
13.785395653947557,12.809175311585749,12.426991330633134,11.866748392576712,11.443200724833977,11.025097155095178,1,0,204,285
14.908013356093461,13.785395653947557,12.809175311585749,12.426991330633134,11.866748392576712,11.443200724833977,1,0,205,284
15.880931492273879,14.908013356093461,13.785395653947557,12.809175311585749,12.426991330633134,11.866748392576712,1,0,206,283
16.25892351241603,15.880931492273879,14.908013356093461,13.785395653947557,12.809175311585749,12.426991330633134,1,0,207,282
16.504369566322406,16.25892351241603,15.880931492273879,14.908013356093461,13.785395653947557,12.809175311585749,1,0,208,281
16.393999581666574,16.504369566322406,16.25892351241603,15.880931492273879,14.908013356093461,13.785395653947557,1,0,209,280
17.157689696748815,16.393999581666574,16.504369566322406,16.25892351241603,15.880931492273879,14.908013356093461,1,0,210,279
18.27650075476859,17.157689696748815,16.393999581666574,16.504369566322406,16.25892351241603,15.880931492273879,1,0,211,278
19.731433652884164,18.27650075476859,17.157689696748815,16.393999581666574,16.504369566322406,16.25892351241603,1,0,212,277
20.816696085185747,19.731433652884164,18.27650075476859,17.157689696748815,16.393999581666574,16.504369566322406,1,0,213,276
21.85764066725052,20.816696085185747,19.731433652884164,18.27650075476859,17.157689696748815,16.393999581666574,1,0,214,275
22.766112597603335,21.85764066725052,20.816696085185747,19.731433652884164,18.27650075476859,17.157689696748815,1,0,215,274
23.970447851445066,22.766112597603335,21.85764066725052,20.816696085185747,19.731433652884164,18.27650075476859,1,0,216,273
25.42023969147978,23.970447851445066,22.766112597603335,21.85764066725052,20.816696085185747,19.731433652884164,1,0,217,272
26.176798220910193,25.42023969147978,23.970447851445066,22.766112597603335,21.85764066725052,20.816696085185747,1,0,218,271
27.59862552849293,26.176798220910193,25.42023969147978,23.970447851445066,22.766112597603335,21.85764066725052,1,0,219,270
28.951451047419237,27.59862552849293,26.176798220910193,25.42023969147978,23.970447851445066,22.766112597603335,1,0,220,269
30.18867416718466,28.951451047419237,27.59862552849293,26.176798220910193,25.42023969147978,23.970447851445066,1,0,221,268
30.942092758722588,30.18867416718466,28.951451047419237,27.59862552849293,26.176798220910193,25.42023969147978,1,0,222,267
31.88436092780597,30.942092758722588,30.18867416718466,28.951451047419237,27.59862552849293,26.176798220910193,1,0,223,266
32.975248960571285,31.88436092780597,30.942092758722588,30.18867416718466,28.951451047419237,27.59862552849293,1,0,224,265
34.02102159014806,32.975248960571285,31.88436092780597,30.942092758722588,30.18867416718466,28.951451047419237,1,0,225,264
35.02470164413879,34.02102159014806,32.975248960571285,31.88436092780597,30.942092758722588,30.18867416718466,1,0,226,263
35.68352282047204,35.02470164413879,34.02102159014806,32.975248960571285,31.88436092780597,30.942092758722588,1,0,227,262
37.00666123806979,35.68352282047204,35.02470164413879,34.02102159014806,32.975248960571285,31.88436092780597,1,0,228,261
37.58159163605695,37.00666123806979,35.68352282047204,35.02470164413879,34.02102159014806,32.975248960571285,1,0,229,260
38.3964092217956,37.58159163605695,37.00666123806979,35.68352282047204,35.02470164413879,34.02102159014806,1,0,230,259
38.862117085031876,38.3964092217956,37.58159163605695,37.00666123806979,35.68352282047204,35.02470164413879,1,0,231,258
39.243961243752366,38.862117085031876,38.3964092217956,37.58159163605695,37.00666123806979,35.68352282047204,1,0,232,257
39.016712736995814,39.243961243752366,38.862117085031876,38.3964092217956,37.58159163605695,37.00666123806979,1,0,233,256
39.18058972823361,39.016712736995814,39.243961243752366,38.862117085031876,38.3964092217956,37.58159163605695,1,0,234,255
40.05602666197868,39.18058972823361,39.016712736995814,39.243961243752366,38.862117085031876,38.3964092217956,1,0,235,254
40.87277773099496,40.05602666197868,39.18058972823361,39.016712736995814,39.243961243752366,38.862117085031876,1,0,236,253
41.44157961478454,40.87277773099496,40.05602666197868,39.18058972823361,39.016712736995814,39.243961243752366,1,0,237,252
41.010920477720894,41.44157961478454,40.87277773099496,40.05602666197868,39.18058972823361,39.016712736995814,1,0,238,251
39.616363875584526,41.010920477720894,41.44157961478454,40.87277773099496,40.05602666197868,39.18058972823361,1,0,239,250
38.65494515287744,39.616363875584526,41.010920477720894,41.44157961478454,40.87277773099496,40.05602666197868,1,0,240,249
37.77494570880606,38.65494515287744,39.616363875584526,41.010920477720894,41.44157961478454,40.87277773099496,1,0,241,248
36.96221038775709,37.77494570880606,38.65494515287744,39.616363875584526,41.010920477720894,41.44157961478454,1,0,242,247
36.187936855999546,36.96221038775709,37.77494570880606,38.65494515287744,39.616363875584526,41.010920477720894,1,0,243,246
36.190327631889595,36.187936855999546,36.96221038775709,37.77494570880606,38.65494515287744,39.616363875584526,1,0,244,245
37.076470004391176,36.190327631889595,36.187936855999546,36.96221038775709,37.77494570880606,38.65494515287744,1,0,245,244
37.41453687002045,37.076470004391176,36.190327631889595,36.187936855999546,36.96221038775709,37.77494570880606,1,0,246,243
37.42775079657098,37.41453687002045,37.076470004391176,36.190327631889595,36.187936855999546,36.96221038775709,1,0,247,242
37.35009251931555,37.42775079657098,37.41453687002045,37.076470004391176,36.190327631889595,36.187936855999546,1,0,248,241
37.4336772962485,37.35009251931555,37.42775079657098,37.41453687002045,37.076470004391176,36.190327631889595,1,0,249,240
37.76773060136006,37.4336772962485,37.35009251931555,37.42775079657098,37.41453687002045,37.076470004391176,1,0,250,239
38.838972946561675,37.76773060136006,37.4336772962485,37.35009251931555,37.42775079657098,37.41453687002045,1,0,251,238
39.576519437547915,38.838972946561675,37.76773060136006,37.4336772962485,37.35009251931555,37.42775079657098,1,0,252,237
40.25912361676195,39.576519437547915,38.838972946561675,37.76773060136006,37.4336772962485,37.35009251931555,1,0,253,236
40.598494263358,40.25912361676195,39.576519437547915,38.838972946561675,37.76773060136006,37.4336772962485,1,0,254,235
40.57162317827955,40.598494263358,40.25912361676195,39.576519437547915,38.838972946561675,37.76773060136006,1,0,255,234
40.246387249090965,40.57162317827955,40.598494263358,40.25912361676195,39.576519437547915,38.838972946561675,1,0,256,233
40.30016526113623,40.246387249090965,40.57162317827955,40.598494263358,40.25912361676195,39.576519437547915,1,0,257,232
40.16182349100988,40.30016526113623,40.246387249090965,40.57162317827955,40.598494263358,40.25912361676195,1,0,258,231
39.12023552866714,40.16182349100988,40.30016526113623,40.246387249090965,40.57162317827955,40.598494263358,1,0,259,230
38.85480616787344,39.12023552866714,40.16182349100988,40.30016526113623,40.246387249090965,40.57162317827955,1,0,260,229
37.55633379838852,38.85480616787344,39.12023552866714,40.16182349100988,40.30016526113623,40.246387249090965,1,0,261,228
36.636195798708876,37.55633379838852,38.85480616787344,39.12023552866714,40.16182349100988,40.30016526113623,1,0,262,227
35.957175515914535,36.636195798708876,37.55633379838852,38.85480616787344,39.12023552866714,40.16182349100988,1,0,263,226
35.45482820260014,35.957175515914535,36.636195798708876,37.55633379838852,38.85480616787344,39.12023552866714,1,0,264,225
35.5892496146067,35.45482820260014,35.957175515914535,36.636195798708876,37.55633379838852,38.85480616787344,1,0,265,224
35.47171045147727,35.5892496146067,35.45482820260014,35.957175515914535,36.636195798708876,37.55633379838852,1,0,266,223
35.062218227905774,35.47171045147727,35.5892496146067,35.45482820260014,35.957175515914535,36.636195798708876,1,0,267,222
34.70602428902592,35.062218227905774,35.47171045147727,35.5892496146067,35.45482820260014,35.957175515914535,1,0,268,221
34.2462236464927,34.70602428902592,35.062218227905774,35.47171045147727,35.5892496146067,35.45482820260014,1,0,269,220
33.77311077259819,34.2462236464927,34.70602428902592,35.062218227905774,35.47171045147727,35.5892496146067,1,0,270,219
33.41754435648893,33.77311077259819,34.2462236464927,34.70602428902592,35.062218227905774,35.47171045147727,1,0,271,218
32.37789989786729,33.41754435648893,33.77311077259819,34.2462236464927,34.70602428902592,35.062218227905774,1,0,272,217
31.650545109620527,32.37789989786729,33.41754435648893,33.77311077259819,34.2462236464927,34.70602428902592,1,0,273,216
30.296657429575596,31.650545109620527,32.37789989786729,33.41754435648893,33.77311077259819,34.2462236464927,1,0,274,215
29.99013336855894,30.296657429575596,31.650545109620527,32.37789989786729,33.41754435648893,33.77311077259819,1,0,275,214
30.11053722997464,29.99013336855894,30.296657429575596,31.650545109620527,32.37789989786729,33.41754435648893,1,0,276,213
29.733610420503577,30.11053722997464,29.99013336855894,30.296657429575596,31.650545109620527,32.37789989786729,1,0,277,212
28.92838644744909,29.733610420503577,30.11053722997464,29.99013336855894,30.296657429575596,31.650545109620527,1,0,278,211
29.550540966626308,28.92838644744909,29.733610420503577,30.11053722997464,29.99013336855894,30.296657429575596,1,0,279,210
29.83869107615522,29.550540966626308,28.92838644744909,29.733610420503577,30.11053722997464,29.99013336855894,1,0,280,209
30.2505057478567,29.83869107615522,29.550540966626308,28.92838644744909,29.733610420503577,30.11053722997464,1,0,281,208
30.93248211788032,30.2505057478567,29.83869107615522,29.550540966626308,28.92838644744909,29.733610420503577,1,0,282,207
31.488576426925,30.93248211788032,30.2505057478567,29.83869107615522,29.550540966626308,28.92838644744909,1,0,283,206
31.730844296231993,31.488576426925,30.93248211788032,30.2505057478567,29.83869107615522,29.550540966626308,1,0,284,205
31.442700598132284,31.730844296231993,31.488576426925,30.93248211788032,30.2505057478567,29.83869107615522,1,0,285,204
31.293654254544204,31.442700598132284,31.730844296231993,31.488576426925,30.93248211788032,30.2505057478567,1,0,286,203
30.257789389658708,31.293654254544204,31.442700598132284,31.730844296231993,31.488576426925,30.93248211788032,1,0,287,202
28.80194149980747,30.257789389658708,31.293654254544204,31.442700598132284,31.730844296231993,31.488576426925,1,0,288,201
27.75001631022786,28.80194149980747,30.257789389658708,31.293654254544204,31.442700598132284,31.730844296231993,1,0,289,200
27.5463744043056,27.75001631022786,28.80194149980747,30.257789389658708,31.293654254544204,31.442700598132284,1,0,290,199
28.003617773560862,27.5463744043056,27.75001631022786,28.80194149980747,30.257789389658708,31.293654254544204,1,0,291,198
27.711580962050384,28.003617773560862,27.5463744043056,27.75001631022786,28.80194149980747,30.257789389658708,1,0,292,197
27.89355552853099,27.711580962050384,28.003617773560862,27.5463744043056,27.75001631022786,28.80194149980747,1,0,293,196
27.60197443061285,27.89355552853099,27.711580962050384,28.003617773560862,27.5463744043056,27.75001631022786,1,0,294,195
28.02734302706952,27.60197443061285,27.89355552853099,27.711580962050384,28.003617773560862,27.5463744043056,1,0,295,194
28.22283928661731,28.02734302706952,27.60197443061285,27.89355552853099,27.711580962050384,28.003617773560862,1,0,296,193
28.984310201379056,28.22283928661731,28.02734302706952,27.60197443061285,27.89355552853099,27.711580962050384,1,0,297,192
29.659652146750318,28.984310201379056,28.22283928661731,28.02734302706952,27.60197443061285,27.89355552853099,1,0,298,191
29.85359555387865,29.659652146750318,28.984310201379056,28.22283928661731,28.02734302706952,27.60197443061285,1,0,299,190
28.912956750955516,29.85359555387865,29.659652146750318,28.984310201379056,28.22283928661731,28.02734302706952,1,0,300,189
28.524288695041083,28.912956750955516,29.85359555387865,29.659652146750318,28.984310201379056,28.22283928661731,1,0,301,188
27.975006284000884,28.524288695041083,28.912956750955516,29.85359555387865,29.659652146750318,28.984310201379056,1,0,302,187
27.734378054540848,27.975006284000884,28.524288695041083,28.912956750955516,29.85359555387865,29.659652146750318,1,0,303,186
26.699765230657718,27.734378054540848,27.975006284000884,28.524288695041083,28.912956750955516,29.85359555387865,1,0,304,185
26.132707673460335,26.699765230657718,27.734378054540848,27.975006284000884,28.524288695041083,28.912956750955516,1,0,305,184
25.959339169268606,26.132707673460335,26.699765230657718,27.734378054540848,27.975006284000884,28.524288695041083,1,0,306,183
25.704983554531054,25.959339169268606,26.132707673460335,26.699765230657718,27.734378054540848,27.975006284000884,1,0,307,182
25.314876839166388,25.704983554531054,25.959339169268606,26.132707673460335,26.699765230657718,27.734378054540848,1,0,308,181
25.14088227487809,25.314876839166388,25.704983554531054,25.959339169268606,26.132707673460335,26.699765230657718,1,0,309,180
24.040463002120802,25.14088227487809,25.314876839166388,25.704983554531054,25.959339169268606,26.132707673460335,1,0,310,179
23.200879164547768,24.040463002120802,25.14088227487809,25.314876839166388,25.704983554531054,25.959339169268606,1,0,311,178
22.886152012984432,23.200879164547768,24.040463002120802,25.14088227487809,25.314876839166388,25.704983554531054,1,0,312,177
23.403266366530165,22.886152012984432,23.200879164547768,24.040463002120802,25.14088227487809,25.314876839166388,1,0,313,176
24.119606758342332,23.403266366530165,22.886152012984432,23.200879164547768,24.040463002120802,25.14088227487809,1,0,314,175
24.829975615311508,24.119606758342332,23.403266366530165,22.886152012984432,23.200879164547768,24.040463002120802,1,0,315,174
25.64500517394308,24.829975615311508,24.119606758342332,23.403266366530165,22.886152012984432,23.200879164547768,1,0,316,173
26.795132871062897,25.64500517394308,24.829975615311508,24.119606758342332,23.403266366530165,22.886152012984432,1,0,317,172
27.384871776711005,26.795132871062897,25.64500517394308,24.829975615311508,24.119606758342332,23.403266366530165,1,0,318,171
27.25554829679245,27.384871776711005,26.795132871062897,25.64500517394308,24.829975615311508,24.119606758342332,1,0,319,170
27.251629102196507,27.25554829679245,27.384871776711005,26.795132871062897,25.64500517394308,24.829975615311508,1,0,320,169
25.993288671717774,27.251629102196507,27.25554829679245,27.384871776711005,26.795132871062897,25.64500517394308,1,0,321,168
24.933360318711532,25.993288671717774,27.251629102196507,27.25554829679245,27.384871776711005,26.795132871062897,1,0,322,167
24.024374189752294,24.933360318711532,25.993288671717774,27.251629102196507,27.25554829679245,27.384871776711005,1,0,323,166
23.751964177944746,24.024374189752294,24.933360318711532,25.993288671717774,27.251629102196507,27.25554829679245,1,0,324,165
23.783955605213976,23.751964177944746,24.024374189752294,24.933360318711532,25.993288671717774,27.251629102196507,1,0,325,164
23.840630578957242,23.783955605213976,23.751964177944746,24.024374189752294,24.933360318711532,25.993288671717774,1,0,326,163
23.54369343027937,23.840630578957242,23.783955605213976,23.751964177944746,24.024374189752294,24.933360318711532,1,0,327,162
23.280548428179692,23.54369343027937,23.840630578957242,23.783955605213976,23.751964177944746,24.024374189752294,1,0,328,161
23.069418689083204,23.280548428179692,23.54369343027937,23.840630578957242,23.783955605213976,23.751964177944746,1,0,329,160
23.584159506249826,23.069418689083204,23.280548428179692,23.54369343027937,23.840630578957242,23.783955605213976,1,0,330,159
24.322811670203755,23.584159506249826,23.069418689083204,23.280548428179692,23.54369343027937,23.840630578957242,1,0,331,158
24.827802428743723,24.322811670203755,23.584159506249826,23.069418689083204,23.280548428179692,23.54369343027937,1,0,332,157
25.54468661851537,24.827802428743723,24.322811670203755,23.584159506249826,23.069418689083204,23.280548428179692,1,0,333,156
27.032228633096143,25.54468661851537,24.827802428743723,24.322811670203755,23.584159506249826,23.069418689083204,1,0,334,155
28.91910310994062,27.032228633096143,25.54468661851537,24.827802428743723,24.322811670203755,23.584159506249826,1,0,335,154
30.809310221526406,28.91910310994062,27.032228633096143,25.54468661851537,24.827802428743723,24.322811670203755,1,0,336,153
32.059342590758476,30.809310221526406,28.91910310994062,27.032228633096143,25.54468661851537,24.827802428743723,1,0,337,152
33.24246579241957,32.059342590758476,30.809310221526406,28.91910310994062,27.032228633096143,25.54468661851537,1,0,338,151
34.02212331433899,33.24246579241957,32.059342590758476,30.809310221526406,28.91910310994062,27.032228633096143,1,0,339,150
34.19405801478877,34.02212331433899,33.24246579241957,32.059342590758476,30.809310221526406,28.91910310994062,1,0,340,149
34.261079592415,34.19405801478877,34.02212331433899,33.24246579241957,32.059342590758476,30.809310221526406,1,0,341,148
34.00301743889806,34.261079592415,34.19405801478877,34.02212331433899,33.24246579241957,32.059342590758476,1,0,342,147
34.173522191947626,34.00301743889806,34.261079592415,34.19405801478877,34.02212331433899,33.24246579241957,1,0,343,146
34.83597384111553,34.173522191947626,34.00301743889806,34.261079592415,34.19405801478877,34.02212331433899,1,0,344,145
34.849560656641486,34.83597384111553,34.173522191947626,34.00301743889806,34.261079592415,34.19405801478877,1,0,345,144
34.37782807869186,34.849560656641486,34.83597384111553,34.173522191947626,34.00301743889806,34.261079592415,1,0,346,143
33.82287941820667,34.37782807869186,34.849560656641486,34.83597384111553,34.173522191947626,34.00301743889806,1,0,347,142
32.37247019515213,33.82287941820667,34.37782807869186,34.849560656641486,34.83597384111553,34.173522191947626,1,0,348,141
31.391041223565747,32.37247019515213,33.82287941820667,34.37782807869186,34.849560656641486,34.83597384111553,1,0,349,140
30.80439485684256,31.391041223565747,32.37247019515213,33.82287941820667,34.37782807869186,34.849560656641486,1,0,350,139
29.649102176075978,30.80439485684256,31.391041223565747,32.37247019515213,33.82287941820667,34.37782807869186,1,0,351,138
28.80990792396589,29.649102176075978,30.80439485684256,31.391041223565747,32.37247019515213,33.82287941820667,1,0,352,137
28.427183153989677,28.80990792396589,29.649102176075978,30.80439485684256,31.391041223565747,32.37247019515213,1,0,353,136
27.564230264636674,28.427183153989677,28.80990792396589,29.649102176075978,30.80439485684256,31.391041223565747,1,0,354,135
26.64081431845265,27.564230264636674,28.427183153989677,28.80990792396589,29.649102176075978,30.80439485684256,1,0,355,134
25.68428678626215,26.64081431845265,27.564230264636674,28.427183153989677,28.80990792396589,29.649102176075978,1,0,356,133
24.63824587833719,25.68428678626215,26.64081431845265,27.564230264636674,28.427183153989677,28.80990792396589,1,0,357,132
23.54202987809667,24.63824587833719,25.68428678626215,26.64081431845265,27.564230264636674,28.427183153989677,1,0,358,131
22.964332255040315,23.54202987809667,24.63824587833719,25.68428678626215,26.64081431845265,27.564230264636674,1,0,359,130
22.120142128761916,22.964332255040315,23.54202987809667,24.63824587833719,25.68428678626215,26.64081431845265,1,0,360,129
21.916816491050373,22.120142128761916,22.964332255040315,23.54202987809667,24.63824587833719,25.68428678626215,1,0,361,128
21.487690084500056,21.916816491050373,22.120142128761916,22.964332255040315,23.54202987809667,24.63824587833719,1,0,362,127
20.1411625838912,21.487690084500056,21.916816491050373,22.120142128761916,22.964332255040315,23.54202987809667,1,0,363,126
18.62517572537533,20.1411625838912,21.487690084500056,21.916816491050373,22.120142128761916,22.964332255040315,1,0,364,125
16.29542420310036,18.62517572537533,20.1411625838912,21.487690084500056,21.916816491050373,22.120142128761916,1,0,365,124
14.398932366930545,16.29542420310036,18.62517572537533,20.1411625838912,21.487690084500056,21.916816491050373,1,0,366,123
13.608004845717117,14.398932366930545,16.29542420310036,18.62517572537533,20.1411625838912,21.487690084500056,1,0,367,122
12.783703272220817,13.608004845717117,14.398932366930545,16.29542420310036,18.62517572537533,20.1411625838912,1,0,368,121
11.81640709680849,12.783703272220817,13.608004845717117,14.398932366930545,16.29542420310036,18.62517572537533,1,0,369,120
11.61284623534695,11.81640709680849,12.783703272220817,13.608004845717117,14.398932366930545,16.29542420310036,1,0,370,119
11.190873940633814,11.61284623534695,11.81640709680849,12.783703272220817,13.608004845717117,14.398932366930545,1,0,371,118
10.619544137691063,11.190873940633814,11.61284623534695,11.81640709680849,12.783703272220817,13.608004845717117,1,0,372,117
10.214043512538593,10.619544137691063,11.190873940633814,11.61284623534695,11.81640709680849,12.783703272220817,1,0,373,116
9.95902455563206,10.214043512538593,10.619544137691063,11.190873940633814,11.61284623534695,11.81640709680849,1,0,374,115
9.152584177254626,9.95902455563206,10.214043512538593,10.619544137691063,11.190873940633814,11.61284623534695,1,0,375,114
8.44833570460996,9.152584177254626,9.95902455563206,10.214043512538593,10.619544137691063,11.190873940633814,1,0,376,113
8.224867464754926,8.44833570460996,9.152584177254626,9.95902455563206,10.214043512538593,10.619544137691063,1,0,377,112
8.660946913892612,8.224867464754926,8.44833570460996,9.152584177254626,9.95902455563206,10.214043512538593,1,0,378,111
9.058575409081847,8.660946913892612,8.224867464754926,8.44833570460996,9.152584177254626,9.95902455563206,1,0,379,110
9.092664099122906,9.058575409081847,8.660946913892612,8.224867464754926,8.44833570460996,9.152584177254626,1,0,380,109
9.011909370462472,9.092664099122906,9.058575409081847,8.660946913892612,8.224867464754926,8.44833570460996,1,0,381,108
9.190724985824813,9.011909370462472,9.092664099122906,9.058575409081847,8.660946913892612,8.224867464754926,1,0,382,107
8.79890906652356,9.190724985824813,9.011909370462472,9.092664099122906,9.058575409081847,8.660946913892612,1,0,383,106
8.467336709473653,8.79890906652356,9.190724985824813,9.011909370462472,9.092664099122906,9.058575409081847,1,0,384,105
7.600365427604593,8.467336709473653,8.79890906652356,9.190724985824813,9.011909370462472,9.092664099122906,1,0,385,104
6.901369844124037,7.600365427604593,8.467336709473653,8.79890906652356,9.190724985824813,9.011909370462472,1,0,386,103
7.343560793120278,6.901369844124037,7.600365427604593,8.467336709473653,8.79890906652356,9.190724985824813,1,0,387,102
8.439992908900715,7.343560793120278,6.901369844124037,7.600365427604593,8.467336709473653,8.79890906652356,1,0,388,101
9.393540810112293,8.439992908900715,7.343560793120278,6.901369844124037,7.600365427604593,8.467336709473653,1,0,389,100
10.456263383020376,9.393540810112293,8.439992908900715,7.343560793120278,6.901369844124037,7.600365427604593,1,0,390,99
11.873255125651163,10.456263383020376,9.393540810112293,8.439992908900715,7.343560793120278,6.901369844124037,1,0,391,98
13.066831057602405,11.873255125651163,10.456263383020376,9.393540810112293,8.439992908900715,7.343560793120278,1,0,392,97
15.191545410530695,13.066831057602405,11.873255125651163,10.456263383020376,9.393540810112293,8.439992908900715,1,0,393,96
16.864247761272523,15.191545410530695,13.066831057602405,11.873255125651163,10.456263383020376,9.393540810112293,1,0,394,95
18.170437284136064,16.864247761272523,15.191545410530695,13.066831057602405,11.873255125651163,10.456263383020376,1,0,395,94
18.916850039621398,18.170437284136064,16.864247761272523,15.191545410530695,13.066831057602405,11.873255125651163,1,0,396,93
19.43746177292778,18.916850039621398,18.170437284136064,16.864247761272523,15.191545410530695,13.066831057602405,1,0,397,92
19.271671898681888,19.43746177292778,18.916850039621398,18.170437284136064,16.864247761272523,15.191545410530695,1,0,398,91
19.685253904285574,19.271671898681888,19.43746177292778,18.916850039621398,18.170437284136064,16.864247761272523,1,0,399,90
20.750166249719314,19.685253904285574,19.271671898681888,19.43746177292778,18.916850039621398,18.170437284136064,1,0,400,89
21.364213881403252,20.750166249719314,19.685253904285574,19.271671898681888,19.43746177292778,18.916850039621398,1,0,401,88
21.158264540300262,21.364213881403252,20.750166249719314,19.685253904285574,19.271671898681888,19.43746177292778,1,0,402,87
21.96621525994368,21.158264540300262,21.364213881403252,20.750166249719314,19.685253904285574,19.271671898681888,1,0,403,86
22.692283235667514,21.96621525994368,21.158264540300262,21.364213881403252,20.750166249719314,19.685253904285574,1,0,404,85
23.734017552615637,22.692283235667514,21.96621525994368,21.158264540300262,21.364213881403252,20.750166249719314,1,0,405,84
24.705504347203945,23.734017552615637,22.692283235667514,21.96621525994368,21.158264540300262,21.364213881403252,1,0,406,83
24.939265281057885,24.705504347203945,23.734017552615637,22.692283235667514,21.96621525994368,21.158264540300262,1,0,407,82
25.55475395052799,24.939265281057885,24.705504347203945,23.734017552615637,22.692283235667514,21.96621525994368,1,0,408,81
25.968131159202535,25.55475395052799,24.939265281057885,24.705504347203945,23.734017552615637,22.692283235667514,1,0,409,80
26.476115635084838,25.968131159202535,25.55475395052799,24.939265281057885,24.705504347203945,23.734017552615637,1,0,410,79
26.625396556451435,26.476115635084838,25.968131159202535,25.55475395052799,24.939265281057885,24.705504347203945,1,0,411,78
26.39795244567685,26.625396556451435,26.476115635084838,25.968131159202535,25.55475395052799,24.939265281057885,1,0,412,77
26.15062440245246,26.39795244567685,26.625396556451435,26.476115635084838,25.968131159202535,25.55475395052799,1,0,413,76
26.40479466667972,26.15062440245246,26.39795244567685,26.625396556451435,26.476115635084838,25.968131159202535,1,0,414,75
26.289667700986243,26.40479466667972,26.15062440245246,26.39795244567685,26.625396556451435,26.476115635084838,1,0,415,74
25.91838215220636,26.289667700986243,26.40479466667972,26.15062440245246,26.39795244567685,26.625396556451435,1,0,416,73
25.893514336714812,25.91838215220636,26.289667700986243,26.40479466667972,26.15062440245246,26.39795244567685,1,0,417,72
25.729147282437673,25.893514336714812,25.91838215220636,26.289667700986243,26.40479466667972,26.15062440245246,1,0,418,71
25.4181451773331,25.729147282437673,25.893514336714812,25.91838215220636,26.289667700986243,26.40479466667972,1,0,419,70
24.745462026557707,25.4181451773331,25.729147282437673,25.893514336714812,25.91838215220636,26.289667700986243,1,0,420,69
24.03928501769407,24.745462026557707,25.4181451773331,25.729147282437673,25.893514336714812,25.91838215220636,1,0,421,68
23.080503793111866,24.03928501769407,24.745462026557707,25.4181451773331,25.729147282437673,25.893514336714812,1,0,422,67
21.17011568650711,23.080503793111866,24.03928501769407,24.745462026557707,25.4181451773331,25.729147282437673,1,0,423,66
20.140064363266703,21.17011568650711,23.080503793111866,24.03928501769407,24.745462026557707,25.4181451773331,1,0,424,65
19.168166779082824,20.140064363266703,21.17011568650711,23.080503793111866,24.03928501769407,24.745462026557707,1,0,425,64
18.31671870349382,19.168166779082824,20.140064363266703,21.17011568650711,23.080503793111866,24.03928501769407,1,0,426,63
18.345286951071603,18.31671870349382,19.168166779082824,20.140064363266703,21.17011568650711,23.080503793111866,1,0,427,62
17.786537943960827,18.345286951071603,18.31671870349382,19.168166779082824,20.140064363266703,21.17011568650711,1,0,428,61
17.984310380566427,17.786537943960827,18.345286951071603,18.31671870349382,19.168166779082824,20.140064363266703,1,0,429,60
17.855081285907918,17.984310380566427,17.786537943960827,18.345286951071603,18.31671870349382,19.168166779082824,1,0,430,59
17.377171120211266,17.855081285907918,17.984310380566427,17.786537943960827,18.345286951071603,18.31671870349382,1,0,431,58
17.780630663906415,17.377171120211266,17.855081285907918,17.984310380566427,17.786537943960827,18.345286951071603,1,0,432,57
17.24532328311719,17.780630663906415,17.377171120211266,17.855081285907918,17.984310380566427,17.786537943960827,1,0,433,56
16.308614001510488,17.24532328311719,17.780630663906415,17.377171120211266,17.855081285907918,17.984310380566427,1,0,434,55
16.21149822167293,16.308614001510488,17.24532328311719,17.780630663906415,17.377171120211266,17.855081285907918,1,0,435,54
16.50545904280602,16.21149822167293,16.308614001510488,17.24532328311719,17.780630663906415,17.377171120211266,1,0,436,53
16.770618787797176,16.50545904280602,16.21149822167293,16.308614001510488,17.24532328311719,17.780630663906415,1,0,437,52
17.099212770522037,16.770618787797176,16.50545904280602,16.21149822167293,16.308614001510488,17.24532328311719,1,0,438,51
17.04755781386368,17.099212770522037,16.770618787797176,16.50545904280602,16.21149822167293,16.308614001510488,1,0,439,50
17.33286945004343,17.04755781386368,17.099212770522037,16.770618787797176,16.50545904280602,16.21149822167293,1,0,440,49
17.335991953238025,17.33286945004343,17.04755781386368,17.099212770522037,16.770618787797176,16.50545904280602,1,0,441,48
17.416906981742603,17.335991953238025,17.33286945004343,17.04755781386368,17.099212770522037,16.770618787797176,1,0,442,47
16.641962878499427,17.416906981742603,17.335991953238025,17.33286945004343,17.04755781386368,17.099212770522037,1,0,443,46
16.65615127714388,16.641962878499427,17.416906981742603,17.335991953238025,17.33286945004343,17.04755781386368,1,0,444,45
16.032410025168975,16.65615127714388,16.641962878499427,17.416906981742603,17.335991953238025,17.33286945004343,1,0,445,44
15.263244487071587,16.032410025168975,16.65615127714388,16.641962878499427,17.416906981742603,17.335991953238025,1,0,446,43
14.871061786074248,15.263244487071587,16.032410025168975,16.65615127714388,16.641962878499427,17.416906981742603,1,0,447,42
16.2866524305348,14.871061786074248,15.263244487071587,16.032410025168975,16.65615127714388,16.641962878499427,1,0,448,41
16.832041883632904,16.2866524305348,14.871061786074248,15.263244487071587,16.032410025168975,16.65615127714388,1,0,449,40
16.742767115866098,16.832041883632904,16.2866524305348,14.871061786074248,15.263244487071587,16.032410025168975,1,0,450,39
16.724014160903863,16.742767115866098,16.832041883632904,16.2866524305348,14.871061786074248,15.263244487071587,1,0,451,38
16.097685850536852,16.724014160903863,16.742767115866098,16.832041883632904,16.2866524305348,14.871061786074248,1,0,452,37
15.747723103618641,16.097685850536852,16.724014160903863,16.742767115866098,16.832041883632904,16.2866524305348,1,0,453,36
14.976574778136746,15.747723103618641,16.097685850536852,16.724014160903863,16.742767115866098,16.832041883632904,1,0,454,35
14.895492930524545,14.976574778136746,15.747723103618641,16.097685850536852,16.724014160903863,16.742767115866098,1,0,455,34
15.228340538328473,14.895492930524545,14.976574778136746,15.747723103618641,16.097685850536852,16.724014160903863,1,0,456,33
15.794259562370875,15.228340538328473,14.895492930524545,14.976574778136746,15.747723103618641,16.097685850536852,1,0,457,32
15.481571876462493,15.794259562370875,15.228340538328473,14.895492930524545,14.976574778136746,15.747723103618641,1,0,458,31
16.529638604511824,15.481571876462493,15.794259562370875,15.228340538328473,14.895492930524545,14.976574778136746,1,0,459,30
18.210317272308146,16.529638604511824,15.481571876462493,15.794259562370875,15.228340538328473,14.895492930524545,1,0,460,29
19.277392816812224,18.210317272308146,16.529638604511824,15.481571876462493,15.794259562370875,15.228340538328473,1,0,461,28
19.364231822476885,19.277392816812224,18.210317272308146,16.529638604511824,15.481571876462493,15.794259562370875,1,0,462,27
19.560868202356534,19.364231822476885,19.277392816812224,18.210317272308146,16.529638604511824,15.481571876462493,1,0,463,26
19.348472834417546,19.560868202356534,19.364231822476885,19.277392816812224,18.210317272308146,16.529638604511824,1,0,464,25
19.128121661857524,19.348472834417546,19.560868202356534,19.364231822476885,19.277392816812224,18.210317272308146,1,0,465,24
19.92413167886854,19.128121661857524,19.348472834417546,19.560868202356534,19.364231822476885,19.277392816812224,1,0,466,23
20.44954105854746,19.92413167886854,19.128121661857524,19.348472834417546,19.560868202356534,19.364231822476885,1,0,467,22
21.436828364418737,20.44954105854746,19.92413167886854,19.128121661857524,19.348472834417546,19.560868202356534,1,0,468,21
22.143314526083657,21.436828364418737,20.44954105854746,19.92413167886854,19.128121661857524,19.348472834417546,1,0,469,20
22.45860397759742,22.143314526083657,21.436828364418737,20.44954105854746,19.92413167886854,19.128121661857524,1,0,470,19
22.523454062048078,22.45860397759742,22.143314526083657,21.436828364418737,20.44954105854746,19.92413167886854,1,0,471,18
23.03631162833716,22.523454062048078,22.45860397759742,22.143314526083657,21.436828364418737,20.44954105854746,1,0,472,17
22.786178363795187,23.03631162833716,22.523454062048078,22.45860397759742,22.143314526083657,21.436828364418737,1,0,473,16
23.268328850356358,22.786178363795187,23.03631162833716,22.523454062048078,22.45860397759742,22.143314526083657,1,0,474,15
23.26666445936344,23.268328850356358,22.786178363795187,23.03631162833716,22.523454062048078,22.45860397759742,1,0,475,14
22.284968685174,23.26666445936344,23.268328850356358,22.786178363795187,23.03631162833716,22.523454062048078,1,0,476,13
21.614902641360967,22.284968685174,23.26666445936344,23.268328850356358,22.786178363795187,23.03631162833716,1,0,477,12
20.967352135022928,21.614902641360967,22.284968685174,23.26666445936344,23.268328850356358,22.786178363795187,1,0,478,11
19.77583642865131,20.967352135022928,21.614902641360967,22.284968685174,23.26666445936344,23.268328850356358,1,0,479,10
18.851552313324614,19.77583642865131,20.967352135022928,21.614902641360967,22.284968685174,23.26666445936344,1,0,480,9
18.14818228633146,18.851552313324614,19.77583642865131,20.967352135022928,21.614902641360967,22.284968685174,1,0,481,8
17.490288529746962,18.14818228633146,18.851552313324614,19.77583642865131,20.967352135022928,21.614902641360967,1,0,482,7
16.238906802130114,17.490288529746962,18.14818228633146,18.851552313324614,19.77583642865131,20.967352135022928,1,0,483,6
15.93013872739167,16.238906802130114,17.490288529746962,18.14818228633146,18.851552313324614,19.77583642865131,1,1,484,5
15.860868446240021,15.93013872739167,16.238906802130114,17.490288529746962,18.14818228633146,18.851552313324614,1,1,485,4
16.067433606566468,15.860868446240021,15.93013872739167,16.238906802130114,17.490288529746962,18.14818228633146,1,1,486,3
16.789792471857304,16.067433606566468,15.860868446240021,15.93013872739167,16.238906802130114,17.490288529746962,1,1,487,2
16.623313087362458,16.789792471857304,16.067433606566468,15.860868446240021,15.93013872739167,16.238906802130114,1,1,488,1
17.261652274162962,16.623313087362458,16.789792471857304,16.067433606566468,15.860868446240021,15.93013872739167,2,1,0,0
15.08429355903064,17.261652274162962,16.623313087362458,16.789792471857304,16.067433606566468,15.860868446240021,2,1,1,203
11.75119352415929,15.08429355903064,17.261652274162962,16.623313087362458,16.789792471857304,16.067433606566468,2,1,2,202
12.870325300850155,11.75119352415929,15.08429355903064,17.261652274162962,16.623313087362458,16.789792471857304,2,1,3,201
10.313477887997843,12.870325300850155,11.75119352415929,15.08429355903064,17.261652274162962,16.623313087362458,2,1,4,200
11.059535201736916,10.313477887997843,12.870325300850155,11.75119352415929,15.08429355903064,17.261652274162962,2,0,5,199
8.901316054257894,11.059535201736916,10.313477887997843,12.870325300850155,11.75119352415929,15.08429355903064,2,0,6,198
8.79619703704814,8.901316054257894,11.059535201736916,10.313477887997843,12.870325300850155,11.75119352415929,2,0,7,197
8.874721326542959,8.79619703704814,8.901316054257894,11.059535201736916,10.313477887997843,12.870325300850155,2,0,8,196
10.296304749304069,8.874721326542959,8.79619703704814,8.901316054257894,11.059535201736916,10.313477887997843,2,0,9,195
6.805401931195892,10.296304749304069,8.874721326542959,8.79619703704814,8.901316054257894,11.059535201736916,2,0,10,194
5.267166201483823,6.805401931195892,10.296304749304069,8.874721326542959,8.79619703704814,8.901316054257894,2,0,11,193
8.074328479301597,5.267166201483823,6.805401931195892,10.296304749304069,8.874721326542959,8.79619703704814,2,0,12,192
10.57444274539052,8.074328479301597,5.267166201483823,6.805401931195892,10.296304749304069,8.874721326542959,2,0,13,191
10.544969906211142,10.57444274539052,8.074328479301597,5.267166201483823,6.805401931195892,10.296304749304069,2,0,14,190
11.979998058926306,10.544969906211142,10.57444274539052,8.074328479301597,5.267166201483823,6.805401931195892,2,0,15,189
14.897316437334968,11.979998058926306,10.544969906211142,10.57444274539052,8.074328479301597,5.267166201483823,2,0,16,188
19.695981276343716,14.897316437334968,11.979998058926306,10.544969906211142,10.57444274539052,8.074328479301597,2,0,17,187
18.199999497944297,19.695981276343716,14.897316437334968,11.979998058926306,10.544969906211142,10.57444274539052,2,0,18,186
19.295091930774106,18.199999497944297,19.695981276343716,14.897316437334968,11.979998058926306,10.544969906211142,2,0,19,185
19.729133255608808,19.295091930774106,18.199999497944297,19.695981276343716,14.897316437334968,11.979998058926306,2,0,20,184
18.60159563255245,19.729133255608808,19.295091930774106,18.199999497944297,19.695981276343716,14.897316437334968,2,0,21,183
17.28520011497723,18.60159563255245,19.729133255608808,19.295091930774106,18.199999497944297,19.695981276343716,2,0,22,182
15.824697888576416,17.28520011497723,18.60159563255245,19.729133255608808,19.295091930774106,18.199999497944297,2,0,23,181
16.719770983769543,15.824697888576416,17.28520011497723,18.60159563255245,19.729133255608808,19.295091930774106,2,0,24,180
17.594182196248113,16.719770983769543,15.824697888576416,17.28520011497723,18.60159563255245,19.729133255608808,2,0,25,179
15.764980350177872,17.594182196248113,16.719770983769543,15.824697888576416,17.28520011497723,18.60159563255245,2,0,26,178
15.702982172635263,15.764980350177872,17.594182196248113,16.719770983769543,15.824697888576416,17.28520011497723,2,0,27,177
14.359969239456461,15.702982172635263,15.764980350177872,17.594182196248113,16.719770983769543,15.824697888576416,2,0,28,176
12.434449824337968,14.359969239456461,15.702982172635263,15.764980350177872,17.594182196248113,16.719770983769543,2,0,29,175
10.735594534849245,12.434449824337968,14.359969239456461,15.702982172635263,15.764980350177872,17.594182196248113,2,0,30,174
14.301110507714519,10.735594534849245,12.434449824337968,14.359969239456461,15.702982172635263,15.764980350177872,2,0,31,173
13.960696401891383,14.301110507714519,10.735594534849245,12.434449824337968,14.359969239456461,15.702982172635263,2,0,32,172
12.661298184305421,13.960696401891383,14.301110507714519,10.735594534849245,12.434449824337968,14.359969239456461,2,0,33,171
16.121434377879275,12.661298184305421,13.960696401891383,14.301110507714519,10.735594534849245,12.434449824337968,2,0,34,170
16.44905859208058,16.121434377879275,12.661298184305421,13.960696401891383,14.301110507714519,10.735594534849245,2,0,35,169
17.700172964379732,16.44905859208058,16.121434377879275,12.661298184305421,13.960696401891383,14.301110507714519,2,0,36,168
18.551859152884376,17.700172964379732,16.44905859208058,16.121434377879275,12.661298184305421,13.960696401891383,2,0,37,167
17.993322129155082,18.551859152884376,17.700172964379732,16.44905859208058,16.121434377879275,12.661298184305421,2,0,38,166
16.55326935347918,17.993322129155082,18.551859152884376,17.700172964379732,16.44905859208058,16.121434377879275,2,0,39,165
17.169220764360457,16.55326935347918,17.993322129155082,18.551859152884376,17.700172964379732,16.44905859208058,2,0,40,164
17.244751273619567,17.169220764360457,16.55326935347918,17.993322129155082,18.551859152884376,17.700172964379732,2,0,41,163
18.366614512192932,17.244751273619567,17.169220764360457,16.55326935347918,17.993322129155082,18.551859152884376,2,0,42,162
20.22325318970825,18.366614512192932,17.244751273619567,17.169220764360457,16.55326935347918,17.993322129155082,2,0,43,161
17.099233606346033,20.22325318970825,18.366614512192932,17.244751273619567,17.169220764360457,16.55326935347918,2,0,44,160
14.430909892529415,17.099233606346033,20.22325318970825,18.366614512192932,17.244751273619567,17.169220764360457,2,0,45,159
14.540613683426228,14.430909892529415,17.099233606346033,20.22325318970825,18.366614512192932,17.244751273619567,2,0,46,158
14.35167691440922,14.540613683426228,14.430909892529415,17.099233606346033,20.22325318970825,18.366614512192932,2,0,47,157
15.700702980020646,14.35167691440922,14.540613683426228,14.430909892529415,17.099233606346033,20.22325318970825,2,0,48,156
18.107845504365454,15.700702980020646,14.35167691440922,14.540613683426228,14.430909892529415,17.099233606346033,2,0,49,155
18.667913967030298,18.107845504365454,15.700702980020646,14.35167691440922,14.540613683426228,14.430909892529415,2,0,50,154
16.57834001094131,18.667913967030298,18.107845504365454,15.700702980020646,14.35167691440922,14.540613683426228,2,0,51,153
15.79174672931993,16.57834001094131,18.667913967030298,18.107845504365454,15.700702980020646,14.35167691440922,2,0,52,152
18.552258106483187,15.79174672931993,16.57834001094131,18.667913967030298,18.107845504365454,15.700702980020646,2,0,53,151
18.211025375489438,18.552258106483187,15.79174672931993,16.57834001094131,18.667913967030298,18.107845504365454,2,0,54,150
20.166599039051306,18.211025375489438,18.552258106483187,15.79174672931993,16.57834001094131,18.667913967030298,2,0,55,149
17.208741325179876,20.166599039051306,18.211025375489438,18.552258106483187,15.79174672931993,16.57834001094131,2,0,56,148
18.49484822504293,17.208741325179876,20.166599039051306,18.211025375489438,18.552258106483187,15.79174672931993,2,0,57,147
17.333589791752598,18.49484822504293,17.208741325179876,20.166599039051306,18.211025375489438,18.552258106483187,2,0,58,146
18.314441251780302,17.333589791752598,18.49484822504293,17.208741325179876,20.166599039051306,18.211025375489438,2,0,59,145
21.0071865527688,18.314441251780302,17.333589791752598,18.49484822504293,17.208741325179876,20.166599039051306,2,0,60,144
24.47197355139629,21.0071865527688,18.314441251780302,17.333589791752598,18.49484822504293,17.208741325179876,2,0,61,143
23.476495582017666,24.47197355139629,21.0071865527688,18.314441251780302,17.333589791752598,18.49484822504293,2,0,62,142
23.518749745104074,23.476495582017666,24.47197355139629,21.0071865527688,18.314441251780302,17.333589791752598,2,0,63,141
23.625658000424743,23.518749745104074,23.476495582017666,24.47197355139629,21.0071865527688,18.314441251780302,2,0,64,140
20.50884726327829,23.625658000424743,23.518749745104074,23.476495582017666,24.47197355139629,21.0071865527688,2,0,65,139
20.491480829845905,20.50884726327829,23.625658000424743,23.518749745104074,23.476495582017666,24.47197355139629,2,0,66,138
19.176918947450833,20.491480829845905,20.50884726327829,23.625658000424743,23.518749745104074,23.476495582017666,2,0,67,137
21.477011364911462,19.176918947450833,20.491480829845905,20.50884726327829,23.625658000424743,23.518749745104074,2,0,68,136
21.360656703438085,21.477011364911462,19.176918947450833,20.491480829845905,20.50884726327829,23.625658000424743,2,0,69,135
20.347629591206363,21.360656703438085,21.477011364911462,19.176918947450833,20.491480829845905,20.50884726327829,2,0,70,134
20.544600021961102,20.347629591206363,21.360656703438085,21.477011364911462,19.176918947450833,20.491480829845905,2,0,71,133
21.282827626699554,20.544600021961102,20.347629591206363,21.360656703438085,21.477011364911462,19.176918947450833,2,0,72,132
22.473607504846072,21.282827626699554,20.544600021961102,20.347629591206363,21.360656703438085,21.477011364911462,2,0,73,131
21.359611952609022,22.473607504846072,21.282827626699554,20.544600021961102,20.347629591206363,21.360656703438085,2,0,74,130
21.45380821784246,21.359611952609022,22.473607504846072,21.282827626699554,20.544600021961102,20.347629591206363,2,0,75,129
23.323698656994875,21.45380821784246,21.359611952609022,22.473607504846072,21.282827626699554,20.544600021961102,2,0,76,128
21.728987118436983,23.323698656994875,21.45380821784246,21.359611952609022,22.473607504846072,21.282827626699554,2,0,77,127
23.297340657826652,21.728987118436983,23.323698656994875,21.45380821784246,21.359611952609022,22.473607504846072,2,0,78,126
23.519820293978633,23.297340657826652,21.728987118436983,23.323698656994875,21.45380821784246,21.359611952609022,2,0,79,125
24.53719626846077,23.519820293978633,23.297340657826652,21.728987118436983,23.323698656994875,21.45380821784246,2,0,80,124
23.141859050621747,24.53719626846077,23.519820293978633,23.297340657826652,21.728987118436983,23.323698656994875,2,0,81,123
21.841631339706865,23.141859050621747,24.53719626846077,23.519820293978633,23.297340657826652,21.728987118436983,2,0,82,122
21.60280280097488,21.841631339706865,23.141859050621747,24.53719626846077,23.519820293978633,23.297340657826652,2,0,83,121
22.485161348161533,21.60280280097488,21.841631339706865,23.141859050621747,24.53719626846077,23.519820293978633,2,0,84,120
23.26515817733494,22.485161348161533,21.60280280097488,21.841631339706865,23.141859050621747,24.53719626846077,2,0,85,119
22.091760663857475,23.26515817733494,22.485161348161533,21.60280280097488,21.841631339706865,23.141859050621747,2,0,86,118
22.78938793472001,22.091760663857475,23.26515817733494,22.485161348161533,21.60280280097488,21.841631339706865,2,0,87,117
22.752317752618072,22.78938793472001,22.091760663857475,23.26515817733494,22.485161348161533,21.60280280097488,2,0,88,116
23.87271469529941,22.752317752618072,22.78938793472001,22.091760663857475,23.26515817733494,22.485161348161533,2,0,89,115
22.03817680523055,23.87271469529941,22.752317752618072,22.78938793472001,22.091760663857475,23.26515817733494,2,0,90,114
23.477213443385676,22.03817680523055,23.87271469529941,22.752317752618072,22.78938793472001,22.091760663857475,2,0,91,113
22.051811622021816,23.477213443385676,22.03817680523055,23.87271469529941,22.752317752618072,22.78938793472001,2,0,92,112
24.179116875626047,22.051811622021816,23.477213443385676,22.03817680523055,23.87271469529941,22.752317752618072,2,0,93,111
25.029291338171934,24.179116875626047,22.051811622021816,23.477213443385676,22.03817680523055,23.87271469529941,2,0,94,110
25.523323146754016,25.029291338171934,24.179116875626047,22.051811622021816,23.477213443385676,22.03817680523055,2,0,95,109
21.669108243686466,25.523323146754016,25.029291338171934,24.179116875626047,22.051811622021816,23.477213443385676,2,0,96,108
23.688903019588626,21.669108243686466,25.523323146754016,25.029291338171934,24.179116875626047,22.051811622021816,2,0,97,107
21.437366770564797,23.688903019588626,21.669108243686466,25.523323146754016,25.029291338171934,24.179116875626047,2,0,98,106
18.89883160139041,21.437366770564797,23.688903019588626,21.669108243686466,25.523323146754016,25.029291338171934,2,0,99,105
18.604187729756546,18.89883160139041,21.437366770564797,23.688903019588626,21.669108243686466,25.523323146754016,2,0,100,104
20.898014187786387,18.604187729756546,18.89883160139041,21.437366770564797,23.688903019588626,21.669108243686466,2,0,101,103
19.05458985920558,20.898014187786387,18.604187729756546,18.89883160139041,21.437366770564797,23.688903019588626,2,0,102,102
18.798895178011197,19.05458985920558,20.898014187786387,18.604187729756546,18.89883160139041,21.437366770564797,2,0,103,101
17.569601929871126,18.798895178011197,19.05458985920558,20.898014187786387,18.604187729756546,18.89883160139041,2,0,104,100
17.418095316802294,17.569601929871126,18.798895178011197,19.05458985920558,20.898014187786387,18.604187729756546,2,0,105,99
14.628097004800617,17.418095316802294,17.569601929871126,18.798895178011197,19.05458985920558,20.898014187786387,2,0,106,98
15.048871851297381,14.628097004800617,17.418095316802294,17.569601929871126,18.798895178011197,19.05458985920558,2,0,107,97
14.170821220728527,15.048871851297381,14.628097004800617,17.418095316802294,17.569601929871126,18.798895178011197,2,0,108,96
15.066356300137548,14.170821220728527,15.048871851297381,14.628097004800617,17.418095316802294,17.569601929871126,2,0,109,95
15.714512111205272,15.066356300137548,14.170821220728527,15.048871851297381,14.628097004800617,17.418095316802294,2,0,110,94
15.755322165434531,15.714512111205272,15.066356300137548,14.170821220728527,15.048871851297381,14.628097004800617,2,0,111,93
17.117252239582392,15.755322165434531,15.714512111205272,15.066356300137548,14.170821220728527,15.048871851297381,2,0,112,92
15.813318303339017,17.117252239582392,15.755322165434531,15.714512111205272,15.066356300137548,14.170821220728527,2,0,113,91
17.347909418637137,15.813318303339017,17.117252239582392,15.755322165434531,15.714512111205272,15.066356300137548,2,0,114,90
14.795799433763136,17.347909418637137,15.813318303339017,17.117252239582392,15.755322165434531,15.714512111205272,2,0,115,89
17.168531535657024,14.795799433763136,17.347909418637137,15.813318303339017,17.117252239582392,15.755322165434531,2,0,116,88
17.16484829705618,17.168531535657024,14.795799433763136,17.347909418637137,15.813318303339017,17.117252239582392,2,0,117,87
15.410300730734054,17.16484829705618,17.168531535657024,14.795799433763136,17.347909418637137,15.813318303339017,2,0,118,86
14.178101801109936,15.410300730734054,17.16484829705618,17.168531535657024,14.795799433763136,17.347909418637137,2,0,119,85
13.898256902024984,14.178101801109936,15.410300730734054,17.16484829705618,17.168531535657024,14.795799433763136,2,0,120,84
14.78537024491321,13.898256902024984,14.178101801109936,15.410300730734054,17.16484829705618,17.168531535657024,2,0,121,83
14.116856575851127,14.78537024491321,13.898256902024984,14.178101801109936,15.410300730734054,17.16484829705618,2,0,122,82
12.986104357452312,14.116856575851127,14.78537024491321,13.898256902024984,14.178101801109936,15.410300730734054,2,0,123,81
11.175607720992817,12.986104357452312,14.116856575851127,14.78537024491321,13.898256902024984,14.178101801109936,2,0,124,80
10.537540347488463,11.175607720992817,12.986104357452312,14.116856575851127,14.78537024491321,13.898256902024984,2,0,125,79
10.806841471872842,10.537540347488463,11.175607720992817,12.986104357452312,14.116856575851127,14.78537024491321,2,0,126,78
13.221432766334601,10.806841471872842,10.537540347488463,11.175607720992817,12.986104357452312,14.116856575851127,2,0,127,77
11.335294718478673,13.221432766334601,10.806841471872842,10.537540347488463,11.175607720992817,12.986104357452312,2,0,128,76
11.407248515917765,11.335294718478673,13.221432766334601,10.806841471872842,10.537540347488463,11.175607720992817,2,0,129,75
12.487521823943956,11.407248515917765,11.335294718478673,13.221432766334601,10.806841471872842,10.537540347488463,2,0,130,74
12.408109263610617,12.487521823943956,11.407248515917765,11.335294718478673,13.221432766334601,10.806841471872842,2,0,131,73
11.344144946156261,12.408109263610617,12.487521823943956,11.407248515917765,11.335294718478673,13.221432766334601,2,0,132,72
14.170392513653997,11.344144946156261,12.408109263610617,12.487521823943956,11.407248515917765,11.335294718478673,2,0,133,71
14.757598273755189,14.170392513653997,11.344144946156261,12.408109263610617,12.487521823943956,11.407248515917765,2,0,134,70
17.69104591485571,14.757598273755189,14.170392513653997,11.344144946156261,12.408109263610617,12.487521823943956,2,0,135,69
17.10921177922999,17.69104591485571,14.757598273755189,14.170392513653997,11.344144946156261,12.408109263610617,2,0,136,68
18.149193992967042,17.10921177922999,17.69104591485571,14.757598273755189,14.170392513653997,11.344144946156261,2,0,137,67
18.47003121027209,18.149193992967042,17.10921177922999,17.69104591485571,14.757598273755189,14.170392513653997,2,0,138,66
17.999628077924694,18.47003121027209,18.149193992967042,17.10921177922999,17.69104591485571,14.757598273755189,2,0,139,65
18.428712717240508,17.999628077924694,18.47003121027209,18.149193992967042,17.10921177922999,17.69104591485571,2,0,140,64
20.354401113100426,18.428712717240508,17.999628077924694,18.47003121027209,18.149193992967042,17.10921177922999,2,0,141,63
18.371794875447737,20.354401113100426,18.428712717240508,17.999628077924694,18.47003121027209,18.149193992967042,2,0,142,62
19.022851380566006,18.371794875447737,20.354401113100426,18.428712717240508,17.999628077924694,18.47003121027209,2,0,143,61
19.799164954449044,19.022851380566006,18.371794875447737,20.354401113100426,18.428712717240508,17.999628077924694,2,0,144,60
17.549966623765133,19.799164954449044,19.022851380566006,18.371794875447737,20.354401113100426,18.428712717240508,2,0,145,59
15.562953090535093,17.549966623765133,19.799164954449044,19.022851380566006,18.371794875447737,20.354401113100426,2,0,146,58
16.161780129794632,15.562953090535093,17.549966623765133,19.799164954449044,19.022851380566006,18.371794875447737,2,0,147,57
14.202828950722957,16.161780129794632,15.562953090535093,17.549966623765133,19.799164954449044,19.022851380566006,2,0,148,56
14.463438345327459,14.202828950722957,16.161780129794632,15.562953090535093,17.549966623765133,19.799164954449044,2,0,149,55
10.847975367488726,14.463438345327459,14.202828950722957,16.161780129794632,15.562953090535093,17.549966623765133,2,0,150,54
11.44699736011401,10.847975367488726,14.463438345327459,14.202828950722957,16.161780129794632,15.562953090535093,2,0,151,53
11.402279411140418,11.44699736011401,10.847975367488726,14.463438345327459,14.202828950722957,16.161780129794632,2,0,152,52
10.222864433676037,11.402279411140418,11.44699736011401,10.847975367488726,14.463438345327459,14.202828950722957,2,0,153,51
12.17403099386206,10.222864433676037,11.402279411140418,11.44699736011401,10.847975367488726,14.463438345327459,2,0,154,50
11.33544967783773,12.17403099386206,10.222864433676037,11.402279411140418,11.44699736011401,10.847975367488726,2,0,155,49
9.18684224937918,11.33544967783773,12.17403099386206,10.222864433676037,11.402279411140418,11.44699736011401,2,0,156,48
10.167576786789125,9.18684224937918,11.33544967783773,12.17403099386206,10.222864433676037,11.402279411140418,2,0,157,47
9.928901659750114,10.167576786789125,9.18684224937918,11.33544967783773,12.17403099386206,10.222864433676037,2,0,158,46
10.424739543209958,9.928901659750114,10.167576786789125,9.18684224937918,11.33544967783773,12.17403099386206,2,0,159,45
11.364436086529532,10.424739543209958,9.928901659750114,10.167576786789125,9.18684224937918,11.33544967783773,2,0,160,44
10.389465105695248,11.364436086529532,10.424739543209958,9.928901659750114,10.167576786789125,9.18684224937918,2,0,161,43
11.771844326243768,10.389465105695248,11.364436086529532,10.424739543209958,9.928901659750114,10.167576786789125,2,0,162,42
11.0588516894726,11.771844326243768,10.389465105695248,11.364436086529532,10.424739543209958,9.928901659750114,2,0,163,41
12.770427658384143,11.0588516894726,11.771844326243768,10.389465105695248,11.364436086529532,10.424739543209958,2,0,164,40
11.458043846689487,12.770427658384143,11.0588516894726,11.771844326243768,10.389465105695248,11.364436086529532,2,0,165,39
11.656595763765567,11.458043846689487,12.770427658384143,11.0588516894726,11.771844326243768,10.389465105695248,2,0,166,38
10.936995496994394,11.656595763765567,11.458043846689487,12.770427658384143,11.0588516894726,11.771844326243768,2,0,167,37
10.85672907890759,10.936995496994394,11.656595763765567,11.458043846689487,12.770427658384143,11.0588516894726,2,0,168,36
10.523056338983643,10.85672907890759,10.936995496994394,11.656595763765567,11.458043846689487,12.770427658384143,2,0,169,35
10.374851849494771,10.523056338983643,10.85672907890759,10.936995496994394,11.656595763765567,11.458043846689487,2,0,170,34
13.445981836246036,10.374851849494771,10.523056338983643,10.85672907890759,10.936995496994394,11.656595763765567,2,0,171,33
12.59411067357546,13.445981836246036,10.374851849494771,10.523056338983643,10.85672907890759,10.936995496994394,2,0,172,32
12.789761079441666,12.59411067357546,13.445981836246036,10.374851849494771,10.523056338983643,10.85672907890759,2,0,173,31
12.082708606347598,12.789761079441666,12.59411067357546,13.445981836246036,10.374851849494771,10.523056338983643,2,0,174,30
13.344299943543504,12.082708606347598,12.789761079441666,12.59411067357546,13.445981836246036,10.374851849494771,2,0,175,29
14.548673631661218,13.344299943543504,12.082708606347598,12.789761079441666,12.59411067357546,13.445981836246036,2,0,176,28
14.175494563888982,14.548673631661218,13.344299943543504,12.082708606347598,12.789761079441666,12.59411067357546,2,0,177,27
12.670322185308944,14.175494563888982,14.548673631661218,13.344299943543504,12.082708606347598,12.789761079441666,2,0,178,26
10.332894168549242,12.670322185308944,14.175494563888982,14.548673631661218,13.344299943543504,12.082708606347598,2,0,179,25
11.507498931002639,10.332894168549242,12.670322185308944,14.175494563888982,14.548673631661218,13.344299943543504,2,0,180,24
12.930200108422696,11.507498931002639,10.332894168549242,12.670322185308944,14.175494563888982,14.548673631661218,2,0,181,23
12.912034968422379,12.930200108422696,11.507498931002639,10.332894168549242,12.670322185308944,14.175494563888982,2,0,182,22
14.350721710392607,12.912034968422379,12.930200108422696,11.507498931002639,10.332894168549242,12.670322185308944,2,0,183,21
14.054368066427939,14.350721710392607,12.912034968422379,12.930200108422696,11.507498931002639,10.332894168549242,2,0,184,20
10.480506071021768,14.054368066427939,14.350721710392607,12.912034968422379,12.930200108422696,11.507498931002639,2,0,185,19
13.165033059767744,10.480506071021768,14.054368066427939,14.350721710392607,12.912034968422379,12.930200108422696,2,0,186,18
14.07032959512542,13.165033059767744,10.480506071021768,14.054368066427939,14.350721710392607,12.912034968422379,2,0,187,17
12.036618041428254,14.07032959512542,13.165033059767744,10.480506071021768,14.054368066427939,14.350721710392607,2,0,188,16
11.036090606404922,12.036618041428254,14.07032959512542,13.165033059767744,10.480506071021768,14.054368066427939,2,0,189,15
10.371146230832686,11.036090606404922,12.036618041428254,14.07032959512542,13.165033059767744,10.480506071021768,2,0,190,14
9.0033720885736,10.371146230832686,11.036090606404922,12.036618041428254,14.07032959512542,13.165033059767744,2,0,191,13
7.260988310237837,9.0033720885736,10.371146230832686,11.036090606404922,12.036618041428254,14.07032959512542,2,0,192,12
5.957692100415718,7.260988310237837,9.0033720885736,10.371146230832686,11.036090606404922,12.036618041428254,2,0,193,11
5.628139776496023,5.957692100415718,7.260988310237837,9.0033720885736,10.371146230832686,11.036090606404922,2,0,194,10
7.047545760871189,5.628139776496023,5.957692100415718,7.260988310237837,9.0033720885736,10.371146230832686,2,0,195,9
6.862321978785595,7.047545760871189,5.628139776496023,5.957692100415718,7.260988310237837,9.0033720885736,2,0,196,8
7.851616802676469,6.862321978785595,7.047545760871189,5.628139776496023,5.957692100415718,7.260988310237837,2,0,197,7
6.78221935024268,7.851616802676469,6.862321978785595,7.047545760871189,5.628139776496023,5.957692100415718,2,0,198,6
8.824459650653502,6.78221935024268,7.851616802676469,6.862321978785595,7.047545760871189,5.628139776496023,2,1,199,5
10.190501575569655,8.824459650653502,6.78221935024268,7.851616802676469,6.862321978785595,7.047545760871189,2,1,200,4
9.49747661103656,10.190501575569655,8.824459650653502,6.78221935024268,7.851616802676469,6.862321978785595,2,1,201,3
11.9354995960439,9.49747661103656,10.190501575569655,8.824459650653502,6.78221935024268,7.851616802676469,2,1,202,2
6.2580046357506225,11.9354995960439,9.49747661103656,10.190501575569655,8.824459650653502,6.78221935024268,2,1,203,1
11.209646848150255,6.2580046357506225,11.9354995960439,9.49747661103656,10.190501575569655,8.824459650653502,3,1,0,0
5.242625788050136,11.209646848150255,6.2580046357506225,11.9354995960439,9.49747661103656,10.190501575569655,3,1,1,295
12.150944665900443,5.242625788050136,11.209646848150255,6.2580046357506225,11.9354995960439,9.49747661103656,3,1,2,294
1.740423439362289,12.150944665900443,5.242625788050136,11.209646848150255,6.2580046357506225,11.9354995960439,3,1,3,293
10.059745837388839,1.740423439362289,12.150944665900443,5.242625788050136,11.209646848150255,6.2580046357506225,3,1,4,292
0.7948735971731347,10.059745837388839,1.740423439362289,12.150944665900443,5.242625788050136,11.209646848150255,3,0,5,291
7.585545995800485,0.7948735971731347,10.059745837388839,1.740423439362289,12.150944665900443,5.242625788050136,3,0,6,290
-1.6558446489022005,7.585545995800485,0.7948735971731347,10.059745837388839,1.740423439362289,12.150944665900443,3,0,7,289
-2.1504632905729686,-1.6558446489022005,7.585545995800485,0.7948735971731347,10.059745837388839,1.740423439362289,3,0,8,288
2.3218375906465676,-2.1504632905729686,-1.6558446489022005,7.585545995800485,0.7948735971731347,10.059745837388839,3,0,9,287
-6.563785208807408,2.3218375906465676,-2.1504632905729686,-1.6558446489022005,7.585545995800485,0.7948735971731347,3,0,10,286
-3.8385424934342907,-6.563785208807408,2.3218375906465676,-2.1504632905729686,-1.6558446489022005,7.585545995800485,3,0,11,285
2.2184876530712696,-3.8385424934342907,-6.563785208807408,2.3218375906465676,-2.1504632905729686,-1.6558446489022005,3,0,12,284
-6.4810709809261215,2.2184876530712696,-3.8385424934342907,-6.563785208807408,2.3218375906465676,-2.1504632905729686,3,0,13,283
-2.3145209933114756,-6.4810709809261215,2.2184876530712696,-3.8385424934342907,-6.563785208807408,2.3218375906465676,3,0,14,282
-0.25690010091198423,-2.3145209933114756,-6.4810709809261215,2.2184876530712696,-3.8385424934342907,-6.563785208807408,3,0,15,281
2.779758460911019,-0.25690010091198423,-2.3145209933114756,-6.4810709809261215,2.2184876530712696,-3.8385424934342907,3,0,16,280
-0.8803083782180354,2.779758460911019,-0.25690010091198423,-2.3145209933114756,-6.4810709809261215,2.2184876530712696,3,0,17,279
-1.1771886131164442,-0.8803083782180354,2.779758460911019,-0.25690010091198423,-2.3145209933114756,-6.4810709809261215,3,0,18,278
-0.6529209434724825,-1.1771886131164442,-0.8803083782180354,2.779758460911019,-0.25690010091198423,-2.3145209933114756,3,0,19,277
-0.0052704433382853855,-0.6529209434724825,-1.1771886131164442,-0.8803083782180354,2.779758460911019,-0.25690010091198423,3,0,20,276
15.621059100714625,-0.0052704433382853855,-0.6529209434724825,-1.1771886131164442,-0.8803083782180354,2.779758460911019,3,0,21,275
-3.5939626574578476,15.621059100714625,-0.0052704433382853855,-0.6529209434724825,-1.1771886131164442,-0.8803083782180354,3,0,22,274
-9.973079068948923,-3.5939626574578476,15.621059100714625,-0.0052704433382853855,-0.6529209434724825,-1.1771886131164442,3,0,23,273
0.05262222878751599,-9.973079068948923,-3.5939626574578476,15.621059100714625,-0.0052704433382853855,-0.6529209434724825,3,0,24,272
-29.09462988969576,0.05262222878751599,-9.973079068948923,-3.5939626574578476,15.621059100714625,-0.0052704433382853855,3,0,25,271
-8.258205820489714,-29.09462988969576,0.05262222878751599,-9.973079068948923,-3.5939626574578476,15.621059100714625,3,0,26,270
4.25848730137484,-8.258205820489714,-29.09462988969576,0.05262222878751599,-9.973079068948923,-3.5939626574578476,3,0,27,269
-9.421983532670136,4.25848730137484,-8.258205820489714,-29.09462988969576,0.05262222878751599,-9.973079068948923,3,0,28,268
-7.264690916824888,-9.421983532670136,4.25848730137484,-8.258205820489714,-29.09462988969576,0.05262222878751599,3,0,29,267
-1.410135025021397,-7.264690916824888,-9.421983532670136,4.25848730137484,-8.258205820489714,-29.09462988969576,3,0,30,266
-0.2559192655445337,-1.410135025021397,-7.264690916824888,-9.421983532670136,4.25848730137484,-8.258205820489714,3,0,31,265
-5.724199521675259,-0.2559192655445337,-1.410135025021397,-7.264690916824888,-9.421983532670136,4.25848730137484,3,0,32,264
-6.379620069346775,-5.724199521675259,-0.2559192655445337,-1.410135025021397,-7.264690916824888,-9.421983532670136,3,0,33,263
0.9050324181794124,-6.379620069346775,-5.724199521675259,-0.2559192655445337,-1.410135025021397,-7.264690916824888,3,0,34,262
-4.556584042967427,0.9050324181794124,-6.379620069346775,-5.724199521675259,-0.2559192655445337,-1.410135025021397,3,0,35,261
-0.7756245666027468,-4.556584042967427,0.9050324181794124,-6.379620069346775,-5.724199521675259,-0.2559192655445337,3,0,36,260
0.021877030396713515,-0.7756245666027468,-4.556584042967427,0.9050324181794124,-6.379620069346775,-5.724199521675259,3,0,37,259
-4.026990559372361,0.021877030396713515,-0.7756245666027468,-4.556584042967427,0.9050324181794124,-6.379620069346775,3,0,38,258
1.1266906520889812,-4.026990559372361,0.021877030396713515,-0.7756245666027468,-4.556584042967427,0.9050324181794124,3,0,39,257
-6.8497339304393225,1.1266906520889812,-4.026990559372361,0.021877030396713515,-0.7756245666027468,-4.556584042967427,3,0,40,256
-2.280302696157212,-6.8497339304393225,1.1266906520889812,-4.026990559372361,0.021877030396713515,-0.7756245666027468,3,0,41,255
1.4156937177741036,-2.280302696157212,-6.8497339304393225,1.1266906520889812,-4.026990559372361,0.021877030396713515,3,0,42,254
-2.998318999059695,1.4156937177741036,-2.280302696157212,-6.8497339304393225,1.1266906520889812,-4.026990559372361,3,0,43,253
0.8766294921315542,-2.998318999059695,1.4156937177741036,-2.280302696157212,-6.8497339304393225,1.1266906520889812,3,0,44,252
-2.120049088004082,0.8766294921315542,-2.998318999059695,1.4156937177741036,-2.280302696157212,-6.8497339304393225,3,0,45,251
0.04325569792721573,-2.120049088004082,0.8766294921315542,-2.998318999059695,1.4156937177741036,-2.280302696157212,3,0,46,250
-14.229929699112317,0.04325569792721573,-2.120049088004082,0.8766294921315542,-2.998318999059695,1.4156937177741036,3,0,47,249
-5.142666055222397,-14.229929699112317,0.04325569792721573,-2.120049088004082,0.8766294921315542,-2.998318999059695,3,0,48,248
3.7989552942981035,-5.142666055222397,-14.229929699112317,0.04325569792721573,-2.120049088004082,0.8766294921315542,3,0,49,247
-4.682798952040885,3.7989552942981035,-5.142666055222397,-14.229929699112317,0.04325569792721573,-2.120049088004082,3,0,50,246
-2.435665057463474,-4.682798952040885,3.7989552942981035,-5.142666055222397,-14.229929699112317,0.04325569792721573,3,0,51,245
0.8412885520711961,-2.435665057463474,-4.682798952040885,3.7989552942981035,-5.142666055222397,-14.229929699112317,3,0,52,244
-1.8271281272782662,0.8412885520711961,-2.435665057463474,-4.682798952040885,3.7989552942981035,-5.142666055222397,3,0,53,243
-2.5475539691798104,-1.8271281272782662,0.8412885520711961,-2.435665057463474,-4.682798952040885,3.7989552942981035,3,0,54,242
-3.1218885865621244,-2.5475539691798104,-1.8271281272782662,0.8412885520711961,-2.435665057463474,-4.682798952040885,3,0,55,241
-2.5771867546562075,-3.1218885865621244,-2.5475539691798104,-1.8271281272782662,0.8412885520711961,-2.435665057463474,3,0,56,240
-3.5236228176538145,-2.5771867546562075,-3.1218885865621244,-2.5475539691798104,-1.8271281272782662,0.8412885520711961,3,0,57,239
1.6737142857843315,-3.5236228176538145,-2.5771867546562075,-3.1218885865621244,-2.5475539691798104,-1.8271281272782662,3,0,58,238
-4.312242453314166,1.6737142857843315,-3.5236228176538145,-2.5771867546562075,-3.1218885865621244,-2.5475539691798104,3,0,59,237
-4.294594104847059,-4.312242453314166,1.6737142857843315,-3.5236228176538145,-2.5771867546562075,-3.1218885865621244,3,0,60,236
-3.125955285516274,-4.294594104847059,-4.312242453314166,1.6737142857843315,-3.5236228176538145,-2.5771867546562075,3,0,61,235
1.320909284786372,-3.125955285516274,-4.294594104847059,-4.312242453314166,1.6737142857843315,-3.5236228176538145,3,0,62,234
-1.9607404003715974,1.320909284786372,-3.125955285516274,-4.294594104847059,-4.312242453314166,1.6737142857843315,3,0,63,233
2.593219603221507,-1.9607404003715974,1.320909284786372,-3.125955285516274,-4.294594104847059,-4.312242453314166,3,0,64,232
2.869393922803395,2.593219603221507,-1.9607404003715974,1.320909284786372,-3.125955285516274,-4.294594104847059,3,0,65,231
0.3571343494262549,2.869393922803395,2.593219603221507,-1.9607404003715974,1.320909284786372,-3.125955285516274,3,0,66,230
-1.1141269894401762,0.3571343494262549,2.869393922803395,2.593219603221507,-1.9607404003715974,1.320909284786372,3,0,67,229
-2.164178932227993,-1.1141269894401762,0.3571343494262549,2.869393922803395,2.593219603221507,-1.9607404003715974,3,0,68,228
-2.7365899646607446,-2.164178932227993,-1.1141269894401762,0.3571343494262549,2.869393922803395,2.593219603221507,3,0,69,227
-0.19044551632424253,-2.7365899646607446,-2.164178932227993,-1.1141269894401762,0.3571343494262549,2.869393922803395,3,0,70,226
2.5728753854782687,-0.19044551632424253,-2.7365899646607446,-2.164178932227993,-1.1141269894401762,0.3571343494262549,3,0,71,225
-3.577995781922605,2.5728753854782687,-0.19044551632424253,-2.7365899646607446,-2.164178932227993,-1.1141269894401762,3,0,72,224
-0.005885161705882602,-3.577995781922605,2.5728753854782687,-0.19044551632424253,-2.7365899646607446,-2.164178932227993,3,0,73,223
81.5942100301985,-0.005885161705882602,-3.577995781922605,2.5728753854782687,-0.19044551632424253,-2.7365899646607446,3,0,74,222
-18.18568844654426,81.5942100301985,-0.005885161705882602,-3.577995781922605,2.5728753854782687,-0.19044551632424253,3,0,75,221
-23.68255608968518,-18.18568844654426,81.5942100301985,-0.005885161705882602,-3.577995781922605,2.5728753854782687,3,0,76,220
-0.22180699231764467,-23.68255608968518,-18.18568844654426,81.5942100301985,-0.005885161705882602,-3.577995781922605,3,0,77,219
11.587166722637354,-0.22180699231764467,-23.68255608968518,-18.18568844654426,81.5942100301985,-0.005885161705882602,3,0,78,218
-0.6556190745099846,11.587166722637354,-0.22180699231764467,-23.68255608968518,-18.18568844654426,81.5942100301985,3,0,79,217
-7.17674810496334,-0.6556190745099846,11.587166722637354,-0.22180699231764467,-23.68255608968518,-18.18568844654426,3,0,80,216
-2.161420932396425,-7.17674810496334,-0.6556190745099846,11.587166722637354,-0.22180699231764467,-23.68255608968518,3,0,81,215
2.1291045810526352,-2.161420932396425,-7.17674810496334,-0.6556190745099846,11.587166722637354,-0.22180699231764467,3,0,82,214
-0.998744859343234,2.1291045810526352,-2.161420932396425,-7.17674810496334,-0.6556190745099846,11.587166722637354,3,0,83,213
-4.7729036250589765,-0.998744859343234,2.1291045810526352,-2.161420932396425,-7.17674810496334,-0.6556190745099846,3,0,84,212
4.138654856160639,-4.7729036250589765,-0.998744859343234,2.1291045810526352,-2.161420932396425,-7.17674810496334,3,0,85,211
-2.0354695038665147,4.138654856160639,-4.7729036250589765,-0.998744859343234,2.1291045810526352,-2.161420932396425,3,0,86,210
0.641177452527731,-2.0354695038665147,4.138654856160639,-4.7729036250589765,-0.998744859343234,2.1291045810526352,3,0,87,209
-2.5585560763622452,0.641177452527731,-2.0354695038665147,4.138654856160639,-4.7729036250589765,-0.998744859343234,3,0,88,208
-1.6298887400021034,-2.5585560763622452,0.641177452527731,-2.0354695038665147,4.138654856160639,-4.7729036250589765,3,0,89,207
1.537787909667668,-1.6298887400021034,-2.5585560763622452,0.641177452527731,-2.0354695038665147,4.138654856160639,3,0,90,206
-1.1970212736672172,1.537787909667668,-1.6298887400021034,-2.5585560763622452,0.641177452527731,-2.0354695038665147,3,0,91,205
-3.790497236722475,-1.1970212736672172,1.537787909667668,-1.6298887400021034,-2.5585560763622452,0.641177452527731,3,0,92,204
1.1633258011727805,-3.790497236722475,-1.1970212736672172,1.537787909667668,-1.6298887400021034,-2.5585560763622452,3,0,93,203
-1.9488029223041838,1.1633258011727805,-3.790497236722475,-1.1970212736672172,1.537787909667668,-1.6298887400021034,3,0,94,202
-2.7871886583942262,-1.9488029223041838,1.1633258011727805,-3.790497236722475,-1.1970212736672172,1.537787909667668,3,0,95,201
1.0800784883159087,-2.7871886583942262,-1.9488029223041838,1.1633258011727805,-3.790497236722475,-1.1970212736672172,3,0,96,200
-1.7066657733396906,1.0800784883159087,-2.7871886583942262,-1.9488029223041838,1.1633258011727805,-3.790497236722475,3,0,97,199
2.245499993190475,-1.7066657733396906,1.0800784883159087,-2.7871886583942262,-1.9488029223041838,1.1633258011727805,3,0,98,198
-3.9134361736764602,2.245499993190475,-1.7066657733396906,1.0800784883159087,-2.7871886583942262,-1.9488029223041838,3,0,99,197
-0.30278724584011807,-3.9134361736764602,2.245499993190475,-1.7066657733396906,1.0800784883159087,-2.7871886583942262,3,0,100,196
1.6027390886913855,-0.30278724584011807,-3.9134361736764602,2.245499993190475,-1.7066657733396906,1.0800784883159087,3,0,101,195
-1.7173008028172172,1.6027390886913855,-0.30278724584011807,-3.9134361736764602,2.245499993190475,-1.7066657733396906,3,0,102,194
-1.0767403873981567,-1.7173008028172172,1.6027390886913855,-0.30278724584011807,-3.9134361736764602,2.245499993190475,3,0,103,193
5.9465543412771815,-1.0767403873981567,-1.7173008028172172,1.6027390886913855,-0.30278724584011807,-3.9134361736764602,3,0,104,192
-4.996693387355653,5.9465543412771815,-1.0767403873981567,-1.7173008028172172,1.6027390886913855,-0.30278724584011807,3,0,105,191
-2.4038612389285925,-4.996693387355653,5.9465543412771815,-1.0767403873981567,-1.7173008028172172,1.6027390886913855,3,0,106,190
1.8206910114834518,-2.4038612389285925,-4.996693387355653,5.9465543412771815,-1.0767403873981567,-1.7173008028172172,3,0,107,189
-3.773995795290665,1.8206910114834518,-2.4038612389285925,-4.996693387355653,5.9465543412771815,-1.0767403873981567,3,0,108,188
2.2725507964583485,-3.773995795290665,1.8206910114834518,-2.4038612389285925,-4.996693387355653,5.9465543412771815,3,0,109,187
-0.23377412638361683,2.2725507964583485,-3.773995795290665,1.8206910114834518,-2.4038612389285925,-4.996693387355653,3,0,110,186
1.8005288782108804,-0.23377412638361683,2.2725507964583485,-3.773995795290665,1.8206910114834518,-2.4038612389285925,3,0,111,185
-3.2226090247521255,1.8005288782108804,-0.23377412638361683,2.2725507964583485,-3.773995795290665,1.8206910114834518,3,0,112,184
2.318789739661879,-3.2226090247521255,1.8005288782108804,-0.23377412638361683,2.2725507964583485,-3.773995795290665,3,0,113,183
-10.63812504629801,2.318789739661879,-3.2226090247521255,1.8005288782108804,-0.23377412638361683,2.2725507964583485,3,0,114,182
-2.1304419132256904,-10.63812504629801,2.318789739661879,-3.2226090247521255,1.8005288782108804,-0.23377412638361683,3,0,115,181
-0.42277815298226695,-2.1304419132256904,-10.63812504629801,2.318789739661879,-3.2226090247521255,1.8005288782108804,3,0,116,180
-2.338864050314269,-0.42277815298226695,-2.1304419132256904,-10.63812504629801,2.318789739661879,-3.2226090247521255,3,0,117,179
-2.678300853704849,-2.338864050314269,-0.42277815298226695,-2.1304419132256904,-10.63812504629801,2.318789739661879,3,0,118,178
1.4203733991092344,-2.678300853704849,-2.338864050314269,-0.42277815298226695,-2.1304419132256904,-10.63812504629801,3,0,119,177
-1.991298228004601,1.4203733991092344,-2.678300853704849,-2.338864050314269,-0.42277815298226695,-2.1304419132256904,3,0,120,176
-1.701179677624412,-1.991298228004601,1.4203733991092344,-2.678300853704849,-2.338864050314269,-0.42277815298226695,3,0,121,175
1.5851621972361278,-1.701179677624412,-1.991298228004601,1.4203733991092344,-2.678300853704849,-2.338864050314269,3,0,122,174
-5.132252502915179,1.5851621972361278,-1.701179677624412,-1.991298228004601,1.4203733991092344,-2.678300853704849,3,0,123,173
-5.960604380085758,-5.132252502915179,1.5851621972361278,-1.701179677624412,-1.991298228004601,1.4203733991092344,3,0,124,172
-1.5831081105018485,-5.960604380085758,-5.132252502915179,1.5851621972361278,-1.701179677624412,-1.991298228004601,3,0,125,171
0.525581807414373,-1.5831081105018485,-5.960604380085758,-5.132252502915179,1.5851621972361278,-1.701179677624412,3,0,126,170
-0.10887969652353924,0.525581807414373,-1.5831081105018485,-5.960604380085758,-5.132252502915179,1.5851621972361278,3,0,127,169
2.881223023145281,-0.10887969652353924,0.525581807414373,-1.5831081105018485,-5.960604380085758,-5.132252502915179,3,0,128,168
1.5217086726950355,2.881223023145281,-0.10887969652353924,0.525581807414373,-1.5831081105018485,-5.960604380085758,3,0,129,167
-0.3672100939902019,1.5217086726950355,2.881223023145281,-0.10887969652353924,0.525581807414373,-1.5831081105018485,3,0,130,166
-0.4550939079233032,-0.3672100939902019,1.5217086726950355,2.881223023145281,-0.10887969652353924,0.525581807414373,3,0,131,165
0.9501299295309229,-0.4550939079233032,-0.3672100939902019,1.5217086726950355,2.881223023145281,-0.10887969652353924,3,0,132,164
-0.857067587923066,0.9501299295309229,-0.4550939079233032,-0.3672100939902019,1.5217086726950355,2.881223023145281,3,0,133,163
-1.8702382678341039,-0.857067587923066,0.9501299295309229,-0.4550939079233032,-0.3672100939902019,1.5217086726950355,3,0,134,162
0.8596174999553234,-1.8702382678341039,-0.857067587923066,0.9501299295309229,-0.4550939079233032,-0.3672100939902019,3,0,135,161
-1.7394633082741355,0.8596174999553234,-1.8702382678341039,-0.857067587923066,0.9501299295309229,-0.4550939079233032,3,0,136,160
-5.020468023459457,-1.7394633082741355,0.8596174999553234,-1.8702382678341039,-0.857067587923066,0.9501299295309229,3,0,137,159
-0.893023264275989,-5.020468023459457,-1.7394633082741355,0.8596174999553234,-1.8702382678341039,-0.857067587923066,3,0,138,158
-1.9612161107410104,-0.893023264275989,-5.020468023459457,-1.7394633082741355,0.8596174999553234,-1.8702382678341039,3,0,139,157
2.4828444637020404,-1.9612161107410104,-0.893023264275989,-5.020468023459457,-1.7394633082741355,0.8596174999553234,3,0,140,156
-2.5326775061267153,2.4828444637020404,-1.9612161107410104,-0.893023264275989,-5.020468023459457,-1.7394633082741355,3,0,141,155
-3.1300966273878026,-2.5326775061267153,2.4828444637020404,-1.9612161107410104,-0.893023264275989,-5.020468023459457,3,0,142,154
-0.6100200335857489,-3.1300966273878026,-2.5326775061267153,2.4828444637020404,-1.9612161107410104,-0.893023264275989,3,0,143,153
4.073125989416774,-0.6100200335857489,-3.1300966273878026,-2.5326775061267153,2.4828444637020404,-1.9612161107410104,3,0,144,152
-2.0007964963263154,4.073125989416774,-0.6100200335857489,-3.1300966273878026,-2.5326775061267153,2.4828444637020404,3,0,145,151
-4.311560518671794,-2.0007964963263154,4.073125989416774,-0.6100200335857489,-3.1300966273878026,-2.5326775061267153,3,0,146,150
-0.14908843815916972,-4.311560518671794,-2.0007964963263154,4.073125989416774,-0.6100200335857489,-3.1300966273878026,3,0,147,149
-0.11890862643429712,-0.14908843815916972,-4.311560518671794,-2.0007964963263154,4.073125989416774,-0.6100200335857489,3,0,148,148
-3.170318603992252,-0.11890862643429712,-0.14908843815916972,-4.311560518671794,-2.0007964963263154,4.073125989416774,3,0,149,147
-3.5320862252830016,-3.170318603992252,-0.11890862643429712,-0.14908843815916972,-4.311560518671794,-2.0007964963263154,3,0,150,146
-0.2859248514393671,-3.5320862252830016,-3.170318603992252,-0.11890862643429712,-0.14908843815916972,-4.311560518671794,3,0,151,145
4.98816693730018,-0.2859248514393671,-3.5320862252830016,-3.170318603992252,-0.11890862643429712,-0.14908843815916972,3,0,152,144
0.23713625804656746,4.98816693730018,-0.2859248514393671,-3.5320862252830016,-3.170318603992252,-0.11890862643429712,3,0,153,143
2.9773008821875404,0.23713625804656746,4.98816693730018,-0.2859248514393671,-3.5320862252830016,-3.170318603992252,3,0,154,142
0.8255401128367321,2.9773008821875404,0.23713625804656746,4.98816693730018,-0.2859248514393671,-3.5320862252830016,3,0,155,141
2.202063367327379,0.8255401128367321,2.9773008821875404,0.23713625804656746,4.98816693730018,-0.2859248514393671,3,0,156,140
-0.5852446049682916,2.202063367327379,0.8255401128367321,2.9773008821875404,0.23713625804656746,4.98816693730018,3,0,157,139
2.45006190244178,-0.5852446049682916,2.202063367327379,0.8255401128367321,2.9773008821875404,0.23713625804656746,3,0,158,138
-0.5363744050745962,2.45006190244178,-0.5852446049682916,2.202063367327379,0.8255401128367321,2.9773008821875404,3,0,159,137
-2.205815164649945,-0.5363744050745962,2.45006190244178,-0.5852446049682916,2.202063367327379,0.8255401128367321,3,0,160,136
1.5549066660981057,-2.205815164649945,-0.5363744050745962,2.45006190244178,-0.5852446049682916,2.202063367327379,3,0,161,135
-3.332077793630988,1.5549066660981057,-2.205815164649945,-0.5363744050745962,2.45006190244178,-0.5852446049682916,3,0,162,134
-0.44105618770789423,-3.332077793630988,1.5549066660981057,-2.205815164649945,-0.5363744050745962,2.45006190244178,3,0,163,133
-0.7374887989530469,-0.44105618770789423,-3.332077793630988,1.5549066660981057,-2.205815164649945,-0.5363744050745962,3,0,164,132
-0.4861533519999004,-0.7374887989530469,-0.44105618770789423,-3.332077793630988,1.5549066660981057,-2.205815164649945,3,0,165,131
0.1364132147476235,-0.4861533519999004,-0.7374887989530469,-0.44105618770789423,-3.332077793630988,1.5549066660981057,3,0,166,130
0.9066325992907189,0.1364132147476235,-0.4861533519999004,-0.7374887989530469,-0.44105618770789423,-3.332077793630988,3,0,167,129
-4.141281595915862,0.9066325992907189,0.1364132147476235,-0.4861533519999004,-0.7374887989530469,-0.44105618770789423,3,0,168,128
-3.114829375761654,-4.141281595915862,0.9066325992907189,0.1364132147476235,-0.4861533519999004,-0.7374887989530469,3,0,169,127
-1.621258709440598,-3.114829375761654,-4.141281595915862,0.9066325992907189,0.1364132147476235,-0.4861533519999004,3,0,170,126
-2.3307025749498664,-1.621258709440598,-3.114829375761654,-4.141281595915862,0.9066325992907189,0.1364132147476235,3,0,171,125
-1.0472758352952143,-2.3307025749498664,-1.621258709440598,-3.114829375761654,-4.141281595915862,0.9066325992907189,3,0,172,124
-0.7637971049316137,-1.0472758352952143,-2.3307025749498664,-1.621258709440598,-3.114829375761654,-4.141281595915862,3,0,173,123
2.5424160450832125,-0.7637971049316137,-1.0472758352952143,-2.3307025749498664,-1.621258709440598,-3.114829375761654,3,0,174,122
-4.802079116864785,2.5424160450832125,-0.7637971049316137,-1.0472758352952143,-2.3307025749498664,-1.621258709440598,3,0,175,121
-3.7551441908668206,-4.802079116864785,2.5424160450832125,-0.7637971049316137,-1.0472758352952143,-2.3307025749498664,3,0,176,120
2.2090238711009493,-3.7551441908668206,-4.802079116864785,2.5424160450832125,-0.7637971049316137,-1.0472758352952143,3,0,177,119
-5.283565259549174,2.2090238711009493,-3.7551441908668206,-4.802079116864785,2.5424160450832125,-0.7637971049316137,3,0,178,118
-2.1836942267040027,-5.283565259549174,2.2090238711009493,-3.7551441908668206,-4.802079116864785,2.5424160450832125,3,0,179,117
1.5451176912887508,-2.1836942267040027,-5.283565259549174,2.2090238711009493,-3.7551441908668206,-4.802079116864785,3,0,180,116
-4.680592744653182,1.5451176912887508,-2.1836942267040027,-5.283565259549174,2.2090238711009493,-3.7551441908668206,3,0,181,115
-2.645520979115888,-4.680592744653182,1.5451176912887508,-2.1836942267040027,-5.283565259549174,2.2090238711009493,3,0,182,114
0.6135117629841589,-2.645520979115888,-4.680592744653182,1.5451176912887508,-2.1836942267040027,-5.283565259549174,3,0,183,113
-4.058838689441252,0.6135117629841589,-2.645520979115888,-4.680592744653182,1.5451176912887508,-2.1836942267040027,3,0,184,112
-1.6056908743458143,-4.058838689441252,0.6135117629841589,-2.645520979115888,-4.680592744653182,1.5451176912887508,3,0,185,111
-4.2800139785281965,-1.6056908743458143,-4.058838689441252,0.6135117629841589,-2.645520979115888,-4.680592744653182,3,0,186,110
-0.11508067542722822,-4.2800139785281965,-1.6056908743458143,-4.058838689441252,0.6135117629841589,-2.645520979115888,3,0,187,109
6.479603292170669,-0.11508067542722822,-4.2800139785281965,-1.6056908743458143,-4.058838689441252,0.6135117629841589,3,0,188,108
-2.3864446704740256,6.479603292170669,-0.11508067542722822,-4.2800139785281965,-1.6056908743458143,-4.058838689441252,3,0,189,107
-4.2342677576759,-2.3864446704740256,6.479603292170669,-0.11508067542722822,-4.2800139785281965,-1.6056908743458143,3,0,190,106
-1.0068443875173845,-4.2342677576759,-2.3864446704740256,6.479603292170669,-0.11508067542722822,-4.2800139785281965,3,0,191,105
0.4843528613524768,-1.0068443875173845,-4.2342677576759,-2.3864446704740256,6.479603292170669,-0.11508067542722822,3,0,192,104
0.12216243879338418,0.4843528613524768,-1.0068443875173845,-4.2342677576759,-2.3864446704740256,6.479603292170669,3,0,193,103
-2.4145858864578,0.12216243879338418,0.4843528613524768,-1.0068443875173845,-4.2342677576759,-2.3864446704740256,3,0,194,102
2.206749270396421,-2.4145858864578,0.12216243879338418,0.4843528613524768,-1.0068443875173845,-4.2342677576759,3,0,195,101
-4.53248485173358,2.206749270396421,-2.4145858864578,0.12216243879338418,0.4843528613524768,-1.0068443875173845,3,0,196,100
