0
0.5147768971380293
-0.18387370697722277
-0.26831289254074786
1.0600455545107856
0.3860102673808968
-0.5888881410756895
0.45239879198060173
-0.6790562068669506
-0.11537219437011054
0.2812119029723372
0.41976080311194447
-0.7726781677529478
-1.3849554653979708
0.15586794570494578
-0.09939042683130415
-0.6366250523160695
0.37812729649461857
-0.20357508903184177
-0.9847709450005901
0.48809892356909
-0.1801758615265572
-1.3161843555161936
0.6482157860043645
0.9138528889690233
-0.31755410759794017
-0.20084871221428685
-0.2944704732111965
-0.4462925370024862
-0.8313686056815557
-1.4054053331705463
-1.1736672508859176
-0.8213761795155892
-0.11206839021748438
-0.03840428424534959
-0.3884903345834143
-0.23683848070143132
0.55200213149941
0.75120924637396
-0.003001761630651578
0.17414115586234719
0.5836615066357844
-0.5333455944064643
-0.6613122656119911
-0.5075976570548318
-1.1913198086335781
-0.49733510351608845
0.22317645446018705
1.1192813576275702
1.1029033133786441
0.25488413560575507
1.6880357037849458
1.2688314335380126
-1.5620666814555295
0.7642437019030222
0.8045078915372728
0.137297810753217
0.3013954143876365
-0.5285092719616278
0.03963776239097999
0.9639987819799347
0.7377612569530223
-0.8083984022709579
-0.4880813687216078
0.1732957108602135
0.8005508805916375
0.31536277251777
-1.2722850626663595
-1.4118423451115019
-0.740887548954595
0.003767952648933315
0.7220059511589252
0.33371337492849806
-0.8195646643331573
-0.6873631580668892
-0.7179736922599744
-0.18376301514382407
-0.7530119593134366
-1.4091530404152786
-0.2667124697189859
-0.4083944323244821
-0.9353098082368075
-1.2922128666155341
-0.1734407308804725
-0.8148684017592075
-1.454769268785901
-0.8543978498906392
0.051652614835551
0.4958796142990065
-0.28275035544637167
-0.34431285590927474
0.6488832784293844
0.5941476998371682
0.4446511128544337
0.029852453658879948
-1.3227034057494507
-0.40335992667736786
-0.2164091663407258
-0.607877958549545
-0.5346316944995779
0.7485944461313936
0.3257358421081863
-1.7238367825799783
-0.4334303540988993
-0.06542570875115944
-0.9341574352068404
-0.9845584954004307
-0.20619281080153856
0.08880920989024672
-0.7334619713896086
-0.9356006210262194
-0.11907380319231545
-0.47931523976111123
-0.5597719545829423
-0.09710531168391755
-0.1443986479081455
-0.05273595624198596
0.22163121840997477
0.027202276610471653
-0.2656524735677295
-0.19429984148441623
-0.5962322098059856
-1.2141325372241982
0.2483721904141732
-0.659040052135556
-1.2579228214019762
-0.20853590917660647
0.27775910793521513
0.3604074559476201
-0.07727940178147583
0.7999216199734328
0.3520487086435239
-1.336023270473897
-0.6471343170051398
0.12535974839945851
0.5043997992510763
-0.44583303175421723
-1.0474172895349887
-0.24714044939357613
-0.17219097691900745
0.48975643728095514
0.17913574312533048
-0.5217995655295
0.5639971796499363
0.6805857378369059
0.23256625631157637
0.4349893559869637
1.2384430740664474
1.682359685634851
0.5135271380577371
-1.1097654928663072
-0.4673991774388726
-0.6323921632506742
-1.5922095110949943
-0.6980441037850117
0.23814719991738753
1.1109162486433788
-1.2040219993643755
-1.1249752856230797
-0.7832599953449628
-0.7103900267006655
0.6405074609791532
-0.28955460036288394
-1.5315943814849127
0.5064835539362357
-0.06420189868400356
-0.19281844092758643
0.1243629858481217
-0.2960642779556547
0.13761480936707193
-0.3936516706254751
0.6392644586156183
-0.1288402682608363
-0.06094998787021109
0.7101475457387182
0.38913234569174204
0.20161378853155965
0.9495383965403916
-0.19979311031176206
-0.6572363267508514
0.183481371839048
-0.20468658158124084
-1.3118889393515736
-0.8860610103083064
-0.18785751602365236
-0.060603983596611885
-0.5226889266334448
-1.4110050354291477
-0.352976047131282
0.5225293789276646
0.5804337199852634
-0.6829713147925675
-0.0251466124526602
-1.3642696376091816
0.1256841922474817
0.049851719579216865
-0.6227629297663991
0.01168853275096802
0.390551359658077
0.12570845214945264
0.207717575157367
0.8954012752173114
0.5137080068093889
-0.9242279838261769
-1.7423052331487285
-0.7412491750694441
-0.8404134556131657
0.506925617362326
0.20669811811253058
-0.3523863690301853
0.052502498330515686
-0.21043395113877394
0.21716548377176173
-0.2360994479891814
-0.31807521613041695
-0.22158054088454893
-1.1930786641906699
-0.8232988871651282
-0.3552648424453566
-0.8288782834268553
-0.2213962514703564
-0.8926101679527675
-1.79511177524944
-0.3956909769863824
0.5888480095414343
1.3601675277457252
0.4692133777875957
-1.1091339798210473
1.2342186991448003
0.7697512655915
-0.23109978834105038
0.670827604155854
-0.6811056611420021
-0.6757717324636052
0.05394257603421786
0.5115216153447582
-0.1794341342128737
-0.1844567114522418
0.01643408448276365
-0.055224191581998705
0.6609768108727245
0.20850355894491832
0.49195868440016327
0.5402393715359045
0.018746358373648464
0.11746043293986856
-1.4137905692104134
-0.7133440084224805
-1.270026326808387
-0.9076896824962066
-1.279204047143569
-0.659989689004723
-0.8232468333591227
-0.7513494967421087
-0.3721627978824411
0.39672312823473405
0.941720192291013
0.992005376671911
-0.3960761612855007
-0.8824536827105505
0.27345903420006434
-0.44791146473929355
-1.1587173756820535
0.059819419683828035
-0.5166280330225405
-1.3318209154618652
0.09465049055734415
-0.06429702020537525
-1.262931472678956
-0.13962268809146222
-0.2212145494288843
0.25270567045488823
0.5550339254570864
0.7667789033681649
1.1512514439381507
1.3435907582574507
1.0299087016691453
0.9785511819112441
1.6825646199789503
-0.4136518004456554
0.09448448576711718
0.7916654535036002
0.39999290523027686
-0.40619024406565357
0.0889229727220571
0.4776602248750648
0.4391838605382715
0.2505354907428078
0.05267814913498657
-0.7963905644727377
-1.6920303105628287
-0.6732354539761956
-0.5557272553141347
0.5738668906487743
0.9296511195319433
0.4741775689836455
0.3882434379671762
0.3969785605584437
0.4835049898415318
0.9322637866935708
0.45821015017310623
-0.8533950683552005
-0.02177413343989089
-0.20340541202143267
0.09160233530369041
0.21476147827296477
-0.8727236936827207
-0.1274681137633781
0.6369929058507607
-0.2923392590647781
-1.2595227816565036
-0.5294559843680807
-0.7356280341372787
0.5230784943397725
0.13571154417785225
-1.6499474399800749
0.19458988634066263
0.12948937995473186
-0.48251462242462984
-0.6651859788046681
-0.23032966813989975
0.0418098962888849
-0.346557453985762
-1.316877675070359
0.8564489060495878
-0.10132730685539926
-0.5879946983740372
0.5196172023854586
-0.7535938917639824
-0.855384866121586
0.3843556758532516
-0.543084973809384
-1.6096188028337792
-0.44823669282894285
0.2726560979939186
1.2722859813102274
0.6600467478391151
-0.874609030827903
0.5025200544391029
0.715932982752959
-0.03787069845116514
-0.9272287652205926
0.5293477223318827
0.06395251919921988
-0.553360216199037
-0.8512732505885211
-0.435791599414603
-0.30470523715637376
-1.27122324120305
-0.3304897173048414
0.12043508554753285
0.8498547664813626
1.1471075832274498
0.8011540155019901
0.6008169226097877
0.28680641352029257
-0.2854273700332217
0.06262295771787568
-1.106372638453076
-0.4347288784506351
-0.2962522324430395
-0.06269113210822472
0.9273097811158828
0.5682761158239148
0.1611456770240544
1.1780338633575451
0.9436433410686564
0.2428100112334242
-0.44889423138026374
-1.0054344361647285
-0.7799239992598069
-1.1539701957234283
-2.1610029629336323
-0.274622127696049
-0.2894371189037507
0.11187609024729865
0.49175000612717307
1.501055408502765
0.305553457431656
-2.6258286471625336
-1.1925961091857087
-0.8118625417349891
-0.019989833283573455
0.6776308908920968
1.523381528821797
1.875219716826578
1.1103763399426572
0.7487338897441782
0.2709390190938221
-0.020581234860978702
-0.3870013891085845
-0.5619260678428054
-0.2996398353140431
1.0048342372917014
0.6000613868651872
-2.181932862643368
-1.0655670803485253
0.32003421211164484
-0.5166928273627824
-1.2912766268587406
-0.8299164380038895
0.9887435527437132
-0.8799098019478092
0.970385167699448
0.900961633444587
0.6358694683285198
0.07223310826614004
-0.09244357366129913
0.09763133577024852
-3.339395353267933
1.1648462284415375
-5.947175556602513
1.287509689631654
1.7615437667228704
0.5818756583990062
0.9432805422753612
1.4459958492929414
-2.262130294514566
-0.6957818936763527
-2.353982221516798
-4.389914300471086
2.2871649711248248
-8.304985444872775
3.907400142392099
-5.581248864808834
-1.6815699043165688
-2.306059271396977
1.2329118177594474
-6.694712818517161
1.1376261770426521
-0.4585775763888098
-0.19427811903895986
1.9320117997273685
-2.017342043025561
2.0762141413947925
-2.1923936801077786
-0.33085368137572635
-3.487600114887895
-3.2214749572464956
-1.8815857755367134
-6.225938174443588
-0.8070363421471827
-0.9167510024649341
0.1689011329766205
2.591475569615856
1.072564650936093
1.5220881275324691
0.6893426442623554
1.4012373605789203
-0.17058975759428388
2.4020355971909995
0.779565916808313
3.26995217485179
0.04837398817287464
4.140408302049811
-3.9622604446632583
0.11472537670138383
2.9298850925863773
-1.5314161936976936
-1.6511225582822093
-1.31036548494689
-6.74997213307756
-3.413218406864714
-3.973403337852526
-11.774177201234153
-2.554848216535765
-5.78837532089033
-3.7010116860448226
1.0467519551312585
-3.595113087672501
1.34220420673842
-0.872326530646144
-2.2343213487049813
-0.4330707276884579
-8.40612205415534
0.521898627644303
-3.339643056764034
3.439436949970474
-0.03880712159958581
2.3949595909634707
-1.2009894563138528
0.6903631028386727
-0.6924430069950843
1.636527913080505
0.05535817930928354
4.036416856420251
0.4220630001829707
0.8643886491215307
-0.27207809240145425
0.5287588940432617
1.8732475384244978
-2.8948201136642124
0.6731088254874786
-1.8700853678498066
-1.9597548103429532
1.8753575792640511
-7.84803088581556
-1.379891103868501
-5.033325148822395
1.2652640708132799
-6.670048957569149
-2.4510660864014424
-2.8477696467393554
1.578141047887116
-1.8443994665002166
-0.8191152782055705
-1.4899346867750167
-0.8785877467625625
-2.8539048090534496
2.410396828094029
-4.856696599885621
-0.5551073274322244
-1.7715292281602653
-1.9933613476402687
-1.576373378185877
1.506424435201668
-0.08746103653251387
-1.725142873649053
1.1198722779522738
-1.3333622593854002
2.394337892965608
1.8187666826210087
1.2035536428653124
1.4267720824813415
0.5755145246867384
3.944486260051794
3.3189952064767065
3.3806197038494226
6.218692754875775
0.38007794024703245
-10.737273491532868
-0.6224391201488273
-7.507328394136381
1.8040976933245416
0.027632853602581164
0.031306201021619434
-2.335652535646856
-2.2634441410074917
-2.521205286832397
-6.066850840410943
0.8517209845273547
0.06391469272026962
1.743440116744273
-3.7631150563981337
-1.6779720298381702
0.49122697834956963
-5.789647422373234
0.7396619793689759
-0.13088868148924349
0.9187272730852066
-0.5560284544687351
2.6908012946043525
3.7827526758153205
0.5101346197274628
0.5267530596055248
-2.5469317914118177
0.4610736377060416
0.20316335964849852
-3.2173046623391413
0.3934761018555891
-4.931930433826309
-1.8692116294135492
2.2985286410005865
-9.281912312366348
0.03599738265492625
-6.7209440096322925
1.738837485957008
0.6118469380000461
2.1181802007388226
-1.4899232115430168
2.051575173886105
4.165540955637075
2.6563243139410866
-4.087664866436425
0.2407059296251865
-6.626636256424135
-0.7225156353073675
-1.3807013372333496
1.065614510159113
-4.284498442231769
3.1185073439101263
-0.17951692402310346
1.3206160851300957
-0.3117164692493659
1.5205324316743973
-3.689938273983894
2.268630168888459
-2.422152905495892
-3.103398075808487
-0.8860617218948554
-7.7725664690179075
-3.0279203317588124
0.7745264350701296
-1.8159399083860759
-0.49007595508622914
-6.012732099105567
1.1705583492611111
-0.17107103770214377
2.746878708974785
-1.3584161325006745
-1.1346020439806863
-0.3710052915507094
-1.7544800691756104
-5.12178112096121
-2.8855270419860917
-9.229959013948648
-7.867553001990669
2.980705541096561
-4.182117420687971
-2.839161456221897
-4.834474259865338
-4.16046620898914
-6.231813874193049
-8.20312747475752
-0.8713056630704332
-5.243930766406297
0.1765382327929702
-0.0016861667098855837
-0.04359564238449898
8.350383488960771
-4.101949467065581
-4.131741753717839
7.869049327901815
1.0885222509341252
10.868493943822727
-2.043124505168382
-1.2979555093273638
9.381032972926405
-0.8458683752491645
-1.9086287959810952
-0.7603274738053278
-2.3239992627959993
4.129599004880151
1.862545072536434
-2.914796963177028
-3.046929825863821
8.88760787452833
1.044001127346831
-2.730622212912828
-5.066328334669791
-1.8046849022543914
-4.262946775632834
-6.468583719326498
-5.809117441156696
-6.3241565511596525
2.752241970437116
6.509289694496831
-1.6579775392645724
-6.03001889790659
-0.19944303218675674
13.899291433704509
-1.282231711275743
2.6614948044479356
10.820061248046521
-1.079722697099342
-6.780588800740649
-8.703616502736006
6.382255132027488
6.229531863462383
0.9895683201484172
0.2159389383072651
-1.4477031091253898
1.5544373778813871
6.866269205988394
4.291495158685871
12.094319791095128
4.073021418611551
6.277034920376865
3.345286235394883
1.0015691009265684
0.05782780565134649
-3.8946385313064926
-10.36188801534551
-5.8578467421781095
8.788759498622316
4.765793025093869
-1.2154832044873174
-3.6931764448312756
-1.3002620715438356
-2.0359653562596565
4.2884510391073025
11.234824476265254
-0.040485156672737777
4.572782493191262
14.595865690868838
7.172094394893498
3.9862582066877215
4.4318747373907605
7.965215810412869
1.6659148711823564
-0.25630968649552943
0.7771603824707197
-0.9954115368963287
0.9297134977626946
10.784504147714182
0.7039405468762929
-4.036722249218279
-8.153265994002632
-2.2627620160167723
12.923020007849805
7.665179225422923
9.30738750971445
5.530830173989375
0.30855453089668966
-2.9376302690190563
-2.559676903092432
-3.963273398472362
-5.374967798751574
5.502430099439604
-2.1142698498216874
-1.0014874425160436
-1.1356136227107747
-5.467355904889518
-5.590588817007709
4.542033739005783
-0.43484561497275753
-0.7223623102934423
6.551323731016649
3.4195621060530024
-1.7852247788547335
-0.06914687191541569
8.589216497112066
0.455741934757941
0.026843570143272655
0.5523808982071026
7.4020905561881465
3.532088388848886
0.48442695182911605
-0.26308815899335514
11.198704219343945
0.41606410489686485
-2.4941493602675724
-5.123331197486834
-6.307024115945161
0.23390255810833827
3.6781169833439415
4.7315819384403195
1.0938610405006983
3.0807810384106933
4.771706706640639
1.0665176206773102
6.613115415814559
3.6711400650254236
1.735349946252842
2.2572599604068158
10.157482848309748
2.894939319706324
1.6718649121447333
-3.021224868132159
-4.059943610923922
5.251930344893406
1.3130737009400972
1.3197620638850742
1.8995597129281179
-0.21783718489073778
-6.137889780932908
-2.8056686833294275
2.5920209009115025
-0.4313404476287832
0.10395864464097448
8.995075244067714
1.154637719140776
-1.3500848420789688
-3.725633650696736
-2.7344375870672666
-1.6116960001614005
-1.9020218779780045
-1.2124381447055836
0.3885698445269516
1.5458357787204546
1.5189343445685601
4.338393332835295
-4.701703907321091
-3.624016507792108
12.4766302811722
3.148768484016088
-4.792596263845354
-4.68671452114165
15.776821475040848
-1.3909275340058889
-2.8482187697701247
1.8417050753087754
0.544103114455468
-0.9548188295792748
-8.76276670631366
-8.930873215661903
13.441742244227507
4.828587147811438
2.5090363570648857
1.4942466018390284
3.3847625541758712
1.910277785240207
-3.8489484554730593
-9.760588181433505
-5.993381569825751
11.149666318579518
1.9328760027066156
2.9424768417319282
-1.6547385060003457
1.4371843064355603
3.3256298182476645
