0
-0.5244206723091126
-1.0454362816301317
-0.48823215290624883
-0.7913395961520305
-0.9099410836413897
-0.5902965591932847
-0.06962134942632642
-0.1895584191638553
0.48905624181618723
1.8817204274530623
3.0742229830657575
3.8010646787074234
4.1798651373066456
4.422898017813879
4.72438673794229
4.889543788798019
4.651305288735692
4.793354529502791
5.023831873416083
4.699418151764148
4.237590937581821
3.648559761451397
3.02928604176479
2.520456614990527
1.5206334140952364
1.2167063704653203
1.3856206188507372
2.0609651585546356
2.739162223847227
3.807330992051022
5.418566681877864
6.608381093167853
7.393158572680401
8.065051396115594
7.916874707092758
8.124729940417188
7.507740630419352
6.284766154190702
6.5857862514602505
6.41237537792531
6.237742323639463
6.323970969800411
6.356451880770782
5.484511952301405
3.923103328378425
2.706393308150441
2.334555463631248
2.555590136945004
2.1665932001253347
3.1295731759180985
3.2267665555673775
3.1339751249969776
2.6459299679682515
2.0493697219998377
2.5921278837869917
2.4695986111772497
2.8152555196740985
3.0339104473801854
3.4365708985618904
3.4507623011215127
2.5087877170408333
2.7255982532591663
3.410062499620945
4.248109051730292
4.239572237188605
3.610487566089553
2.7524303656564264
2.775582906938073
2.935694258247952
2.615936157436277
2.277506692527548
1.3105740202779679
0.6751709673841363
0.43644764436803485
-0.28236314437246224
0.31338615465233943
0.47588883237443247
0.22109643414668567
-0.544572793080815
-0.5031016289690792
-0.056397998970947494
-0.47161233529811925
-0.052583614616318775
-1.3555421021138487
-1.0254082521282788
-1.440859015193824
-1.0254077593544488
-0.21724840221175207
0.08160604589341378
0.54136797892126
-0.3890524580871815
-0.9589530032828824
-0.4934376545378712
-0.27383472201981224
-0.6121243280025175
-0.7617693578506495
-0.2681226106433354
0.4113201323711463
0.10201916480977502
0.22973696188047055
-0.042351374610516745
-0.12246753043174069
0.4243222853486612
0.2746905231593948
0.599712546700597
1.0523580216932436
1.8537414736228628
1.7350720219913094
1.9533627475793112
2.327112159592914
3.1411066576808375
4.5685074006206445
4.602747501665612
4.009371116679342
3.1215408812610206
2.13165931902182
1.6315232581478392
1.3117841952919298
1.590127999119145
1.6582257975066268
1.4139841938002
1.754058776634781
3.3630321863127324
5.408461944430555
6.951249849256274
8.143341748542325
10.066996935059514
10.921367607948628
11.377681010062519
11.978806998592168
12.63643945912992
13.395314873515906
14.179870952315557
14.739285496350217
15.628992239095016
16.54279389275491
17.62581544507445
18.562049621711225
18.816186518965807
19.086057709674833
18.501776958434025
17.677627315133122
17.27323845091146
17.139706242506723
17.707189304115317
18.3474047097151
20.002213715739984
21.534358738218504
22.404602781221037
23.00803071149572
23.874060074096114
25.334624390831383
26.926510582902743
27.573551265603236
28.326470773371557
27.905818478165624
28.609584655209858
29.622069801956528
30.17542360626745
30.86933250000288
31.584630590433907
32.872500681913735
34.70048177626961
36.4457090983833
37.855772437086614
38.89850420196014
40.77010806984542
41.2761273060969
41.98797142113292
42.19907782502001
42.0679361284703
41.32199197287347
40.885711242688906
40.01610734115359
38.448072228674356
37.36711292175558
36.28485604383013
35.016173570439506
34.605725120327946
33.67654610916503
32.126167021505445
30.967805649450657
30.226490991257077
29.51422491099336
28.41220541140233
27.001633559682983
25.923909978748043
25.51230478267683
25.27737126526047
24.75090614221212
25.359809949348698
26.09049685282372
25.4762929814351
24.460789502520583
23.827286363545184
22.84034524977924
21.894290377366765
20.658216441552693
19.505626374176963
19.047393473418236
17.528048203254723
15.087897632603982
14.394458092007671
15.67531298888212
15.026912717691769
14.885318777105507
15.429216827541214
13.813168622917505
11.280795293714167
11.906875848141565
12.670931428755322
13.047350014341461
11.735803904243527
11.099480539771445
8.495410713124215
9.210825258084864
8.113621199059754
9.503971879433447
9.301533136404405
10.893712278098434
9.249215846331053
8.156404559264626
8.080564391342737
8.373004226109108
8.134542522903862
6.263998633560483
5.462623980186626
6.606776328600986
8.126215842837016
7.765274882971408
9.798713311470042
10.219676303631951
8.543705306529205
9.9984466256337
8.56391509109308
8.216206187473826
8.967077865765825
8.203330510591302
5.388127082448034
5.214129444846969
4.2550864233976835
4.3133995267003415
4.692514164979869
5.204294954702355
5.712432904319697
7.262046912974279
6.3910845512823435
8.73437670500834
7.554990665012964
10.302244498345408
8.47858277513364
10.80161620533347
11.299127510534293
12.363719082325554
12.514311511167678
11.404255479996856
11.79281323139493
11.109871051002745
12.933358313929698
12.604359908559044
13.332360334253178
15.172868453223115
15.472898028283701
14.869742779270844
14.29751494026383
13.990864918258849
16.106490642735334
17.891392609739647
18.320413178792116
20.278751711477977
23.674721333649252
23.228170880020212
23.17993203372084
24.289231625961875
25.44818597535735
28.45820857895234
31.24258067306495
32.38536847810751
29.755537026586204
30.42156151726872
30.27010927052188
30.645866326283738
29.077707590705394
29.36344453807871
30.530452435717525
30.427998603483466
30.77015859614475
29.494080867650943
27.840689200739675
29.07426973185663
31.61880690555455
31.909669995781258
33.165171748842425
37.58939253090284
36.60599945013124
33.965038941469956
34.56121760879981
34.25492942625756
35.65245523330071
35.81550127984585
37.76278245552135
39.42178426210083
37.39597910215526
35.207226360620346
33.14713370622422
35.68160608727761
35.03610717075378
36.82981593507517
35.440272661525924
38.06631090951182
36.427173385068244
35.35239962286258
35.067136466926506
35.22862557831079
36.70063216733686
36.54974716125676
34.987976577350594
36.56014203586398
38.233988487366055
36.31425248468225
34.253497144487525
32.89270527952583
34.82901035931941
32.46919162948845
32.50419960499894
32.99363895584233
31.89467964904953
33.91156942984391
34.74178480407805
34.78054768528939
33.510795711738325
32.33856133441825
31.79130063180689
32.14805527947282
31.172868283295696
32.9858015036981
32.05152924076715
34.16393332159559
31.705891179986285
31.870865293861765
33.277113934596514
33.309914277534844
32.73577341355445
33.12516772344802
32.936327963536456
32.9912770536007
33.45413285832176
33.27980314401324
34.48663910166081
31.16287295373349
31.839061836151767
32.801180533591356
34.953231409501825
35.15630991836409
34.04173718483872
35.23116850560535
33.34497197321648
36.1892728956028
35.099099300157015
36.68132389695482
37.30640469705083
38.54193452998473
42.694113628026955
42.16254315195724
42.361551038074154
43.13743865422656
45.86159057290078
47.18856519822
48.43439371378637
47.99319595288898
46.574564332920694
46.46512058112142
46.04028336963015
45.61866334674754
46.233015120017235
48.91054658625592
49.648653832359535
49.3866732949187
46.98295956131506
49.82302840859808
49.598855542842486
47.21814226167701
47.26570247821189
45.170871703140065
44.042629503632405
42.24858551057366
43.23104426176166
42.907749094808366
44.98024385899459
45.818730653285556
48.385550642677444
46.901440338851316
45.05379264827787
43.944533902863
44.125915850779414
41.444627526281174
41.89919817058892
38.677422299217575
40.165556809272175
40.06111740632452
43.51943385851853
41.05127580867512
42.45974649870464
42.38168581541893
46.90655387624956
44.24962120150837
43.45603997870177
41.50564499958008
44.04483068606546
40.25791808802239
44.230933123743085
32.232970627447216
45.45290251101799
29.934897612449678
43.8367291992192
21.241319850157705
45.4092933527743
15.653840866970546
52.34190657923168
3.7948511429447693
64.74835736913815
-11.243290304622004
-20.09674487276093
-3.9427741793478757
2.0143837849797697
-3.6024230767273684
-1.5276457484418065
0.9405438663244154
-2.710451344088419
-1.8076034218469288
3.077799214941627
-7.948658788984812
-7.052785482085788
1.3837761965368263
-11.613775042784066
-1.4673632226017947
2.556163835492728
-0.71335578529454
-1.4439617979612749
-1.297647439441543
-2.7455148208769704
-1.0789230466575692
-6.090893496322568
0.6131710434333608
-6.813111969704682
-4.690369024758704
7.622141535047152
-4.846073068141779
0.6636960895004664
-4.523001102887391
-1.1754475394794897
4.732128826853113
-1.107210778891998
-6.892180880988202
-1.6910998428556847
3.0088533555223824
-1.697017029470451
-2.9637293025990163
-4.343366550678318
-2.258648240208177
-1.703308493221368
1.4509593075627065
0.24166875279086542
4.643684384820299
-1.132640978921129
-1.706675297483406
0.009241360248354664
-31.100445869275863
-2.9348741610533833
8.501542056573207
-0.35576908504462246
-0.13565510677447667
0.45532115439845466
1.2166042650124869
3.118899051400593
2.021220224793648
4.439354775037508
4.468629402225773
8.605086878715902
2.7758991947467395
18.465074275602717
-0.4674874182164196
-1.2715315552252342
0.2482822467530388
0.8271045419053547
0.12660121302568078
5.647049580991803
-0.06870590929285647
-11.223269919791491
-4.3504935994741665
3.4469877681915824
-8.70863356319228
-4.621993736155658
1.7192283960324806
-4.1999675225470305
-5.798988357639013
2.132633788272908
-7.621201235529426
0.12763702861638837
-12.92172072597631
0.20581700192151953
-20.496702613745335
-3.1435606694081466
2.5378289460139354
-3.71699145872935
-2.2033567663099296
2.536242901645377
-3.4465701506120108
1.5380179281917488
-3.2730905649036997
0.28213704542719475
-5.2348790468920186
2.5328187430493587
-4.934959422260487
1.1547566084916854
-3.390944861189018
-6.547682157120192
2.0023822121381
-8.294499443821609
-4.959989791249525
3.8874779021174612
-2.441589525837795
-0.9195805442856116
-2.166394691497949
0.5140717842283296
-3.7927928878565496
1.5743793681025915
-6.829948731644774
-0.7886885751314221
1.3386103004997976
1.0237506194763124
-3.1577134259016137
0.10452409198979717
-6.145615787661372
0.7643023844417711
-6.389107892823981
-4.4320837895349445
0.4983313304270225
-5.339528779427067
0.6695646621523081
-9.347002430790448
-1.8348039907150004
6.357561714048888
-4.469199715487048
-1.0331954352857897
1.5303894807678986
0.16762401278863082
6.8654539570105
-1.9420511707065993
3.2991876187621445
-5.8967388943811425
-3.920001463858413
3.2107321412683167
-6.24892253065752
0.4365487257822913
-9.51825335152051
-3.1589684497505797
2.768332831155668
-7.223462850677671
-7.925158048463594
0.6211233759308344
-7.4808260820558345
-2.4242633748132834
4.445657986364086
-3.4234914814145294
0.6066130732661121
-0.8849053939589218
-6.023531515062427
1.8960301059358033
-7.598863347487115
0.6497055554376483
-9.589773567878469
5.36195050719167
-14.198525901325905
-3.355588390222068
4.656025859931287
-1.38033391023186
3.496991625805312
-2.261971213721035
-1.7659627308123782
-1.8941070754833198
3.766199230449722
-2.9021140703301995
1.1473441541385523
-4.010643306794325
1.6480406823363225
-5.4847474358631985
-4.287778797193762
0.34135033032939055
-11.080617768713633
2.2467380554905505
-11.348961385336526
-0.6924169910832116
4.238255343254646
-0.12888585674326047
-1.353765068269548
5.089329182676043
-6.133454554603914
0.9028100745643024
-8.394284851610632
7.838722062005648
0.769616698069894
-1.8057153313631562
4.372972997468009
5.1413086787792395
3.245099763670996
6.774215722063085
2.3490385275272003
0.12771923007202535
1.521109834054411
0.9512367061391407
4.555780171040847
9.630691911255362
7.541774446356258
3.5148914179921213
-1.6585174180872526
12.080051954233864
12.057616116414572
9.826060531921948
10.1459808371009
8.221557844406405
7.712758479797964
5.895718749236847
1.5713425119181927
-0.01890439798900223
4.782533319134078
-4.704855246401902
-1.9105019853113703
3.196417161559546
-4.807305400366203
8.33328948892916
7.764021707980203
7.013461499544091
7.3642086241025595
5.2084290255658825
2.281977434895607
4.788547273537751
4.078616871853403
6.862730209855238
-1.3688604515751663
0.7092294009134594
-5.526848342477022
6.350890619842806
0.36756382416323063
-0.11958984804556971
-2.068000708414144
1.2146694046516153
-2.435178949948579
5.481436730476236
3.8287656386682816
6.51956335465734
12.542485775314345
9.963443515737424
10.398586381584904
10.565941213755913
6.6189573327302735
5.785271154844025
4.027031018612273
10.944269201986994
7.43505364869
8.924099790256134
7.917684280280443
8.16018086288153
11.558731147738156
9.73696036577729
11.520186394502261
3.813475385667221
5.6937026613699455
5.374658522926069
2.862542936304197
5.170543833255637
6.1146815393497045
1.6358789070725557
0.2141377326199767
-3.047575593572323
2.4523640136193903
1.0465696309542336
6.432466098156567
5.9128701344038355
9.847378021780708
11.546500768447789
10.65173933110382
8.572544210339666
6.858791438153904
9.526328512660754
11.753208151521589
11.612124889161038
6.662142201830005
7.891107571486784
4.321355070910958
6.354033070512608
3.4948784992555963
6.414446129190594
7.818082882733554
12.368589299692614
14.240901768221246
17.420568643645513
13.455221066072088
17.624199590940005
14.662163963257536
13.164755523433158
17.88497339721569
17.348996629837234
22.088102546981823
19.595061740701578
14.69015507795758
19.90216847241264
13.616681110980714
24.22047009139562
22.152906795717445
26.537181321588907
16.106841885232996
20.1775689196774
14.041685375361393
15.515829675323266
13.664057763683779
16.217793764302233
12.964332470866399
19.5336200174214
21.37788152825683
21.94197050855175
16.848799055516672
16.608392642720247
19.98931575880114
15.435980946883927
18.0413507075801
19.78207941394015
19.11258027321356
20.414617657089998
17.845775958849302
21.05824018562925
22.77349192919364
17.233787074956393
16.739305946079426
17.65457801554368
19.39451610078315
19.50478265100634
22.17852085091771
22.226561157607215
24.32967972381603
23.98868948810033
26.61655431740357
27.240462335353197
31.103529898231884
29.762596396082145
28.33321726968237
35.72071876809129
30.240837360006335
27.237197159696258
28.366672962785145
28.259996634779686
27.80388752342422
30.767671018272928
28.204625976974416
29.730932340123267
33.40286222122454
35.33201394106496
31.32313172096967
30.769388720685985
28.697877250707887
29.73198053999165
23.812109669615634
29.399177921738936
28.71553214347933
29.539622754014815
30.745752549079185
29.912419523595307
33.553337665892215
36.03627050456001
35.95288663662131
37.9367543036663
37.725903848878005
44.06615712754485
32.16712530086032
35.34018494374504
32.74155488258626
34.73298273242906
31.857606709956396
30.058957926656547
34.87821811511967
40.60426361038406
43.33022116481254
43.52980238724594
37.91342422115563
41.89218759516157
41.25949142383665
44.75273664936523
44.28258152551582
41.72863291308792
45.33831690581365
38.24374795824869
37.43234617932386
38.15286258897472
35.17934900490615
37.24739793439012
36.4138342903282
33.84458365751074
32.53742203789593
34.31487755893325
28.439297374759878
