0
0.5763118620974317
0.39747802261986453
0.4966502820226498
-1.0637334458871321
-2.184717288098542
-1.3625653036858651
-0.8412252071655626
0.46036104227046754
0.8589979296130879
-0.06635640527494474
-0.6118017911526282
0.3777145393461854
0.2198733432816925
-0.5140349770787912
-0.08208436769716827
-0.7424208493588785
-0.7953354396515457
-0.5879101309089849
-0.18014868525191535
0.035383869344449606
-0.36647247331018096
-0.10147244521853446
-0.19020807060702677
-0.31019329150603864
-0.7488470224623437
-0.8811697046189004
-0.5511977991339245
-0.5726560397334113
-1.0972457608294643
-0.46981857648606307
-0.00023682479191067252
-0.35359213341742723
-1.349398574155356
0.11529324233490512
0.4553449129604785
0.25488919320178766
-0.2875115905906692
0.09280037794679492
0.09819710548824044
-0.6204142113819608
-1.161435184577779
0.4618035466911999
0.049798149117987606
-0.3785496286595128
0.3643062449029322
0.07459426325063298
0.4807800474026979
0.8884091749871099
0.975124252929902
0.2605750383072404
-0.4773261831523512
-0.8119011220512156
-0.4927734648625387
-0.1717679981131493
0.2539680222506824
0.6281623158828558
-0.33233376414800186
-1.4794512841936782
0.3890584146016921
0.18340609569651903
-0.6370947568812735
-0.4764330859024659
0.15447742187166222
0.8415713737305988
0.3972907433719111
0.12675385125675911
1.0511804277393992
0.34515593127030153
-0.2731085951719541
0.19683527656774694
-0.2642144554302063
-0.4179495432196576
0.7757419524114613
1.0909433455640927
-0.09831117429796102
-0.9772537880070449
-0.8858444606500238
-1.4311913209959204
-1.3574625660161321
-0.6017203495826069
-0.3679234116921885
0.30999184381516515
0.13105163220494015
0.4103641021872262
-0.2782475049262266
-2.089507933770422
0.23081745720351166
0.08619939877296853
-1.5467351786030632
-0.7506206805964312
-1.3543503522810885
-1.0486718390520064
-0.20484598438868146
0.14225715296019847
0.4792773713196483
0.8484250586713035
-0.12558847618414193
-0.9258072704370651
-0.4792099453480403
-0.3401311036449783
0.8044201073419541
0.8714027622706578
0.030686722683073986
0.3314236157712714
0.36647953050755766
0.025399217977135895
-1.193802937099816
0.2233825869567549
0.7056881696697958
-0.24664807025976568
-0.4509398445899206
1.1904446046737476
1.3559302563284266
0.4035727740138355
0.7526930788720486
-0.8408402623492066
-0.6096902081850156
-0.36852737155583104
-0.8299953610095697
-0.8879967049622971
-0.31910021685193296
-0.7810674463771171
-1.3516911758392718
-0.04017972659331273
0.06629988409657961
-0.5269258989896124
-0.925979564014069
-0.37022278879047055
-0.3256809295892404
-0.11870170083675372
0.3242494408441972
-0.1682824503443239
-2.2568977155616388
-0.7130291418316715
-1.3775632720520985
-0.3356538599841311
0.542623060671642
0.392149565265158
-0.7111620289915452
0.3498730753364638
1.1517723542764575
1.9169140316411601
1.5490512414568367
-0.023594071141366912
0.7273994503388337
-0.4379933455063767
-1.9130076062290076
-0.8330654082432192
-1.4310261808582059
0.3986781758592241
-0.11162632510569859
0.0025657857036531784
-0.06031690150917329
-0.026294015407958407
0.4656998689253933
-1.6544889768860256
-0.7899387233312708
-1.3576389258244776
-0.768794880517606
0.08588856457118271
-0.9664098143244907
-1.8276773520728793
-0.525922388267611
0.05614132453853399
0.6693107847414386
0.9997064117244491
0.28752861301255983
-0.7972721504121308
0.267802671857188
0.3315144788265737
0.626972464217725
0.8799189322676423
0.26322962692324675
1.2866060896121672
0.5977801434699699
-1.8541489344146824
-0.5220422229457916
-0.5905168712010151
-0.5068580180721768
-0.007322075237557721
0.2705269987476895
0.2435169534135434
0.1743964148070033
0.5467768209192493
0.9443903382712708
0.30745664364420244
0.25819368370680745
0.9834952364123648
0.5151731769019208
-0.019246516492190557
-1.1730097437131746
-0.7047440758938507
-0.5377691997259035
-0.4409893879739941
-0.9079838389286273
-1.1153750124156627
-0.16597475237770942
-0.6278706495467505
-0.3320386750878032
0.1041841838660405
0.45291658511672384
-0.9559218754679449
-0.25491067054432615
-1.349389008233391
0.19321960564344126
-2.7478852017660578
-0.2209934421056512
-8.205751527542418
1.8901317382339973
-5.628802794902504
0.21456357987724273
0.09708504828945565
-3.760698873225312
1.7276340447326677
-9.387548303516907
1.9194769054380765
0.03226343132862404
3.0994865069719357
-2.00297833224732
-0.20611591965823495
-5.180416320196778
0.4969972862162162
-0.799586378071028
1.0574412546523997
-1.6851922915177993
0.3267607521780889
-2.3473775833959847
-1.1885729855438543
3.4207897953083726
-0.42426651351769223
3.1699142888460443
0.7571344373654454
-0.03813574778150297
-1.7954974617428772
-1.037267543000416
-2.2649045203090434
-2.3164919701297326
-0.24612952104889957
0.3574500641210331
-0.6803925228293178
2.119932558439211
0.11681509446080075
2.9594772741635182
1.8429405602565097
2.157786247880546
-0.8416170206520883
1.3541174304391352
-5.409796446833801
-0.7203689096834893
-2.2306154010756645
-0.8097542419471901
-0.8943728328038977
0.4057876726956402
3.542586955490535
-2.6688030332853483
-0.4222209816691582
0.2394636017993557
-2.2347414039890565
1.5858589074453633
-4.92039082270157
0.8522048027466982
3.8194134714097348
-1.4178263899999402
-1.0013339951023887
0.47050494652864694
-0.9602070511026001
0.8209917901694813
-4.8111182098993295
0.4468161941406467
-4.708115982995462
-0.5026945762526442
-0.1765426675411834
1.2519701417071347
2.717841577284787
3.812374689585451
0.4742660636337508
0.7529328270434417
-0.9938437915143192
-0.6760413622395874
-0.5804663239939942
1.611294896235257
-2.435199723083999
0.728660109427878
-2.8518185854507694
-1.009678861933724
-1.4110433721399034
-2.4713363680321727
-1.0332953966458631
-2.248910537250828
-2.8068785002515684
0.5270179543868329
-6.678918848002928
-0.46005259165105206
-5.2560433765001005
0.07158928226049577
-3.4183779653763304
1.8207011439066059
1.4304305605357601
-2.3851013593840364
-2.0283506523669073
-2.8122306138803888
-10.689801180184677
1.6707595238030883
-3.029134081739246
0.39719028689853575
-6.059679634288429
0.06443069678994354
-1.429480687368243
0.22370868196201515
-3.0705505089829286
2.4535397304895574
-3.9015703219145976
3.049163672538692
-1.3736883904264607
-1.955810847939198
-3.2283700524765706
-3.7614741958708278
1.1521243855473782
-9.799060572978705
1.9019025015930742
0.18303005795007984
0.734515058017763
-2.785709459915921
1.2724100825098994
-11.118804349313347
2.369891081774411
1.005236980124128
-1.9677438243504128
1.888270346198201
-10.959270375163175
1.8271274850433903
-0.4864720156801458
2.236928955031065
-3.469047950221479
2.7216948353232047
0.10794382401766225
0.11852351990013199
-0.6925084879875345
-1.9799743174003164
-3.4788587690667594
-1.113658232367705
-0.49175889112378696
-4.17028791814066
1.8996807428618439
-4.82711195109121
1.0639260138979987
-2.910188847983785
2.532122442325339
2.4928473659238155
2.5514893137186996
3.039308929535817
0.3217011689683379
0.6590956488990549
-1.0802432916131801
-0.26133890291619344
-0.8810185515205506
0.5674074395755972
-3.106945949526117
-0.5141212751909287
0.8831283585113074
0.6620275361185766
1.6206591620816644
1.0282500347119714
1.7456143011677148
-2.3172903785742998
1.1984293860030655
0.7837389951551877
1.2254482194976395
2.7196449000663603
1.1008423659762154
-0.027445366578012775
0.06793440480700381
0.20934482976873414
-0.3799377762393196
-0.8089199048091895
2.63619251203361
-5.892869313273635
-0.3703079044204727
-2.6672179423850593
0.040308434728890896
-11.796146628633883
1.2205838653250594
-0.36694960132144816
1.0787421780695416
1.7328191663939505
0.970654106186701
-0.7348760951882982
0.8081680137043716
-2.8546530775246324
-0.5227580981998617
3.8172785948099897
-2.451833336386012
3.3672314736862665
-1.6445566496724275
-0.9993393691115369
-1.082571872116272
-4.951669480575401
1.5044157671906442
-23.032079426109473
1.2382603476817156
0.2601230588954774
1.4885036958000732
8.870758716739829
-1.3180073119223144
-1.4299518760303656
9.437567043946057
3.8388055793487323
0.9935312502061706
-2.1519203063716774
1.2619425817153398
2.5916848162362007
-1.5495731024415536
6.955274324507771
5.472622311115556
1.2172631703737478
5.39117272490338
9.429685657710497
2.7858078222922664
-3.4434157214982064
0.2626047090766206
-4.354690716683934
-13.72856442146717
-11.305388896147743
3.279826991554316
-7.3836006233893645
9.263241107515526
4.080190222496956
1.479689347036888
4.653740384980176
4.877173923379661
0.8197168720860084
-2.4832138495370852
-0.4303937062282658
5.932505522222156
-4.69634503978865
-4.95682158613402
12.098019173606097
0.4566488595632975
7.367403066997776
-2.860691639423688
-4.131104048672326
8.825465852293659
3.053511433160667
6.227617703356022
15.88828200396522
2.6353544142315495
-1.2892530063016627
-0.23531923127320614
5.502993755871706
0.7873347619100302
1.2531890734610085
1.5874731312139894
9.131853950705178
-0.329287123896397
-1.0961006669299742
-4.910244109440383
-3.258040190401549
-4.231480068866657
2.5509669479129604
1.1846552115381281
21.884251843353194
-0.129101831075622
-0.2574060734678767
0.3841355863510181
-11.056960756093925
0.6555271672090193
9.675237516060093
3.30133081538784
4.88709994620228
1.1838881780480217
1.960362205355965
12.020453651950815
2.0398468843791746
0.9640532206096344
-0.055313409015876225
5.391537324317727
11.778370952523614
7.729796368520227
-0.1734772121797965
4.259816690905719
8.953718947125232
1.2248273613239444
-1.3036996792113629
0.7699814212588204
10.615709076282675
1.7921129079753586
2.8067191782385232
6.05376984118041
-3.5245858226995512
-2.485251415785069
12.270372119136212
0.45051589478394427
5.230876034755859
-4.944366320117336
-9.240765427658667
-7.684948735271515
-1.9951404020085781
-7.782668949800595
-5.6429623492829055
-3.289791759275055
-6.783786718160308
4.965806185902752
7.435731556498669
1.155093062135246
-1.8264266956035073
0.5192494292703355
7.9745954869461055
3.149369882063868
-0.44232584859167823
-1.4782349749403019
1.9718177886485053
-2.469164832790828
1.1635783798750494
8.757365565098217
5.581191994470443
4.428641394810004
5.440300212681168
3.366455259455431
2.8630854315550263
9.354356695662839
7.62642129820689
4.34507897048263
-0.6942033223981784
0.5937400641248871
2.301252109330569
-2.4870529939160297
-3.3430676726568462
0.6477302941572565
3.7276317391827076
-3.4450733652879864
-1.9866111442390784
2.8059602585423256
-0.7817873169529951
8.729787864272376
1.6010115365754056
9.540549488321878
4.010997597046025
4.196729940442394
0.8031719805096293
1.328889521486045
4.694952446138222
7.555294952633435
-2.5268144682650986
-4.565324775087871
12.279296120305933
-1.539129268570198
-4.0274248247190005
0.24553261854992248
4.996708357795287
-1.9217587573274615
-5.070950682815301
-1.0106014400546162
-1.7336043274821824
-6.5376020613854955
-1.6971755393356596
3.4875210324581367
-0.283976858513914
-2.062007974801408
-3.490914398321843
-2.057065443377179
5.1033127585656874
4.213327714693429
4.630169932331441
0.2806409907826226
-2.6299287674762253
-1.0247053009546263
3.297692516579318
4.793769083511644
2.6122904916136687
-3.189001669039994
-5.531365100365797
4.28355338097999
1.2242973875420475
-1.5142921416297637
-7.548337274837855
-6.453655095143735
3.402045344995642
-6.677692294391204
-6.2371268247195655
-6.009257396723244
28.334834689061026
0.041881233783302996
-1.947049561030742
15.696190414599535
1.019227060325473
0.1872088046225968
4.70351388375793
5.688854438459954
3.0497010191733436
3.190078003635719
2.1245790341086774
-2.3087550831915933
-3.1222349705198225
3.855965441576946
3.7420251395418918
-0.8418201682397484
-0.8873663274118729
5.693969495993404
0.9679406464881539
0.16401397694569286
-4.036845514282623
2.4761578935557007
0.6678240074323345
0.019604883051910438
-18.877491984316862
3.3712288735996774
-65.29884774993764
2.6681711443257097
-2.935734781918196
1.7646466282073032
6.19788527796302
5.989530279294899
-11.49870916039773
-11.455699551918494
-36.67230386862492
4.3098361341903315
-36.641802689036815
-23.417802429445473
-44.63461675023668
-35.93822801225387
2.3855422609100607
-8.91902332433424
-10.258734582350186
-32.29911202803415
-29.52533338206823
-5.855334439082052
-1.4407992890384391
-23.45887804408754
-1.492435130098949
3.353529229158923
1.8832165661085798
-10.481771987265292
-5.8453394189390595
-14.765614544567146
-6.337667905863444
-14.737050373141066
9.605194735960865
-18.976524772729015
-41.30459807928247
4.666969486028774
0.6118647798458747
-4.0916780389215415
-2.7927731503101354
-1.107075225424838
-4.516097214313974
1.0893946390084328
-15.04126094184915
-5.100886823749299
-8.0970357074174
-14.293515387326295
-15.037192564051534
0.5896180051073259
0.7484680991693917
-4.037432768812543
-2.1295017202765836
3.4074821536770714
3.1536873500225835
-1.915640710402557
-11.63884974508623
-15.315434281069317
1.1983191591998015
1.7591941304087793
3.4645968799993305
2.8603956949598284
-0.02740285220612071
9.3281481000251
1.4300735544653218
-24.496860966633946
-18.72121292090375
6.01606248882943
-27.916731209027997
-29.778872124155594
-19.581222928200205
-4.244608687974399
-1.7203199103125524
-6.103044815894405
-12.293033430232938
-3.8943808143458205
5.271185442306029
-34.91259644409125
-20.396569955179125
-37.22574082066414
1.3338872689099204
1.3437800373226687
4.353596302963599
1.1731579392290956
-2.3196899931276493
1.5749186863950657
3.4175393646288015
6.035529254079574
5.207995507256797
-10.744690273898827
-0.7925052882254393
-17.97621516941948
-1.6798043597520125
1.1569997692552723
-9.654202128634422
-1.7043130307816576
0.597926703725306
-12.563791231394017
-6.1286585327718734
-23.964217449160067
-3.5366941554476736
-13.108443119328566
-5.4133301529901825
-9.056715739905211
-24.68341752167798
-4.03471263350583
-4.5439159241696165
2.6964231950261386
-17.725076471043387
-10.297287992956296
-5.211673773979891
-3.560252889660216
-9.548077299265636
0.7729083670726276
-13.288867830195255
-2.196136683655193
-0.700828099615813
-14.24020360753374
2.480750236288963
-37.825585279917114
3.0078735215206027
-8.746175021694853
-3.15104766640977
-0.044968740285447006
-2.6764683170193244
-2.797215030027093
-9.334470956018064
-4.437238455387447
-2.2501353305997585
1.9310448015930066
-14.915861671053424
4.731236989606353
-12.614627526459945
-6.669528337178528
1.9956101743147472
-7.46814131816728
-0.21701958955724795
4.493444257476082
-2.405342791093261
-15.501412567883293
-1.6045949928250394
-4.464068512228039
-1.0054328243530442
6.364715602296423
-4.908371893210351
-3.684701827950347
1.2121356150424
-3.459507118971844
-14.367801893912961
-12.772801282762583
-8.610171306893593
-14.649480135936082
-6.986423796250815
2.3603088344348997
-1.020090509553504
1.8578306151820376
-5.602928761816926
-2.474533552198985
-16.419650597943036
0.2053248303756785
-27.90019773454587
0.18247155397094209
7.663156273202325
0.8527124593144492
-25.015055179529824
-2.3758941061728955
-7.372144706274074
4.012973174462281
-24.35219177766333
-18.564517979821556
1.5026133253149785
-0.6758303032347501
-0.22751596462692136
-2.7572461627000253
-7.836132537739366
0.7608993277829443
-42.20551703949717
5.702222316579646
-4.470023080730098
-16.517262153625886
3.6942137141666653
1.1765174507012075
-3.404121749024169
-3.393634292912826
0.13064708608307973
-5.544622731637352
-2.046613168193397
-1.896185119639389
-4.435571128367317
-8.671699874583425
-2.649863922530365
-9.288277127819413
-10.145446821745987
-2.8853408180468296
-18.629896369759187
1.8440768803518792
0.023070349232879872
-30.25687739070372
