t,t-1,t-2,t-3,t-4,t-5,concept,transition,steps_since_bkp,steps_to_bkp
-0.26058732836136733,-0.4202735659215207,0.5359445646852321,-0.7247279191165845,-1.0628375906030005,0.6826850940452193,1,0,100,193
-0.21575171084983358,-0.26058732836136733,-0.4202735659215207,0.5359445646852321,-0.7247279191165845,-1.0628375906030005,1,0,101,192
-0.16523609151720603,-0.21575171084983358,-0.26058732836136733,-0.4202735659215207,0.5359445646852321,-0.7247279191165845,1,0,102,191
0.5461153597457993,-0.16523609151720603,-0.21575171084983358,-0.26058732836136733,-0.4202735659215207,0.5359445646852321,1,0,103,190
0.22138800002760434,0.5461153597457993,-0.16523609151720603,-0.21575171084983358,-0.26058732836136733,-0.4202735659215207,1,0,104,189
-0.7527789692036527,0.22138800002760434,0.5461153597457993,-0.16523609151720603,-0.21575171084983358,-0.26058732836136733,1,0,105,188
-0.4691174043186918,-0.7527789692036527,0.22138800002760434,0.5461153597457993,-0.16523609151720603,-0.21575171084983358,1,0,106,187
0.737114506851497,-0.4691174043186918,-0.7527789692036527,0.22138800002760434,0.5461153597457993,-0.16523609151720603,1,0,107,186
0.1917187825365802,0.737114506851497,-0.4691174043186918,-0.7527789692036527,0.22138800002760434,0.5461153597457993,1,0,108,185
0.327040184404493,0.1917187825365802,0.737114506851497,-0.4691174043186918,-0.7527789692036527,0.22138800002760434,1,0,109,184
1.9714330912707612,0.327040184404493,0.1917187825365802,0.737114506851497,-0.4691174043186918,-0.7527789692036527,1,0,110,183
1.603844215690302,1.9714330912707612,0.327040184404493,0.1917187825365802,0.737114506851497,-0.4691174043186918,1,0,111,182
1.3811096952226078,1.603844215690302,1.9714330912707612,0.327040184404493,0.1917187825365802,0.737114506851497,1,0,112,181
1.903444472377966,1.3811096952226078,1.603844215690302,1.9714330912707612,0.327040184404493,0.1917187825365802,1,0,113,180
1.9300569007984043,1.903444472377966,1.3811096952226078,1.603844215690302,1.9714330912707612,0.327040184404493,1,0,114,179
1.0484423481911245,1.9300569007984043,1.903444472377966,1.3811096952226078,1.603844215690302,1.9714330912707612,1,0,115,178
0.393534943628045,1.0484423481911245,1.9300569007984043,1.903444472377966,1.3811096952226078,1.603844215690302,1,0,116,177
0.41723201791108677,0.393534943628045,1.0484423481911245,1.9300569007984043,1.903444472377966,1.3811096952226078,1,0,117,176
0.12899435603904708,0.41723201791108677,0.393534943628045,1.0484423481911245,1.9300569007984043,1.903444472377966,1,0,118,175
-0.17467625725876035,0.12899435603904708,0.41723201791108677,0.393534943628045,1.0484423481911245,1.9300569007984043,1,0,119,174
0.8967822662238731,-0.17467625725876035,0.12899435603904708,0.41723201791108677,0.393534943628045,1.0484423481911245,1,0,120,173
0.004139872895489338,0.8967822662238731,-0.17467625725876035,0.12899435603904708,0.41723201791108677,0.393534943628045,1,0,121,172
-9.987955939818894,0.004139872895489338,0.8967822662238731,-0.17467625725876035,0.12899435603904708,0.41723201791108677,1,0,122,171
-0.5038075519679375,-9.987955939818894,0.004139872895489338,0.8967822662238731,-0.17467625725876035,0.12899435603904708,1,0,123,170
1.4491916442436243,-0.5038075519679375,-9.987955939818894,0.004139872895489338,0.8967822662238731,-0.17467625725876035,1,0,124,169
-7.775871980034393,1.4491916442436243,-0.5038075519679375,-9.987955939818894,0.004139872895489338,0.8967822662238731,1,0,125,168
0.498171829391219,-7.775871980034393,1.4491916442436243,-0.5038075519679375,-9.987955939818894,0.004139872895489338,1,0,126,167
2.625674828899472,0.498171829391219,-7.775871980034393,1.4491916442436243,-0.5038075519679375,-9.987955939818894,1,0,127,166
-5.834569373950661,2.625674828899472,0.498171829391219,-7.775871980034393,1.4491916442436243,-0.5038075519679375,1,0,128,165
-0.8482980671285217,-5.834569373950661,2.625674828899472,0.498171829391219,-7.775871980034393,1.4491916442436243,1,0,129,164
-0.3391775407820307,-0.8482980671285217,-5.834569373950661,2.625674828899472,0.498171829391219,-7.775871980034393,1,0,130,163
0.3446126716272222,-0.3391775407820307,-0.8482980671285217,-5.834569373950661,2.625674828899472,0.498171829391219,1,0,131,162
3.3277129129812444,0.3446126716272222,-0.3391775407820307,-0.8482980671285217,-5.834569373950661,2.625674828899472,1,0,132,161
3.8622124807506424,3.3277129129812444,0.3446126716272222,-0.3391775407820307,-0.8482980671285217,-5.834569373950661,1,0,133,160
3.494944231020858,3.8622124807506424,3.3277129129812444,0.3446126716272222,-0.3391775407820307,-0.8482980671285217,1,0,134,159
5.467818037665419,3.494944231020858,3.8622124807506424,3.3277129129812444,0.3446126716272222,-0.3391775407820307,1,0,135,158
5.555474445216165,5.467818037665419,3.494944231020858,3.8622124807506424,3.3277129129812444,0.3446126716272222,1,0,136,157
5.501412071150398,5.555474445216165,5.467818037665419,3.494944231020858,3.8622124807506424,3.3277129129812444,1,0,137,156
6.979769315285841,5.501412071150398,5.555474445216165,5.467818037665419,3.494944231020858,3.8622124807506424,1,0,138,155
6.7665071650502275,6.979769315285841,5.501412071150398,5.555474445216165,5.467818037665419,3.494944231020858,1,0,139,154
6.299203535174788,6.7665071650502275,6.979769315285841,5.501412071150398,5.555474445216165,5.467818037665419,1,0,140,153
7.313845436569631,6.299203535174788,6.7665071650502275,6.979769315285841,5.501412071150398,5.555474445216165,1,0,141,152
6.526995652110532,7.313845436569631,6.299203535174788,6.7665071650502275,6.979769315285841,5.501412071150398,1,0,142,151
6.8023534075062075,6.526995652110532,7.313845436569631,6.299203535174788,6.7665071650502275,6.979769315285841,1,0,143,150
7.478555421325752,6.8023534075062075,6.526995652110532,7.313845436569631,6.299203535174788,6.7665071650502275,1,0,144,149
7.426830091196997,7.478555421325752,6.8023534075062075,6.526995652110532,7.313845436569631,6.299203535174788,1,0,145,148
7.490326030023949,7.426830091196997,7.478555421325752,6.8023534075062075,6.526995652110532,7.313845436569631,1,0,146,147
7.144245127244125,7.490326030023949,7.426830091196997,7.478555421325752,6.8023534075062075,6.526995652110532,1,0,147,146
7.700715653105841,7.144245127244125,7.490326030023949,7.426830091196997,7.478555421325752,6.8023534075062075,1,0,148,145
7.17477539085905,7.700715653105841,7.144245127244125,7.490326030023949,7.426830091196997,7.478555421325752,1,0,149,144
6.362546459819185,7.17477539085905,7.700715653105841,7.144245127244125,7.490326030023949,7.426830091196997,1,0,150,143
7.042130053163591,6.362546459819185,7.17477539085905,7.700715653105841,7.144245127244125,7.490326030023949,1,0,151,142
7.357394568739046,7.042130053163591,6.362546459819185,7.17477539085905,7.700715653105841,7.144245127244125,1,0,152,141
6.551364500051335,7.357394568739046,7.042130053163591,6.362546459819185,7.17477539085905,7.700715653105841,1,0,153,140
6.850563360840902,6.551364500051335,7.357394568739046,7.042130053163591,6.362546459819185,7.17477539085905,1,0,154,139
8.159847673222917,6.850563360840902,6.551364500051335,7.357394568739046,7.042130053163591,6.362546459819185,1,0,155,138
7.758991575370333,8.159847673222917,6.850563360840902,6.551364500051335,7.357394568739046,7.042130053163591,1,0,156,137
7.8507974631549935,7.758991575370333,8.159847673222917,6.850563360840902,6.551364500051335,7.357394568739046,1,0,157,136
8.86056486338164,7.8507974631549935,7.758991575370333,8.159847673222917,6.850563360840902,6.551364500051335,1,0,158,135
7.923116377547797,8.86056486338164,7.8507974631549935,7.758991575370333,8.159847673222917,6.850563360840902,1,0,159,134
8.454515098018913,7.923116377547797,8.86056486338164,7.8507974631549935,7.758991575370333,8.159847673222917,1,0,160,133
9.288098827345397,8.454515098018913,7.923116377547797,8.86056486338164,7.8507974631549935,7.758991575370333,1,0,161,132
7.916128199858442,9.288098827345397,8.454515098018913,7.923116377547797,8.86056486338164,7.8507974631549935,1,0,162,131
8.233595051035834,7.916128199858442,9.288098827345397,8.454515098018913,7.923116377547797,8.86056486338164,1,0,163,130
9.09227082271633,8.233595051035834,7.916128199858442,9.288098827345397,8.454515098018913,7.923116377547797,1,0,164,129
7.79761501919796,9.09227082271633,8.233595051035834,7.916128199858442,9.288098827345397,8.454515098018913,1,0,165,128
7.6048328322014305,7.79761501919796,9.09227082271633,8.233595051035834,7.916128199858442,9.288098827345397,1,0,166,127
8.254769350985544,7.6048328322014305,7.79761501919796,9.09227082271633,8.233595051035834,7.916128199858442,1,0,167,126
7.369082151588463,8.254769350985544,7.6048328322014305,7.79761501919796,9.09227082271633,8.233595051035834,1,0,168,125
6.76962246990576,7.369082151588463,8.254769350985544,7.6048328322014305,7.79761501919796,9.09227082271633,1,0,169,124
7.643218012862295,6.76962246990576,7.369082151588463,8.254769350985544,7.6048328322014305,7.79761501919796,1,0,170,123
5.9152911294036485,7.643218012862295,6.76962246990576,7.369082151588463,8.254769350985544,7.6048328322014305,1,0,171,122
5.053506755126267,5.9152911294036485,7.643218012862295,6.76962246990576,7.369082151588463,8.254769350985544,1,0,172,121
5.202940076665527,5.053506755126267,5.9152911294036485,7.643218012862295,6.76962246990576,7.369082151588463,1,0,173,120
4.89257747937588,5.202940076665527,5.053506755126267,5.9152911294036485,7.643218012862295,6.76962246990576,1,0,174,119
4.635134446975392,4.89257747937588,5.202940076665527,5.053506755126267,5.9152911294036485,7.643218012862295,1,0,175,118
5.535840123679171,4.635134446975392,4.89257747937588,5.202940076665527,5.053506755126267,5.9152911294036485,1,0,176,117
5.330368807664971,5.535840123679171,4.635134446975392,4.89257747937588,5.202940076665527,5.053506755126267,1,0,177,116
4.169541777716181,5.330368807664971,5.535840123679171,4.635134446975392,4.89257747937588,5.202940076665527,1,0,178,115
4.106793577343404,4.169541777716181,5.330368807664971,5.535840123679171,4.635134446975392,4.89257747937588,1,0,179,114
3.6868525080576586,4.106793577343404,4.169541777716181,5.330368807664971,5.535840123679171,4.635134446975392,1,0,180,113
2.6429672006965657,3.6868525080576586,4.106793577343404,4.169541777716181,5.330368807664971,5.535840123679171,1,0,181,112
3.4130880538553043,2.6429672006965657,3.6868525080576586,4.106793577343404,4.169541777716181,5.330368807664971,1,0,182,111
3.5249740709729775,3.4130880538553043,2.6429672006965657,3.6868525080576586,4.106793577343404,4.169541777716181,1,0,183,110
1.7720584949670846,3.5249740709729775,3.4130880538553043,2.6429672006965657,3.6868525080576586,4.106793577343404,1,0,184,109
2.077988105946,1.7720584949670846,3.5249740709729775,3.4130880538553043,2.6429672006965657,3.6868525080576586,1,0,185,108
1.8870703482074158,2.077988105946,1.7720584949670846,3.5249740709729775,3.4130880538553043,2.6429672006965657,1,0,186,107
0.9314244656309845,1.8870703482074158,2.077988105946,1.7720584949670846,3.5249740709729775,3.4130880538553043,1,0,187,106
1.5390784924790717,0.9314244656309845,1.8870703482074158,2.077988105946,1.7720584949670846,3.5249740709729775,1,0,188,105
1.8843325154995565,1.5390784924790717,0.9314244656309845,1.8870703482074158,2.077988105946,1.7720584949670846,1,0,189,104
0.8616369318273559,1.8843325154995565,1.5390784924790717,0.9314244656309845,1.8870703482074158,2.077988105946,1,0,190,103
0.6617507958781207,0.8616369318273559,1.8843325154995565,1.5390784924790717,0.9314244656309845,1.8870703482074158,1,0,191,102
1.8867563341950713,0.6617507958781207,0.8616369318273559,1.8843325154995565,1.5390784924790717,0.9314244656309845,1,0,192,101
1.20251263768359,1.8867563341950713,0.6617507958781207,0.8616369318273559,1.8843325154995565,1.5390784924790717,1,0,193,100
1.0551858564136234,1.20251263768359,1.8867563341950713,0.6617507958781207,0.8616369318273559,1.8843325154995565,1,0,194,99
1.6012204917161101,1.0551858564136234,1.20251263768359,1.8867563341950713,0.6617507958781207,0.8616369318273559,1,0,195,98
2.2774910098570826,1.6012204917161101,1.0551858564136234,1.20251263768359,1.8867563341950713,0.6617507958781207,1,0,196,97
1.8787547499112398,2.2774910098570826,1.6012204917161101,1.0551858564136234,1.20251263768359,1.8867563341950713,1,0,197,96
0.9404973310125704,1.8787547499112398,2.2774910098570826,1.6012204917161101,1.0551858564136234,1.20251263768359,1,0,198,95
1.4225657847249202,0.9404973310125704,1.8787547499112398,2.2774910098570826,1.6012204917161101,1.0551858564136234,1,0,199,94
1.1440466415422375,1.4225657847249202,0.9404973310125704,1.8787547499112398,2.2774910098570826,1.6012204917161101,1,0,200,93
0.535456157076325,1.1440466415422375,1.4225657847249202,0.9404973310125704,1.8787547499112398,2.2774910098570826,1,0,201,92
0.40289802772858585,0.535456157076325,1.1440466415422375,1.4225657847249202,0.9404973310125704,1.8787547499112398,1,0,202,91
0.7408997141706894,0.40289802772858585,0.535456157076325,1.1440466415422375,1.4225657847249202,0.9404973310125704,1,0,203,90
0.15865773179232973,0.7408997141706894,0.40289802772858585,0.535456157076325,1.1440466415422375,1.4225657847249202,1,0,204,89
0.1736328367834783,0.15865773179232973,0.7408997141706894,0.40289802772858585,0.535456157076325,1.1440466415422375,1,0,205,88
0.12316962549321708,0.1736328367834783,0.15865773179232973,0.7408997141706894,0.40289802772858585,0.535456157076325,1,0,206,87
-0.398162231484517,0.12316962549321708,0.1736328367834783,0.15865773179232973,0.7408997141706894,0.40289802772858585,1,0,207,86
-0.13914465860585865,-0.398162231484517,0.12316962549321708,0.1736328367834783,0.15865773179232973,0.7408997141706894,1,0,208,85
0.8978242836320289,-0.13914465860585865,-0.398162231484517,0.12316962549321708,0.1736328367834783,0.15865773179232973,1,0,209,84
0.0421150445238852,0.8978242836320289,-0.13914465860585865,-0.398162231484517,0.12316962549321708,0.1736328367834783,1,0,210,83
0.00021742300143576254,0.0421150445238852,0.8978242836320289,-0.13914465860585865,-0.398162231484517,0.12316962549321708,1,0,211,82
359.42975250206666,0.00021742300143576254,0.0421150445238852,0.8978242836320289,-0.13914465860585865,-0.398162231484517,1,0,212,81
322.6875670893652,359.42975250206666,0.00021742300143576254,0.0421150445238852,0.8978242836320289,-0.13914465860585865,1,0,213,80
219.20374992386408,322.6875670893652,359.42975250206666,0.00021742300143576254,0.0421150445238852,0.8978242836320289,1,0,214,79
419.78806795299545,219.20374992386408,322.6875670893652,359.42975250206666,0.00021742300143576254,0.0421150445238852,1,0,215,78
413.44257081276055,419.78806795299545,219.20374992386408,322.6875670893652,359.42975250206666,0.00021742300143576254,1,0,216,77
302.34523530490117,413.44257081276055,419.78806795299545,219.20374992386408,322.6875670893652,359.42975250206666,1,0,217,76
415.6783778019061,302.34523530490117,413.44257081276055,419.78806795299545,219.20374992386408,322.6875670893652,1,0,218,75
433.44945393375957,415.6783778019061,302.34523530490117,413.44257081276055,419.78806795299545,219.20374992386408,1,0,219,74
342.79916606739033,433.44945393375957,415.6783778019061,302.34523530490117,413.44257081276055,419.78806795299545,1,0,220,73
403.18013326909175,342.79916606739033,433.44945393375957,415.6783778019061,302.34523530490117,413.44257081276055,1,0,221,72
432.93646389021944,403.18013326909175,342.79916606739033,433.44945393375957,415.6783778019061,302.34523530490117,1,0,222,71
366.0854348007242,432.93646389021944,403.18013326909175,342.79916606739033,433.44945393375957,415.6783778019061,1,0,223,70
393.54550305486583,366.0854348007242,432.93646389021944,403.18013326909175,342.79916606739033,433.44945393375957,1,0,224,69
425.6322534167048,393.54550305486583,366.0854348007242,432.93646389021944,403.18013326909175,342.79916606739033,1,0,225,68
379.97313749840526,425.6322534167048,393.54550305486583,366.0854348007242,432.93646389021944,403.18013326909175,1,0,226,67
388.95856571492806,379.97313749840526,425.6322534167048,393.54550305486583,366.0854348007242,432.93646389021944,1,0,227,66
417.8047402691093,388.95856571492806,379.97313749840526,425.6322534167048,393.54550305486583,366.0854348007242,1,0,228,65
389.1535222756851,417.8047402691093,388.95856571492806,379.97313749840526,425.6322534167048,393.54550305486583,1,0,229,64
387.6520781069649,389.1535222756851,417.8047402691093,388.95856571492806,379.97313749840526,425.6322534167048,1,0,230,63
410.89476403379587,387.6520781069649,389.1535222756851,417.8047402691093,388.95856571492806,379.97313749840526,1,0,231,62
394.7330813157247,410.89476403379587,387.6520781069649,389.1535222756851,417.8047402691093,388.95856571492806,1,0,232,61
388.8891262916068,394.7330813157247,410.89476403379587,387.6520781069649,389.1535222756851,417.8047402691093,1,0,233,60
406.0381512748406,388.8891262916068,394.7330813157247,410.89476403379587,387.6520781069649,389.1535222756851,1,0,234,59
398.0692714952494,406.0381512748406,388.8891262916068,394.7330813157247,410.89476403379587,387.6520781069649,1,0,235,58
391.0523491551475,398.0692714952494,406.0381512748406,388.8891262916068,394.7330813157247,410.89476403379587,1,0,236,57
403.20354062149494,391.0523491551475,398.0692714952494,406.0381512748406,388.8891262916068,394.7330813157247,1,0,237,56
399.7649454821256,403.20354062149494,391.0523491551475,398.0692714952494,406.0381512748406,388.8891262916068,1,0,238,55
392.1378701212378,399.7649454821256,403.20354062149494,391.0523491551475,398.0692714952494,406.0381512748406,1,0,239,54
400.4367026001691,392.1378701212378,399.7649454821256,403.20354062149494,391.0523491551475,398.0692714952494,1,0,240,53
399.1896924415894,400.4367026001691,392.1378701212378,399.7649454821256,403.20354062149494,391.0523491551475,1,0,241,52
392.5015205582031,399.1896924415894,400.4367026001691,392.1378701212378,399.7649454821256,403.20354062149494,1,0,242,51
396.93528676084003,392.5015205582031,399.1896924415894,400.4367026001691,392.1378701212378,399.7649454821256,1,0,243,50
397.4693977440629,396.93528676084003,392.5015205582031,399.1896924415894,400.4367026001691,392.1378701212378,1,0,244,49
392.9943149845684,397.4693977440629,396.93528676084003,392.5015205582031,399.1896924415894,400.4367026001691,1,0,245,48
395.9833124624331,392.9943149845684,397.4693977440629,396.93528676084003,392.5015205582031,399.1896924415894,1,0,246,47
397.4974704141532,395.9833124624331,392.9943149845684,397.4693977440629,396.93528676084003,392.5015205582031,1,0,247,46
395.04110818358185,397.4974704141532,395.9833124624331,392.9943149845684,397.4693977440629,396.93528676084003,1,0,248,45
396.19840269182885,395.04110818358185,397.4974704141532,395.9833124624331,392.9943149845684,397.4693977440629,1,0,249,44
396.9433799452551,396.19840269182885,395.04110818358185,397.4974704141532,395.9833124624331,392.9943149845684,1,0,250,43
395.75923661875584,396.9433799452551,396.19840269182885,395.04110818358185,397.4974704141532,395.9833124624331,1,0,251,42
396.47590623653383,395.75923661875584,396.9433799452551,396.19840269182885,395.04110818358185,397.4974704141532,1,0,252,41
396.6951184163078,396.47590623653383,395.75923661875584,396.9433799452551,396.19840269182885,395.04110818358185,1,0,253,40
396.4687102463087,396.6951184163078,396.47590623653383,395.75923661875584,396.9433799452551,396.19840269182885,1,0,254,39
395.83444939862403,396.4687102463087,396.6951184163078,396.47590623653383,395.75923661875584,396.9433799452551,1,0,255,38
395.75247113017036,395.83444939862403,396.4687102463087,396.6951184163078,396.47590623653383,395.75923661875584,1,0,256,37
396.07352134565804,395.75247113017036,395.83444939862403,396.4687102463087,396.6951184163078,396.47590623653383,1,0,257,36
395.6542495571827,396.07352134565804,395.75247113017036,395.83444939862403,396.4687102463087,396.6951184163078,1,0,258,35
396.7639724989724,395.6542495571827,396.07352134565804,395.75247113017036,395.83444939862403,396.4687102463087,1,0,259,34
396.9925191592028,396.7639724989724,395.6542495571827,396.07352134565804,395.75247113017036,395.83444939862403,1,0,260,33
396.2756890649285,396.9925191592028,396.7639724989724,395.6542495571827,396.07352134565804,395.75247113017036,1,0,261,32
396.85626744142405,396.2756890649285,396.9925191592028,396.7639724989724,395.6542495571827,396.07352134565804,1,0,262,31
397.30417714328763,396.85626744142405,396.2756890649285,396.9925191592028,396.7639724989724,395.6542495571827,1,0,263,30
397.1777205649432,397.30417714328763,396.85626744142405,396.2756890649285,396.9925191592028,396.7639724989724,1,0,264,29
397.1285343830823,397.1777205649432,397.30417714328763,396.85626744142405,396.2756890649285,396.9925191592028,1,0,265,28
397.8476754980124,397.1285343830823,397.1777205649432,397.30417714328763,396.85626744142405,396.2756890649285,1,0,266,27
397.4176556221331,397.8476754980124,397.1285343830823,397.1777205649432,397.30417714328763,396.85626744142405,1,0,267,26
396.735413285973,397.4176556221331,397.8476754980124,397.1285343830823,397.1777205649432,397.30417714328763,1,0,268,25
396.7426974678269,396.735413285973,397.4176556221331,397.8476754980124,397.1285343830823,397.1777205649432,1,0,269,24
396.8796883033321,396.7426974678269,396.735413285973,397.4176556221331,397.8476754980124,397.1285343830823,1,0,270,23
395.781735764262,396.8796883033321,396.7426974678269,396.735413285973,397.4176556221331,397.8476754980124,1,0,271,22
395.53645783867,395.781735764262,396.8796883033321,396.7426974678269,396.735413285973,397.4176556221331,1,0,272,21
396.55169675008386,395.53645783867,395.781735764262,396.8796883033321,396.7426974678269,396.735413285973,1,0,273,20
395.64940530606214,396.55169675008386,395.53645783867,395.781735764262,396.8796883033321,396.7426974678269,1,0,274,19
394.32792838502246,395.64940530606214,396.55169675008386,395.53645783867,395.781735764262,396.8796883033321,1,0,275,18
394.81525095239334,394.32792838502246,395.64940530606214,396.55169675008386,395.53645783867,395.781735764262,1,0,276,17
395.6524836309876,394.81525095239334,394.32792838502246,395.64940530606214,396.55169675008386,395.53645783867,1,0,277,16
394.63453052599885,395.6524836309876,394.81525095239334,394.32792838502246,395.64940530606214,396.55169675008386,1,0,278,15
394.6250640512549,394.63453052599885,395.6524836309876,394.81525095239334,394.32792838502246,395.64940530606214,1,0,279,14
395.50176879359594,394.6250640512549,394.63453052599885,395.6524836309876,394.81525095239334,394.32792838502246,1,0,280,13
395.2087406946896,395.50176879359594,394.6250640512549,394.63453052599885,395.6524836309876,394.81525095239334,1,0,281,12
395.6568500994108,395.2087406946896,395.50176879359594,394.6250640512549,394.63453052599885,395.6524836309876,1,0,282,11
396.1724268990636,395.6568500994108,395.2087406946896,395.50176879359594,394.6250640512549,394.63453052599885,1,0,283,10
395.08832079824197,396.1724268990636,395.6568500994108,395.2087406946896,395.50176879359594,394.6250640512549,1,0,284,9
395.2338944144085,395.08832079824197,396.1724268990636,395.6568500994108,395.2087406946896,395.50176879359594,1,0,285,8
396.3048359023028,395.2338944144085,395.08832079824197,396.1724268990636,395.6568500994108,395.2087406946896,1,0,286,7
394.80193004158536,396.3048359023028,395.2338944144085,395.08832079824197,396.1724268990636,395.6568500994108,1,0,287,6
394.4929062973236,394.80193004158536,396.3048359023028,395.2338944144085,395.08832079824197,396.1724268990636,1,1,288,5
396.1023373076355,394.4929062973236,394.80193004158536,396.3048359023028,395.2338944144085,395.08832079824197,1,1,289,4
393.766671395498,396.1023373076355,394.4929062973236,394.80193004158536,396.3048359023028,395.2338944144085,1,1,290,3
400.3274392748879,393.766671395498,396.1023373076355,394.4929062973236,394.80193004158536,396.3048359023028,1,1,291,2
393.59570755141294,400.3274392748879,393.766671395498,396.1023373076355,394.4929062973236,394.80193004158536,1,1,292,1
402.4328044700109,393.59570755141294,400.3274392748879,393.766671395498,396.1023373076355,394.4929062973236,2,1,0,0
393.597203998449,402.4328044700109,393.59570755141294,400.3274392748879,393.766671395498,396.1023373076355,2,1,1,200
402.765276967091,393.597203998449,402.4328044700109,393.59570755141294,400.3274392748879,393.766671395498,2,1,2,199
393.42556161053744,402.765276967091,393.597203998449,402.4328044700109,393.59570755141294,400.3274392748879,2,1,3,198
402.7982273601209,393.42556161053744,402.765276967091,393.597203998449,402.4328044700109,393.59570755141294,2,1,4,197
397.4545967305993,402.7982273601209,393.42556161053744,402.765276967091,393.597203998449,402.4328044700109,2,0,5,196
402.47067674274234,397.4545967305993,402.7982273601209,393.42556161053744,402.765276967091,393.597203998449,2,0,6,195
399.8608264852796,402.47067674274234,397.4545967305993,402.7982273601209,393.42556161053744,402.765276967091,2,0,7,194
400.55270493534636,399.8608264852796,402.47067674274234,397.4545967305993,402.7982273601209,393.42556161053744,2,0,8,193
403.5362914651584,400.55270493534636,399.8608264852796,402.47067674274234,397.4545967305993,402.7982273601209,2,0,9,192
400.3819099240298,403.5362914651584,400.55270493534636,399.8608264852796,402.47067674274234,397.4545967305993,2,0,10,191
404.72795115979744,400.3819099240298,403.5362914651584,400.55270493534636,399.8608264852796,402.47067674274234,2,0,11,190
398.96909709982265,404.72795115979744,400.3819099240298,403.5362914651584,400.55270493534636,399.8608264852796,2,0,12,189
405.3556602916354,398.96909709982265,404.72795115979744,400.3819099240298,403.5362914651584,400.55270493534636,2,0,13,188
399.12392507073673,405.3556602916354,398.96909709982265,404.72795115979744,400.3819099240298,403.5362914651584,2,0,14,187
403.80267320982813,399.12392507073673,405.3556602916354,398.96909709982265,404.72795115979744,400.3819099240298,2,0,15,186
401.47770258520075,403.80267320982813,399.12392507073673,405.3556602916354,398.96909709982265,404.72795115979744,2,0,16,185
403.046626200224,401.47770258520075,403.80267320982813,399.12392507073673,405.3556602916354,398.96909709982265,2,0,17,184
403.11291213808215,403.046626200224,401.47770258520075,403.80267320982813,399.12392507073673,405.3556602916354,2,0,18,183
399.6006286230914,403.11291213808215,403.046626200224,401.47770258520075,403.80267320982813,399.12392507073673,2,0,19,182
406.6889059872216,399.6006286230914,403.11291213808215,403.046626200224,401.47770258520075,403.80267320982813,2,0,20,181
396.15506529826854,406.6889059872216,399.6006286230914,403.11291213808215,403.046626200224,401.47770258520075,2,0,21,180
406.76936430216966,396.15506529826854,406.6889059872216,399.6006286230914,403.11291213808215,403.046626200224,2,0,22,179
396.71725959714433,406.76936430216966,396.15506529826854,406.6889059872216,399.6006286230914,403.11291213808215,2,0,23,178
407.08767526268656,396.71725959714433,406.76936430216966,396.15506529826854,406.6889059872216,399.6006286230914,2,0,24,177
397.3657992206825,407.08767526268656,396.71725959714433,406.76936430216966,396.15506529826854,406.6889059872216,2,0,25,176
404.3516848189235,397.3657992206825,407.08767526268656,396.71725959714433,406.76936430216966,396.15506529826854,2,0,26,175
401.43775722090743,404.3516848189235,397.3657992206825,407.08767526268656,396.71725959714433,406.76936430216966,2,0,27,174
402.1136106587304,401.43775722090743,404.3516848189235,397.3657992206825,407.08767526268656,396.71725959714433,2,0,28,173
403.48052962457524,402.1136106587304,401.43775722090743,404.3516848189235,397.3657992206825,407.08767526268656,2,0,29,172
398.82921157158336,403.48052962457524,402.1136106587304,401.43775722090743,404.3516848189235,397.3657992206825,2,0,30,171
406.75661337189126,398.82921157158336,403.48052962457524,402.1136106587304,401.43775722090743,404.3516848189235,2,0,31,170
394.7965255332454,406.75661337189126,398.82921157158336,403.48052962457524,402.1136106587304,401.43775722090743,2,0,32,169
410.79396572765086,394.7965255332454,406.75661337189126,398.82921157158336,403.48052962457524,402.1136106587304,2,0,33,168
391.28052173793395,410.79396572765086,394.7965255332454,406.75661337189126,398.82921157158336,403.48052962457524,2,0,34,167
413.66843188528856,391.28052173793395,410.79396572765086,394.7965255332454,406.75661337189126,398.82921157158336,2,0,35,166
389.12024244908713,413.66843188528856,391.28052173793395,410.79396572765086,394.7965255332454,406.75661337189126,2,0,36,165
412.46725059670837,389.12024244908713,413.66843188528856,391.28052173793395,410.79396572765086,394.7965255332454,2,0,37,164
392.6710058759669,412.46725059670837,389.12024244908713,413.66843188528856,391.28052173793395,410.79396572765086,2,0,38,163
410.11455068572343,392.6710058759669,412.46725059670837,389.12024244908713,413.66843188528856,391.28052173793395,2,0,39,162
399.0030087463247,410.11455068572343,392.6710058759669,412.46725059670837,389.12024244908713,413.66843188528856,2,0,40,161
403.79349271607634,399.0030087463247,410.11455068572343,392.6710058759669,412.46725059670837,389.12024244908713,2,0,41,160
407.4638185130522,403.79349271607634,399.0030087463247,410.11455068572343,392.6710058759669,412.46725059670837,2,0,42,159
396.7104291993296,407.4638185130522,403.79349271607634,399.0030087463247,410.11455068572343,392.6710058759669,2,0,43,158
412.0815105284695,396.7104291993296,407.4638185130522,403.79349271607634,399.0030087463247,410.11455068572343,2,0,44,157
391.968316635418,412.0815105284695,396.7104291993296,407.4638185130522,403.79349271607634,399.0030087463247,2,0,45,156
414.75879781906985,391.968316635418,412.0815105284695,396.7104291993296,407.4638185130522,403.79349271607634,2,0,46,155
390.91840359259766,414.75879781906985,391.968316635418,412.0815105284695,396.7104291993296,407.4638185130522,2,0,47,154
415.31568448917267,390.91840359259766,414.75879781906985,391.968316635418,412.0815105284695,396.7104291993296,2,0,48,153
392.9051962999308,415.31568448917267,390.91840359259766,414.75879781906985,391.968316635418,412.0815105284695,2,0,49,152
412.04693807774373,392.9051962999308,415.31568448917267,390.91840359259766,414.75879781906985,391.968316635418,2,0,50,151
397.67098126486775,412.04693807774373,392.9051962999308,415.31568448917267,390.91840359259766,414.75879781906985,2,0,51,150
405.56867658846494,397.67098126486775,412.04693807774373,392.9051962999308,415.31568448917267,390.91840359259766,2,0,52,149
401.9380685759848,405.56867658846494,397.67098126486775,412.04693807774373,392.9051962999308,415.31568448917267,2,0,53,148
400.14983636868124,401.9380685759848,405.56867658846494,397.67098126486775,412.04693807774373,392.9051962999308,2,0,54,147
406.748107443495,400.14983636868124,401.9380685759848,405.56867658846494,397.67098126486775,412.04693807774373,2,0,55,146
397.1052683196236,406.748107443495,400.14983636868124,401.9380685759848,405.56867658846494,397.67098126486775,2,0,56,145
409.44977525196776,397.1052683196236,406.748107443495,400.14983636868124,401.9380685759848,405.56867658846494,2,0,57,144
396.94851429601533,409.44977525196776,397.1052683196236,406.748107443495,400.14983636868124,401.9380685759848,2,0,58,143
409.9837547721521,396.94851429601533,409.44977525196776,397.1052683196236,406.748107443495,400.14983636868124,2,0,59,142
399.72347431365915,409.9837547721521,396.94851429601533,409.44977525196776,397.1052683196236,406.748107443495,2,0,60,141
409.30413837518915,399.72347431365915,409.9837547721521,396.94851429601533,409.44977525196776,397.1052683196236,2,0,61,140
401.5861705992912,409.30413837518915,399.72347431365915,409.9837547721521,396.94851429601533,409.44977525196776,2,0,62,139
405.36096760869515,401.5861705992912,409.30413837518915,399.72347431365915,409.9837547721521,396.94851429601533,2,0,63,138
404.0627753098011,405.36096760869515,401.5861705992912,409.30413837518915,399.72347431365915,409.9837547721521,2,0,64,137
401.13519211726754,404.0627753098011,405.36096760869515,401.5861705992912,409.30413837518915,399.72347431365915,2,0,65,136
409.67294745453114,401.13519211726754,404.0627753098011,405.36096760869515,401.5861705992912,409.30413837518915,2,0,66,135
395.96565556544283,409.67294745453114,401.13519211726754,404.0627753098011,405.36096760869515,401.5861705992912,2,0,67,134
414.43243577416916,395.96565556544283,409.67294745453114,401.13519211726754,404.0627753098011,405.36096760869515,2,0,68,133
395.78741890469854,414.43243577416916,395.96565556544283,409.67294745453114,401.13519211726754,404.0627753098011,2,0,69,132
414.4845020836795,395.78741890469854,414.43243577416916,395.96565556544283,409.67294745453114,401.13519211726754,2,0,70,131
397.2479842834552,414.4845020836795,395.78741890469854,414.43243577416916,395.96565556544283,409.67294745453114,2,0,71,130
413.75569279872576,397.2479842834552,414.4845020836795,395.78741890469854,414.43243577416916,395.96565556544283,2,0,72,129
402.348819419795,413.75569279872576,397.2479842834552,414.4845020836795,395.78741890469854,414.43243577416916,2,0,73,128
410.0825201574853,402.348819419795,413.75569279872576,397.2479842834552,414.4845020836795,395.78741890469854,2,0,74,127
409.4404924161267,410.0825201574853,402.348819419795,413.75569279872576,397.2479842834552,414.4845020836795,2,0,75,126
408.09283773405195,409.4404924161267,410.0825201574853,402.348819419795,413.75569279872576,397.2479842834552,2,0,76,125
413.16882722856985,408.09283773405195,409.4404924161267,410.0825201574853,402.348819419795,413.75569279872576,2,0,77,124
408.061859495705,413.16882722856985,408.09283773405195,409.4404924161267,410.0825201574853,402.348819419795,2,0,78,123
412.5361537437405,408.061859495705,413.16882722856985,408.09283773405195,409.4404924161267,410.0825201574853,2,0,79,122
407.2244547073502,412.5361537437405,408.061859495705,413.16882722856985,408.09283773405195,409.4404924161267,2,0,80,121
412.43144842388466,407.2244547073502,412.5361537437405,408.061859495705,413.16882722856985,408.09283773405195,2,0,81,120
407.59504764786044,412.43144842388466,407.2244547073502,412.5361537437405,408.061859495705,413.16882722856985,2,0,82,119
411.4932864255266,407.59504764786044,412.43144842388466,407.2244547073502,412.5361537437405,408.061859495705,2,0,83,118
408.6140998158531,411.4932864255266,407.59504764786044,412.43144842388466,407.2244547073502,412.5361537437405,2,0,84,117
409.1202542417572,408.6140998158531,411.4932864255266,407.59504764786044,412.43144842388466,407.2244547073502,2,0,85,116
408.96003234625715,409.1202542417572,408.6140998158531,411.4932864255266,407.59504764786044,412.43144842388466,2,0,86,115
407.37179624433423,408.96003234625715,409.1202542417572,408.6140998158531,411.4932864255266,407.59504764786044,2,0,87,114
409.22273009245686,407.37179624433423,408.96003234625715,409.1202542417572,408.6140998158531,411.4932864255266,2,0,88,113
406.57604242924754,409.22273009245686,407.37179624433423,408.96003234625715,409.1202542417572,408.6140998158531,2,0,89,112
410.9988070485382,406.57604242924754,409.22273009245686,407.37179624433423,408.96003234625715,409.1202542417572,2,0,90,111
406.30784248253394,410.9988070485382,406.57604242924754,409.22273009245686,407.37179624433423,408.96003234625715,2,0,91,110
412.73378810244463,406.30784248253394,410.9988070485382,406.57604242924754,409.22273009245686,407.37179624433423,2,0,92,109
405.53055890740654,412.73378810244463,406.30784248253394,410.9988070485382,406.57604242924754,409.22273009245686,2,0,93,108
411.28697611954226,405.53055890740654,412.73378810244463,406.30784248253394,410.9988070485382,406.57604242924754,2,0,94,107
405.7824151126194,411.28697611954226,405.53055890740654,412.73378810244463,406.30784248253394,410.9988070485382,2,0,95,106
410.1147115634901,405.7824151126194,411.28697611954226,405.53055890740654,412.73378810244463,406.30784248253394,2,0,96,105
406.8374167162135,410.1147115634901,405.7824151126194,411.28697611954226,405.53055890740654,412.73378810244463,2,0,97,104
408.77319604763983,406.8374167162135,410.1147115634901,405.7824151126194,411.28697611954226,405.53055890740654,2,0,98,103
406.0168751648764,408.77319604763983,406.8374167162135,410.1147115634901,405.7824151126194,411.28697611954226,2,0,99,102
408.34711949955255,406.0168751648764,408.77319604763983,406.8374167162135,410.1147115634901,405.7824151126194,2,0,100,101
405.86551897364564,408.34711949955255,406.0168751648764,408.77319604763983,406.8374167162135,410.1147115634901,2,0,101,100
412.2193692424138,405.86551897364564,408.34711949955255,406.0168751648764,408.77319604763983,406.8374167162135,2,0,102,99
404.02246735288395,412.2193692424138,405.86551897364564,408.34711949955255,406.0168751648764,408.77319604763983,2,0,103,98
414.07514206155804,404.02246735288395,412.2193692424138,405.86551897364564,408.34711949955255,406.0168751648764,2,0,104,97
401.3877231121549,414.07514206155804,404.02246735288395,412.2193692424138,405.86551897364564,408.34711949955255,2,0,105,96
414.5321514293335,401.3877231121549,414.07514206155804,404.02246735288395,412.2193692424138,405.86551897364564,2,0,106,95
400.7826310008396,414.5321514293335,401.3877231121549,414.07514206155804,404.02246735288395,412.2193692424138,2,0,107,94
415.78926639656976,400.7826310008396,414.5321514293335,401.3877231121549,414.07514206155804,404.02246735288395,2,0,108,93
403.15421945583194,415.78926639656976,400.7826310008396,414.5321514293335,401.3877231121549,414.07514206155804,2,0,109,92
413.22484018720377,403.15421945583194,415.78926639656976,400.7826310008396,414.5321514293335,401.3877231121549,2,0,110,91
406.67727086437003,413.22484018720377,403.15421945583194,415.78926639656976,400.7826310008396,414.5321514293335,2,0,111,90
412.5568642364303,406.67727086437003,413.22484018720377,403.15421945583194,415.78926639656976,400.7826310008396,2,0,112,89
410.55437894063095,412.5568642364303,406.67727086437003,413.22484018720377,403.15421945583194,415.78926639656976,2,0,113,88
408.9723446153288,410.55437894063095,412.5568642364303,406.67727086437003,413.22484018720377,403.15421945583194,2,0,114,87
415.17557979565623,408.9723446153288,410.55437894063095,412.5568642364303,406.67727086437003,413.22484018720377,2,0,115,86
408.3174581856999,415.17557979565623,408.9723446153288,410.55437894063095,412.5568642364303,406.67727086437003,2,0,116,85
415.6511212185016,408.3174581856999,415.17557979565623,408.9723446153288,410.55437894063095,412.5568642364303,2,0,117,84
408.3979548146364,415.6511212185016,408.3174581856999,415.17557979565623,408.9723446153288,410.55437894063095,2,0,118,83
413.2870092438474,408.3979548146364,415.6511212185016,408.3174581856999,415.17557979565623,408.9723446153288,2,0,119,82
410.67213945898476,413.2870092438474,408.3979548146364,415.6511212185016,408.3174581856999,415.17557979565623,2,0,120,81
412.21023557477787,410.67213945898476,413.2870092438474,408.3979548146364,415.6511212185016,408.3174581856999,2,0,121,80
407.9922003877583,412.21023557477787,410.67213945898476,413.2870092438474,408.3979548146364,415.6511212185016,2,0,122,79
414.93812266370986,407.9922003877583,412.21023557477787,410.67213945898476,413.2870092438474,408.3979548146364,2,0,123,78
407.0330278501507,414.93812266370986,407.9922003877583,412.21023557477787,410.67213945898476,413.2870092438474,2,0,124,77
415.12415511408,407.0330278501507,414.93812266370986,407.9922003877583,412.21023557477787,410.67213945898476,2,0,125,76
406.9271573107341,415.12415511408,407.0330278501507,414.93812266370986,407.9922003877583,412.21023557477787,2,0,126,75
409.8799390309122,406.9271573107341,415.12415511408,407.0330278501507,414.93812266370986,407.9922003877583,2,0,127,74
408.52999684947287,409.8799390309122,406.9271573107341,415.12415511408,407.0330278501507,414.93812266370986,2,0,128,73
406.44074010022393,408.52999684947287,409.8799390309122,406.9271573107341,415.12415511408,407.0330278501507,2,0,129,72
410.84332262005967,406.44074010022393,408.52999684947287,409.8799390309122,406.9271573107341,415.12415511408,2,0,130,71
400.11802074235857,410.84332262005967,406.44074010022393,408.52999684947287,409.8799390309122,406.9271573107341,2,0,131,70
413.024297772587,400.11802074235857,410.84332262005967,406.44074010022393,408.52999684947287,409.8799390309122,2,0,132,69
397.0173193602571,413.024297772587,400.11802074235857,410.84332262005967,406.44074010022393,408.52999684947287,2,0,133,68
411.952557557577,397.0173193602571,413.024297772587,400.11802074235857,410.84332262005967,406.44074010022393,2,0,134,67
396.3182569439211,411.952557557577,397.0173193602571,413.024297772587,400.11802074235857,410.84332262005967,2,0,135,66
410.8776247027672,396.3182569439211,411.952557557577,397.0173193602571,413.024297772587,400.11802074235857,2,0,136,65
397.3348143591817,410.8776247027672,396.3182569439211,411.952557557577,397.0173193602571,413.024297772587,2,0,137,64
409.54040251448,397.3348143591817,410.8776247027672,396.3182569439211,411.952557557577,397.0173193602571,2,0,138,63
398.99868703710007,409.54040251448,397.3348143591817,410.8776247027672,396.3182569439211,411.952557557577,2,0,139,62
405.84456088276823,398.99868703710007,409.54040251448,397.3348143591817,410.8776247027672,396.3182569439211,2,0,140,61
402.19286504863885,405.84456088276823,398.99868703710007,409.54040251448,397.3348143591817,410.8776247027672,2,0,141,60
403.5785644194791,402.19286504863885,405.84456088276823,398.99868703710007,409.54040251448,397.3348143591817,2,0,142,59
406.8493413145069,403.5785644194791,402.19286504863885,405.84456088276823,398.99868703710007,409.54040251448,2,0,143,58
401.426533804683,406.8493413145069,403.5785644194791,402.19286504863885,405.84456088276823,398.99868703710007,2,0,144,57
409.97932482288087,401.426533804683,406.8493413145069,403.5785644194791,402.19286504863885,405.84456088276823,2,0,145,56
400.3674063395977,409.97932482288087,401.426533804683,406.8493413145069,403.5785644194791,402.19286504863885,2,0,146,55
412.25289296379486,400.3674063395977,409.97932482288087,401.426533804683,406.8493413145069,403.5785644194791,2,0,147,54
399.9505299977542,412.25289296379486,400.3674063395977,409.97932482288087,401.426533804683,406.8493413145069,2,0,148,53
408.88198195142326,399.9505299977542,412.25289296379486,400.3674063395977,409.97932482288087,401.426533804683,2,0,149,52
401.3494636102436,408.88198195142326,399.9505299977542,412.25289296379486,400.3674063395977,409.97932482288087,2,0,150,51
406.37813275643686,401.3494636102436,408.88198195142326,399.9505299977542,412.25289296379486,400.3674063395977,2,0,151,50
404.92221994806636,406.37813275643686,401.3494636102436,408.88198195142326,399.9505299977542,412.25289296379486,2,0,152,49
403.02806210227897,404.92221994806636,406.37813275643686,401.3494636102436,408.88198195142326,399.9505299977542,2,0,153,48
408.1665695963584,403.02806210227897,404.92221994806636,406.37813275643686,401.3494636102436,408.88198195142326,2,0,154,47
400.4378542834514,408.1665695963584,403.02806210227897,404.92221994806636,406.37813275643686,401.3494636102436,2,0,155,46
409.22530956188416,400.4378542834514,408.1665695963584,403.02806210227897,404.92221994806636,406.37813275643686,2,0,156,45
402.4975599732537,409.22530956188416,400.4378542834514,408.1665695963584,403.02806210227897,404.92221994806636,2,0,157,44
408.51550035614787,402.4975599732537,409.22530956188416,400.4378542834514,408.1665695963584,403.02806210227897,2,0,158,43
402.0693995194262,408.51550035614787,402.4975599732537,409.22530956188416,400.4378542834514,408.1665695963584,2,0,159,42
409.5786490773016,402.0693995194262,408.51550035614787,402.4975599732537,409.22530956188416,400.4378542834514,2,0,160,41
403.20359986120116,409.5786490773016,402.0693995194262,408.51550035614787,402.4975599732537,409.22530956188416,2,0,161,40
411.56787837473877,403.20359986120116,409.5786490773016,402.0693995194262,408.51550035614787,402.4975599732537,2,0,162,39
405.0980481151402,411.56787837473877,403.20359986120116,409.5786490773016,402.0693995194262,408.51550035614787,2,0,163,38
413.2099811210738,405.0980481151402,411.56787837473877,403.20359986120116,409.5786490773016,402.0693995194262,2,0,164,37
408.59311240022055,413.2099811210738,405.0980481151402,411.56787837473877,403.20359986120116,409.5786490773016,2,0,165,36
412.6317423967099,408.59311240022055,413.2099811210738,405.0980481151402,411.56787837473877,403.20359986120116,2,0,166,35
412.35052992865036,412.6317423967099,408.59311240022055,413.2099811210738,405.0980481151402,411.56787837473877,2,0,167,34
409.7104561748765,412.35052992865036,412.6317423967099,408.59311240022055,413.2099811210738,405.0980481151402,2,0,168,33
411.1033906774965,409.7104561748765,412.35052992865036,412.6317423967099,408.59311240022055,413.2099811210738,2,0,169,32
408.3202889340918,411.1033906774965,409.7104561748765,412.35052992865036,412.6317423967099,408.59311240022055,2,0,170,31
412.1547461243185,408.3202889340918,411.1033906774965,409.7104561748765,412.35052992865036,412.6317423967099,2,0,171,30
409.24556170139385,412.1547461243185,408.3202889340918,411.1033906774965,409.7104561748765,412.35052992865036,2,0,172,29
410.5092029309198,409.24556170139385,412.1547461243185,408.3202889340918,411.1033906774965,409.7104561748765,2,0,173,28
412.3273991531337,410.5092029309198,409.24556170139385,412.1547461243185,408.3202889340918,411.1033906774965,2,0,174,27
407.7043433315087,412.3273991531337,410.5092029309198,409.24556170139385,412.1547461243185,408.3202889340918,2,0,175,26
413.2072424050003,407.7043433315087,412.3273991531337,410.5092029309198,409.24556170139385,412.1547461243185,2,0,176,25
406.11557756836555,413.2072424050003,407.7043433315087,412.3273991531337,410.5092029309198,409.24556170139385,2,0,177,24
412.37936442148015,406.11557756836555,413.2072424050003,407.7043433315087,412.3273991531337,410.5092029309198,2,0,178,23
406.8872829774409,412.37936442148015,406.11557756836555,413.2072424050003,407.7043433315087,412.3273991531337,2,0,179,22
413.2482241752281,406.8872829774409,412.37936442148015,406.11557756836555,413.2072424050003,407.7043433315087,2,0,180,21
408.25635698057,413.2482241752281,406.8872829774409,412.37936442148015,406.11557756836555,413.2072424050003,2,0,181,20
412.856843857422,408.25635698057,413.2482241752281,406.8872829774409,412.37936442148015,406.11557756836555,2,0,182,19
412.60575522330885,412.856843857422,408.25635698057,413.2482241752281,406.8872829774409,412.37936442148015,2,0,183,18
414.07031573800145,412.60575522330885,412.856843857422,408.25635698057,413.2482241752281,406.8872829774409,2,0,184,17
413.5053632375697,414.07031573800145,412.60575522330885,412.856843857422,408.25635698057,413.2482241752281,2,0,185,16
414.9611486949952,413.5053632375697,414.07031573800145,412.60575522330885,412.856843857422,408.25635698057,2,0,186,15
414.18210835843826,414.9611486949952,413.5053632375697,414.07031573800145,412.60575522330885,412.856843857422,2,0,187,14
414.5513892288575,414.18210835843826,414.9611486949952,413.5053632375697,414.07031573800145,412.60575522330885,2,0,188,13
411.9713809514572,414.5513892288575,414.18210835843826,414.9611486949952,413.5053632375697,414.07031573800145,2,0,189,12
414.78983446624596,411.9713809514572,414.5513892288575,414.18210835843826,414.9611486949952,413.5053632375697,2,0,190,11
412.8271805813739,414.78983446624596,411.9713809514572,414.5513892288575,414.18210835843826,414.9611486949952,2,0,191,10
416.84090233953674,412.8271805813739,414.78983446624596,411.9713809514572,414.5513892288575,414.18210835843826,2,0,192,9
412.3018688869576,416.84090233953674,412.8271805813739,414.78983446624596,411.9713809514572,414.5513892288575,2,0,193,8
415.93766227297687,412.3018688869576,416.84090233953674,412.8271805813739,414.78983446624596,411.9713809514572,2,0,194,7
411.74976141783276,415.93766227297687,412.3018688869576,416.84090233953674,412.8271805813739,414.78983446624596,2,0,195,6
415.5305119828557,411.74976141783276,415.93766227297687,412.3018688869576,416.84090233953674,412.8271805813739,2,1,196,5
417.6033157571223,415.5305119828557,411.74976141783276,415.93766227297687,412.3018688869576,416.84090233953674,2,1,197,4
418.0226033394394,417.6033157571223,415.5305119828557,411.74976141783276,415.93766227297687,412.3018688869576,2,1,198,3
415.9912481169838,418.0226033394394,417.6033157571223,415.5305119828557,411.74976141783276,415.93766227297687,2,1,199,2
414.48693296934954,415.9912481169838,418.0226033394394,417.6033157571223,415.5305119828557,411.74976141783276,2,1,200,1
418.01896333216763,414.48693296934954,415.9912481169838,418.0226033394394,417.6033157571223,415.5305119828557,3,1,0,0
416.91524831395265,418.01896333216763,414.48693296934954,415.9912481169838,418.0226033394394,417.6033157571223,3,1,1,198
416.40325039163923,416.91524831395265,418.01896333216763,414.48693296934954,415.9912481169838,418.0226033394394,3,1,2,197
416.67635176109286,416.40325039163923,416.91524831395265,418.01896333216763,414.48693296934954,415.9912481169838,3,1,3,196
419.74967715300505,416.67635176109286,416.40325039163923,416.91524831395265,418.01896333216763,414.48693296934954,3,1,4,195
419.7053394978892,419.74967715300505,416.67635176109286,416.40325039163923,416.91524831395265,418.01896333216763,3,0,5,194
420.295854860118,419.7053394978892,419.74967715300505,416.67635176109286,416.40325039163923,416.91524831395265,3,0,6,193
422.4863385710489,420.295854860118,419.7053394978892,419.74967715300505,416.67635176109286,416.40325039163923,3,0,7,192
421.24887831110226,422.4863385710489,420.295854860118,419.7053394978892,419.74967715300505,416.67635176109286,3,0,8,191
423.6690673292929,421.24887831110226,422.4863385710489,420.295854860118,419.7053394978892,419.74967715300505,3,0,9,190
429.80888756726216,423.6690673292929,421.24887831110226,422.4863385710489,420.295854860118,419.7053394978892,3,0,10,189
431.7261006583732,429.80888756726216,423.6690673292929,421.24887831110226,422.4863385710489,420.295854860118,3,0,11,188
429.25901211394716,431.7261006583732,429.80888756726216,423.6690673292929,421.24887831110226,422.4863385710489,3,0,12,187
426.22673801818195,429.25901211394716,431.7261006583732,429.80888756726216,423.6690673292929,421.24887831110226,3,0,13,186
422.6867526565061,426.22673801818195,429.25901211394716,431.7261006583732,429.80888756726216,423.6690673292929,3,0,14,185
418.62729027923615,422.6867526565061,426.22673801818195,429.25901211394716,431.7261006583732,429.80888756726216,3,0,15,184
416.29449318502304,418.62729027923615,422.6867526565061,426.22673801818195,429.25901211394716,431.7261006583732,3,0,16,183
415.6352138421956,416.29449318502304,418.62729027923615,422.6867526565061,426.22673801818195,429.25901211394716,3,0,17,182
411.2914367533658,415.6352138421956,416.29449318502304,418.62729027923615,422.6867526565061,426.22673801818195,3,0,18,181
405.4311326515964,411.2914367533658,415.6352138421956,416.29449318502304,418.62729027923615,422.6867526565061,3,0,19,180
400.73125789710264,405.4311326515964,411.2914367533658,415.6352138421956,416.29449318502304,418.62729027923615,3,0,20,179
400.3556551997898,400.73125789710264,405.4311326515964,411.2914367533658,415.6352138421956,416.29449318502304,3,0,21,178
407.29483690853397,400.3556551997898,400.73125789710264,405.4311326515964,411.2914367533658,415.6352138421956,3,0,22,177
410.6600241334155,407.29483690853397,400.3556551997898,400.73125789710264,405.4311326515964,411.2914367533658,3,0,23,176
415.39153987059086,410.6600241334155,407.29483690853397,400.3556551997898,400.73125789710264,405.4311326515964,3,0,24,175
419.3025496354345,415.39153987059086,410.6600241334155,407.29483690853397,400.3556551997898,400.73125789710264,3,0,25,174
421.7953406759771,419.3025496354345,415.39153987059086,410.6600241334155,407.29483690853397,400.3556551997898,3,0,26,173
418.6507047429032,421.7953406759771,419.3025496354345,415.39153987059086,410.6600241334155,407.29483690853397,3,0,27,172
417.15022705201613,418.6507047429032,421.7953406759771,419.3025496354345,415.39153987059086,410.6600241334155,3,0,28,171
416.7267382701619,417.15022705201613,418.6507047429032,421.7953406759771,419.3025496354345,415.39153987059086,3,0,29,170
412.9389588996801,416.7267382701619,417.15022705201613,418.6507047429032,421.7953406759771,419.3025496354345,3,0,30,169
413.48129757296124,412.9389588996801,416.7267382701619,417.15022705201613,418.6507047429032,421.7953406759771,3,0,31,168
408.5824646769613,413.48129757296124,412.9389588996801,416.7267382701619,417.15022705201613,418.6507047429032,3,0,32,167
409.4702797458703,408.5824646769613,413.48129757296124,412.9389588996801,416.7267382701619,417.15022705201613,3,0,33,166
410.4910794133176,409.4702797458703,408.5824646769613,413.48129757296124,412.9389588996801,416.7267382701619,3,0,34,165
413.5600624915888,410.4910794133176,409.4702797458703,408.5824646769613,413.48129757296124,412.9389588996801,3,0,35,164
413.1062815077182,413.5600624915888,410.4910794133176,409.4702797458703,408.5824646769613,413.48129757296124,3,0,36,163
413.8375656941265,413.1062815077182,413.5600624915888,410.4910794133176,409.4702797458703,408.5824646769613,3,0,37,162
408.58059125233626,413.8375656941265,413.1062815077182,413.5600624915888,410.4910794133176,409.4702797458703,3,0,38,161
402.919471586689,408.58059125233626,413.8375656941265,413.1062815077182,413.5600624915888,410.4910794133176,3,0,39,160
401.62892166867385,402.919471586689,408.58059125233626,413.8375656941265,413.1062815077182,413.5600624915888,3,0,40,159
398.04786667511564,401.62892166867385,402.919471586689,408.58059125233626,413.8375656941265,413.1062815077182,3,0,41,158
397.23363750245767,398.04786667511564,401.62892166867385,402.919471586689,408.58059125233626,413.8375656941265,3,0,42,157
398.67892634652236,397.23363750245767,398.04786667511564,401.62892166867385,402.919471586689,408.58059125233626,3,0,43,156
397.9937373942088,398.67892634652236,397.23363750245767,398.04786667511564,401.62892166867385,402.919471586689,3,0,44,155
399.8225588549335,397.9937373942088,398.67892634652236,397.23363750245767,398.04786667511564,401.62892166867385,3,0,45,154
401.2069933106101,399.8225588549335,397.9937373942088,398.67892634652236,397.23363750245767,398.04786667511564,3,0,46,153
406.8534390604416,401.2069933106101,399.8225588549335,397.9937373942088,398.67892634652236,397.23363750245767,3,0,47,152
406.8281604504989,406.8534390604416,401.2069933106101,399.8225588549335,397.9937373942088,398.67892634652236,3,0,48,151
405.3618328246392,406.8281604504989,406.8534390604416,401.2069933106101,399.8225588549335,397.9937373942088,3,0,49,150
402.55238034064405,405.3618328246392,406.8281604504989,406.8534390604416,401.2069933106101,399.8225588549335,3,0,50,149
403.13898881850014,402.55238034064405,405.3618328246392,406.8281604504989,406.8534390604416,401.2069933106101,3,0,51,148
402.31531140901427,403.13898881850014,402.55238034064405,405.3618328246392,406.8281604504989,406.8534390604416,3,0,52,147
401.5897404648947,402.31531140901427,403.13898881850014,402.55238034064405,405.3618328246392,406.8281604504989,3,0,53,146
403.0159849665624,401.5897404648947,402.31531140901427,403.13898881850014,402.55238034064405,405.3618328246392,3,0,54,145
406.59344311043026,403.0159849665624,401.5897404648947,402.31531140901427,403.13898881850014,402.55238034064405,3,0,55,144
405.58124745729634,406.59344311043026,403.0159849665624,401.5897404648947,402.31531140901427,403.13898881850014,3,0,56,143
405.9412662899529,405.58124745729634,406.59344311043026,403.0159849665624,401.5897404648947,402.31531140901427,3,0,57,142
405.1543598818625,405.9412662899529,405.58124745729634,406.59344311043026,403.0159849665624,401.5897404648947,3,0,58,141
405.4726084693963,405.1543598818625,405.9412662899529,405.58124745729634,406.59344311043026,403.0159849665624,3,0,59,140
405.38064650103223,405.4726084693963,405.1543598818625,405.9412662899529,405.58124745729634,406.59344311043026,3,0,60,139
401.3547041515947,405.38064650103223,405.4726084693963,405.1543598818625,405.9412662899529,405.58124745729634,3,0,61,138
396.3265445055073,401.3547041515947,405.38064650103223,405.4726084693963,405.1543598818625,405.9412662899529,3,0,62,137
392.1827115729005,396.3265445055073,401.3547041515947,405.38064650103223,405.4726084693963,405.1543598818625,3,0,63,136
388.9590323323015,392.1827115729005,396.3265445055073,401.3547041515947,405.38064650103223,405.4726084693963,3,0,64,135
388.890259189046,388.9590323323015,392.1827115729005,396.3265445055073,401.3547041515947,405.38064650103223,3,0,65,134
385.49723026624525,388.890259189046,388.9590323323015,392.1827115729005,396.3265445055073,401.3547041515947,3,0,66,133
385.68188449716916,385.49723026624525,388.890259189046,388.9590323323015,392.1827115729005,396.3265445055073,3,0,67,132
384.31945341353287,385.68188449716916,385.49723026624525,388.890259189046,388.9590323323015,392.1827115729005,3,0,68,131
384.48647308921835,384.31945341353287,385.68188449716916,385.49723026624525,388.890259189046,388.9590323323015,3,0,69,130
385.24882582280765,384.48647308921835,384.31945341353287,385.68188449716916,385.49723026624525,388.890259189046,3,0,70,129
383.2916527350874,385.24882582280765,384.48647308921835,384.31945341353287,385.68188449716916,385.49723026624525,3,0,71,128
380.0202388198723,383.2916527350874,385.24882582280765,384.48647308921835,384.31945341353287,385.68188449716916,3,0,72,127
376.0613254404076,380.0202388198723,383.2916527350874,385.24882582280765,384.48647308921835,384.31945341353287,3,0,73,126
372.8714542787361,376.0613254404076,380.0202388198723,383.2916527350874,385.24882582280765,384.48647308921835,3,0,74,125
375.32510113294074,372.8714542787361,376.0613254404076,380.0202388198723,383.2916527350874,385.24882582280765,3,0,75,124
376.64763187331477,375.32510113294074,372.8714542787361,376.0613254404076,380.0202388198723,383.2916527350874,3,0,76,123
380.53383250412475,376.64763187331477,375.32510113294074,372.8714542787361,376.0613254404076,380.0202388198723,3,0,77,122
383.41280403966636,380.53383250412475,376.64763187331477,375.32510113294074,372.8714542787361,376.0613254404076,3,0,78,121
384.961754749346,383.41280403966636,380.53383250412475,376.64763187331477,375.32510113294074,372.8714542787361,3,0,79,120
387.7866587388831,384.961754749346,383.41280403966636,380.53383250412475,376.64763187331477,375.32510113294074,3,0,80,119
388.2631093803236,387.7866587388831,384.961754749346,383.41280403966636,380.53383250412475,376.64763187331477,3,0,81,118
388.3484176193056,388.2631093803236,387.7866587388831,384.961754749346,383.41280403966636,380.53383250412475,3,0,82,117
389.6397496030165,388.3484176193056,388.2631093803236,387.7866587388831,384.961754749346,383.41280403966636,3,0,83,116
388.4099074656594,389.6397496030165,388.3484176193056,388.2631093803236,387.7866587388831,384.961754749346,3,0,84,115
388.2158343880613,388.4099074656594,389.6397496030165,388.3484176193056,388.2631093803236,387.7866587388831,3,0,85,114
392.4219978451902,388.2158343880613,388.4099074656594,389.6397496030165,388.3484176193056,388.2631093803236,3,0,86,113
396.4117268346413,392.4219978451902,388.2158343880613,388.4099074656594,389.6397496030165,388.3484176193056,3,0,87,112
405.57880479526756,396.4117268346413,392.4219978451902,388.2158343880613,388.4099074656594,389.6397496030165,3,0,88,111
407.0720254423118,405.57880479526756,396.4117268346413,392.4219978451902,388.2158343880613,388.4099074656594,3,0,89,110
408.79614594556386,407.0720254423118,405.57880479526756,396.4117268346413,392.4219978451902,388.2158343880613,3,0,90,109
404.399399241775,408.79614594556386,407.0720254423118,405.57880479526756,396.4117268346413,392.4219978451902,3,0,91,108
405.3665645642416,404.399399241775,408.79614594556386,407.0720254423118,405.57880479526756,396.4117268346413,3,0,92,107
407.4552311531613,405.3665645642416,404.399399241775,408.79614594556386,407.0720254423118,405.57880479526756,3,0,93,106
407.11993340232794,407.4552311531613,405.3665645642416,404.399399241775,408.79614594556386,407.0720254423118,3,0,94,105
408.03839256438664,407.11993340232794,407.4552311531613,405.3665645642416,404.399399241775,408.79614594556386,3,0,95,104
406.38860078256187,408.03839256438664,407.11993340232794,407.4552311531613,405.3665645642416,404.399399241775,3,0,96,103
402.3464489557857,406.38860078256187,408.03839256438664,407.11993340232794,407.4552311531613,405.3665645642416,3,0,97,102
399.15185450051956,402.3464489557857,406.38860078256187,408.03839256438664,407.11993340232794,407.4552311531613,3,0,98,101
391.1626625108101,399.15185450051956,402.3464489557857,406.38860078256187,408.03839256438664,407.11993340232794,3,0,99,100
389.1405489470003,391.1626625108101,399.15185450051956,402.3464489557857,406.38860078256187,408.03839256438664,3,0,100,99
392.2215741815687,389.1405489470003,391.1626625108101,399.15185450051956,402.3464489557857,406.38860078256187,3,0,101,98
396.0026120399859,392.2215741815687,389.1405489470003,391.1626625108101,399.15185450051956,402.3464489557857,3,0,102,97
400.10566385233454,396.0026120399859,392.2215741815687,389.1405489470003,391.1626625108101,399.15185450051956,3,0,103,96
403.8331233412232,400.10566385233454,396.0026120399859,392.2215741815687,389.1405489470003,391.1626625108101,3,0,104,95
409.04254098391885,403.8331233412232,400.10566385233454,396.0026120399859,392.2215741815687,389.1405489470003,3,0,105,94
409.2799548536661,409.04254098391885,403.8331233412232,400.10566385233454,396.0026120399859,392.2215741815687,3,0,106,93
409.64337764157733,409.2799548536661,409.04254098391885,403.8331233412232,400.10566385233454,396.0026120399859,3,0,107,92
410.516187484124,409.64337764157733,409.2799548536661,409.04254098391885,403.8331233412232,400.10566385233454,3,0,108,91
412.62474701000065,410.516187484124,409.64337764157733,409.2799548536661,409.04254098391885,403.8331233412232,3,0,109,90
416.2534279458809,412.62474701000065,410.516187484124,409.64337764157733,409.2799548536661,409.04254098391885,3,0,110,89
421.1790755568915,416.2534279458809,412.62474701000065,410.516187484124,409.64337764157733,409.2799548536661,3,0,111,88
424.4477509109105,421.1790755568915,416.2534279458809,412.62474701000065,410.516187484124,409.64337764157733,3,0,112,87
424.6780386973103,424.4477509109105,421.1790755568915,416.2534279458809,412.62474701000065,410.516187484124,3,0,113,86
422.26764049515606,424.6780386973103,424.4477509109105,421.1790755568915,416.2534279458809,412.62474701000065,3,0,114,85
423.17950504889785,422.26764049515606,424.6780386973103,424.4477509109105,421.1790755568915,416.2534279458809,3,0,115,84
419.04745656329277,423.17950504889785,422.26764049515606,424.6780386973103,424.4477509109105,421.1790755568915,3,0,116,83
420.1909919932188,419.04745656329277,423.17950504889785,422.26764049515606,424.6780386973103,424.4477509109105,3,0,117,82
424.0469066300866,420.1909919932188,419.04745656329277,423.17950504889785,422.26764049515606,424.6780386973103,3,0,118,81
430.1527704786843,424.0469066300866,420.1909919932188,419.04745656329277,423.17950504889785,422.26764049515606,3,0,119,80
433.21314043044043,430.1527704786843,424.0469066300866,420.1909919932188,419.04745656329277,423.17950504889785,3,0,120,79
434.5774267208953,433.21314043044043,430.1527704786843,424.0469066300866,420.1909919932188,419.04745656329277,3,0,121,78
435.79761642738674,434.5774267208953,433.21314043044043,430.1527704786843,424.0469066300866,420.1909919932188,3,0,122,77
436.26770234589605,435.79761642738674,434.5774267208953,433.21314043044043,430.1527704786843,424.0469066300866,3,0,123,76
433.27301376291837,436.26770234589605,435.79761642738674,434.5774267208953,433.21314043044043,430.1527704786843,3,0,124,75
429.8431658315968,433.27301376291837,436.26770234589605,435.79761642738674,434.5774267208953,433.21314043044043,3,0,125,74
423.0323646748269,429.8431658315968,433.27301376291837,436.26770234589605,435.79761642738674,434.5774267208953,3,0,126,73
419.8856672486722,423.0323646748269,429.8431658315968,433.27301376291837,436.26770234589605,435.79761642738674,3,0,127,72
419.5732901306168,419.8856672486722,423.0323646748269,429.8431658315968,433.27301376291837,436.26770234589605,3,0,128,71
422.5990983000107,419.5732901306168,419.8856672486722,423.0323646748269,429.8431658315968,433.27301376291837,3,0,129,70
423.6261436507135,422.5990983000107,419.5732901306168,419.8856672486722,423.0323646748269,429.8431658315968,3,0,130,69
428.3354467377247,423.6261436507135,422.5990983000107,419.5732901306168,419.8856672486722,423.0323646748269,3,0,131,68
428.30668081141414,428.3354467377247,423.6261436507135,422.5990983000107,419.5732901306168,419.8856672486722,3,0,132,67
425.6790266390563,428.30668081141414,428.3354467377247,423.6261436507135,422.5990983000107,419.5732901306168,3,0,133,66
422.88672120319245,425.6790266390563,428.30668081141414,428.3354467377247,423.6261436507135,422.5990983000107,3,0,134,65
422.2932591200536,422.88672120319245,425.6790266390563,428.30668081141414,428.3354467377247,423.6261436507135,3,0,135,64
423.08198780059774,422.2932591200536,422.88672120319245,425.6790266390563,428.30668081141414,428.3354467377247,3,0,136,63
424.81578102964846,423.08198780059774,422.2932591200536,422.88672120319245,425.6790266390563,428.30668081141414,3,0,137,62
425.94341868167044,424.81578102964846,423.08198780059774,422.2932591200536,422.88672120319245,425.6790266390563,3,0,138,61
426.6494091385055,425.94341868167044,424.81578102964846,423.08198780059774,422.2932591200536,422.88672120319245,3,0,139,60
425.32194210884336,426.6494091385055,425.94341868167044,424.81578102964846,423.08198780059774,422.2932591200536,3,0,140,59
420.9003893334278,425.32194210884336,426.6494091385055,425.94341868167044,424.81578102964846,423.08198780059774,3,0,141,58
419.2269130692842,420.9003893334278,425.32194210884336,426.6494091385055,425.94341868167044,424.81578102964846,3,0,142,57
416.5657042914499,419.2269130692842,420.9003893334278,425.32194210884336,426.6494091385055,425.94341868167044,3,0,143,56
413.4769532830432,416.5657042914499,419.2269130692842,420.9003893334278,425.32194210884336,426.6494091385055,3,0,144,55
415.73364168924996,413.4769532830432,416.5657042914499,419.2269130692842,420.9003893334278,425.32194210884336,3,0,145,54
418.64459824189703,415.73364168924996,413.4769532830432,416.5657042914499,419.2269130692842,420.9003893334278,3,0,146,53
420.1877219906566,418.64459824189703,415.73364168924996,413.4769532830432,416.5657042914499,419.2269130692842,3,0,147,52
419.04813314411876,420.1877219906566,418.64459824189703,415.73364168924996,413.4769532830432,416.5657042914499,3,0,148,51
422.38223471023673,419.04813314411876,420.1877219906566,418.64459824189703,415.73364168924996,413.4769532830432,3,0,149,50
421.46673692289676,422.38223471023673,419.04813314411876,420.1877219906566,418.64459824189703,415.73364168924996,3,0,150,49
421.2131347073791,421.46673692289676,422.38223471023673,419.04813314411876,420.1877219906566,418.64459824189703,3,0,151,48
421.3870322010163,421.2131347073791,421.46673692289676,422.38223471023673,419.04813314411876,420.1877219906566,3,0,152,47
424.6996590764522,421.3870322010163,421.2131347073791,421.46673692289676,422.38223471023673,419.04813314411876,3,0,153,46
429.1998282575726,424.6996590764522,421.3870322010163,421.2131347073791,421.46673692289676,422.38223471023673,3,0,154,45
429.01223879098535,429.1998282575726,424.6996590764522,421.3870322010163,421.2131347073791,421.46673692289676,3,0,155,44
426.4736879459813,429.01223879098535,429.1998282575726,424.6996590764522,421.3870322010163,421.2131347073791,3,0,156,43
422.7526753040406,426.4736879459813,429.01223879098535,429.1998282575726,424.6996590764522,421.3870322010163,3,0,157,42
419.85379310503424,422.7526753040406,426.4736879459813,429.01223879098535,429.1998282575726,424.6996590764522,3,0,158,41
417.5845604110779,419.85379310503424,422.7526753040406,426.4736879459813,429.01223879098535,429.1998282575726,3,0,159,40
416.5024455806416,417.5845604110779,419.85379310503424,422.7526753040406,426.4736879459813,429.01223879098535,3,0,160,39
416.8596796704096,416.5024455806416,417.5845604110779,419.85379310503424,422.7526753040406,426.4736879459813,3,0,161,38
419.01261774211406,416.8596796704096,416.5024455806416,417.5845604110779,419.85379310503424,422.7526753040406,3,0,162,37
422.8508198625006,419.01261774211406,416.8596796704096,416.5024455806416,417.5845604110779,419.85379310503424,3,0,163,36
424.8715972488719,422.8508198625006,419.01261774211406,416.8596796704096,416.5024455806416,417.5845604110779,3,0,164,35
428.40406397184336,424.8715972488719,422.8508198625006,419.01261774211406,416.8596796704096,416.5024455806416,3,0,165,34
424.6369276325534,428.40406397184336,424.8715972488719,422.8508198625006,419.01261774211406,416.8596796704096,3,0,166,33
421.4735748846162,424.6369276325534,428.40406397184336,424.8715972488719,422.8508198625006,419.01261774211406,3,0,167,32
417.14314550752135,421.4735748846162,424.6369276325534,428.40406397184336,424.8715972488719,422.8508198625006,3,0,168,31
417.65798585534105,417.14314550752135,421.4735748846162,424.6369276325534,428.40406397184336,424.8715972488719,3,0,169,30
417.27349661982385,417.65798585534105,417.14314550752135,421.4735748846162,424.6369276325534,428.40406397184336,3,0,170,29
421.03950786569055,417.27349661982385,417.65798585534105,417.14314550752135,421.4735748846162,424.6369276325534,3,0,171,28
423.772636696136,421.03950786569055,417.27349661982385,417.65798585534105,417.14314550752135,421.4735748846162,3,0,172,27
426.48178618575366,423.772636696136,421.03950786569055,417.27349661982385,417.65798585534105,417.14314550752135,3,0,173,26
426.4343000346151,426.48178618575366,423.772636696136,421.03950786569055,417.27349661982385,417.65798585534105,3,0,174,25
425.2279313584291,426.4343000346151,426.48178618575366,423.772636696136,421.03950786569055,417.27349661982385,3,0,175,24
423.8053688818436,425.2279313584291,426.4343000346151,426.48178618575366,423.772636696136,421.03950786569055,3,0,176,23
423.6325111703058,423.8053688818436,425.2279313584291,426.4343000346151,426.48178618575366,423.772636696136,3,0,177,22
421.4259719622063,423.6325111703058,423.8053688818436,425.2279313584291,426.4343000346151,426.48178618575366,3,0,178,21
419.92898042534847,421.4259719622063,423.6325111703058,423.8053688818436,425.2279313584291,426.4343000346151,3,0,179,20
415.3304615897834,419.92898042534847,421.4259719622063,423.6325111703058,423.8053688818436,425.2279313584291,3,0,180,19
412.846891932185,415.3304615897834,419.92898042534847,421.4259719622063,423.6325111703058,423.8053688818436,3,0,181,18
408.6795436455611,412.846891932185,415.3304615897834,419.92898042534847,421.4259719622063,423.6325111703058,3,0,182,17
403.1598034694448,408.6795436455611,412.846891932185,415.3304615897834,419.92898042534847,421.4259719622063,3,0,183,16
396.81619487611715,403.1598034694448,408.6795436455611,412.846891932185,415.3304615897834,419.92898042534847,3,0,184,15
396.36500476907474,396.81619487611715,403.1598034694448,408.6795436455611,412.846891932185,415.3304615897834,3,0,185,14
392.93130788232725,396.36500476907474,396.81619487611715,403.1598034694448,408.6795436455611,412.846891932185,3,0,186,13
391.18581091578244,392.93130788232725,396.36500476907474,396.81619487611715,403.1598034694448,408.6795436455611,3,0,187,12
392.6424887369819,391.18581091578244,392.93130788232725,396.36500476907474,396.81619487611715,403.1598034694448,3,0,188,11
395.6226971017169,392.6424887369819,391.18581091578244,392.93130788232725,396.36500476907474,396.81619487611715,3,0,189,10
397.63586358036974,395.6226971017169,392.6424887369819,391.18581091578244,392.93130788232725,396.36500476907474,3,0,190,9
395.8275701477902,397.63586358036974,395.6226971017169,392.6424887369819,391.18581091578244,392.93130788232725,3,0,191,8
396.7955138288004,395.8275701477902,397.63586358036974,395.6226971017169,392.6424887369819,391.18581091578244,3,0,192,7
394.99555956719036,396.7955138288004,395.8275701477902,397.63586358036974,395.6226971017169,392.6424887369819,3,0,193,6
393.3466790455343,394.99555956719036,396.7955138288004,395.8275701477902,397.63586358036974,395.6226971017169,3,1,194,5
391.3163867443036,393.3466790455343,394.99555956719036,396.7955138288004,395.8275701477902,397.63586358036974,3,1,195,4
392.6527826418702,391.3163867443036,393.3466790455343,394.99555956719036,396.7955138288004,395.8275701477902,3,1,196,3
387.6524147628384,392.6527826418702,391.3163867443036,393.3466790455343,394.99555956719036,396.7955138288004,3,1,197,2
392.95902650275485,387.6524147628384,392.6527826418702,391.3163867443036,393.3466790455343,394.99555956719036,3,1,198,1
383.2568407039913,392.95902650275485,387.6524147628384,392.6527826418702,391.3163867443036,393.3466790455343,4,1,0,0
392.3288465073506,383.2568407039913,392.95902650275485,387.6524147628384,392.6527826418702,391.3163867443036,4,1,1,295
384.30878902946927,392.3288465073506,383.2568407039913,392.95902650275485,387.6524147628384,392.6527826418702,4,1,2,294
391.2168926624386,384.30878902946927,392.3288465073506,383.2568407039913,392.95902650275485,387.6524147628384,4,1,3,293
388.99025278159974,391.2168926624386,384.30878902946927,392.3288465073506,383.2568407039913,392.95902650275485,4,1,4,292
387.1832986183043,388.99025278159974,391.2168926624386,384.30878902946927,392.3288465073506,383.2568407039913,4,0,5,291
389.12528834305965,387.1832986183043,388.99025278159974,391.2168926624386,384.30878902946927,392.3288465073506,4,0,6,290
387.04555619505743,389.12528834305965,387.1832986183043,388.99025278159974,391.2168926624386,384.30878902946927,4,0,7,289
387.133467095225,387.04555619505743,389.12528834305965,387.1832986183043,388.99025278159974,391.2168926624386,4,0,8,288
392.4622851399118,387.133467095225,387.04555619505743,389.12528834305965,387.1832986183043,388.99025278159974,4,0,9,287
385.8951184270645,392.4622851399118,387.133467095225,387.04555619505743,389.12528834305965,387.1832986183043,4,0,10,286
398.5577809316683,385.8951184270645,392.4622851399118,387.133467095225,387.04555619505743,389.12528834305965,4,0,11,285
389.07496374611856,398.5577809316683,385.8951184270645,392.4622851399118,387.133467095225,387.04555619505743,4,0,12,284
391.31211131551294,389.07496374611856,398.5577809316683,385.8951184270645,392.4622851399118,387.133467095225,4,0,13,283
389.00875911932434,391.31211131551294,389.07496374611856,398.5577809316683,385.8951184270645,392.4622851399118,4,0,14,282
389.953060457339,389.00875911932434,391.31211131551294,389.07496374611856,398.5577809316683,385.8951184270645,4,0,15,281
388.84686675871615,389.953060457339,389.00875911932434,391.31211131551294,389.07496374611856,398.5577809316683,4,0,16,280
388.4601192014497,388.84686675871615,389.953060457339,389.00875911932434,391.31211131551294,389.07496374611856,4,0,17,279
389.23129500323904,388.4601192014497,388.84686675871615,389.953060457339,389.00875911932434,391.31211131551294,4,0,18,278
385.20075441211804,389.23129500323904,388.4601192014497,388.84686675871615,389.953060457339,389.00875911932434,4,0,19,277
392.3487881532403,385.20075441211804,389.23129500323904,388.4601192014497,388.84686675871615,389.953060457339,4,0,20,276
384.41408095690764,392.3487881532403,385.20075441211804,389.23129500323904,388.4601192014497,388.84686675871615,4,0,21,275
392.3928743141215,384.41408095690764,392.3487881532403,385.20075441211804,389.23129500323904,388.4601192014497,4,0,22,274
390.77250091688785,392.3928743141215,384.41408095690764,392.3487881532403,385.20075441211804,389.23129500323904,4,0,23,273
393.4410649965792,390.77250091688785,392.3928743141215,384.41408095690764,392.3487881532403,385.20075441211804,4,0,24,272
396.9983270569626,393.4410649965792,390.77250091688785,392.3928743141215,384.41408095690764,392.3487881532403,4,0,25,271
389.5171346523625,396.9983270569626,393.4410649965792,390.77250091688785,392.3928743141215,384.41408095690764,4,0,26,270
399.06035644487633,389.5171346523625,396.9983270569626,393.4410649965792,390.77250091688785,392.3928743141215,4,0,27,269
386.80282162509235,399.06035644487633,389.5171346523625,396.9983270569626,393.4410649965792,390.77250091688785,4,0,28,268
400.6412581389696,386.80282162509235,399.06035644487633,389.5171346523625,396.9983270569626,393.4410649965792,4,0,29,267
389.2423935337515,400.6412581389696,386.80282162509235,399.06035644487633,389.5171346523625,396.9983270569626,4,0,30,266
394.50616481109626,389.2423935337515,400.6412581389696,386.80282162509235,399.06035644487633,389.5171346523625,4,0,31,265
386.47101213274635,394.50616481109626,389.2423935337515,400.6412581389696,386.80282162509235,399.06035644487633,4,0,32,264
383.37003154050393,386.47101213274635,394.50616481109626,389.2423935337515,400.6412581389696,386.80282162509235,4,0,33,263
387.8841802686878,383.37003154050393,386.47101213274635,394.50616481109626,389.2423935337515,400.6412581389696,4,0,34,262
374.0606079166387,387.8841802686878,383.37003154050393,386.47101213274635,394.50616481109626,389.2423935337515,4,0,35,261
392.9187574258896,374.0606079166387,387.8841802686878,383.37003154050393,386.47101213274635,394.50616481109626,4,0,36,260
370.62949309495275,392.9187574258896,374.0606079166387,387.8841802686878,383.37003154050393,386.47101213274635,4,0,37,259
388.1152891665243,370.62949309495275,392.9187574258896,374.0606079166387,387.8841802686878,383.37003154050393,4,0,38,258
376.6324075776461,388.1152891665243,370.62949309495275,392.9187574258896,374.0606079166387,387.8841802686878,4,0,39,257
382.2037125891237,376.6324075776461,388.1152891665243,370.62949309495275,392.9187574258896,374.0606079166387,4,0,40,256
387.33357904949054,382.2037125891237,376.6324075776461,388.1152891665243,370.62949309495275,392.9187574258896,4,0,41,255
364.33744853706764,387.33357904949054,382.2037125891237,376.6324075776461,388.1152891665243,370.62949309495275,4,0,42,254
394.61152093670233,364.33744853706764,387.33357904949054,382.2037125891237,376.6324075776461,388.1152891665243,4,0,43,253
359.26993668142364,394.61152093670233,364.33744853706764,387.33357904949054,382.2037125891237,376.6324075776461,4,0,44,252
394.05383483027407,359.26993668142364,394.61152093670233,364.33744853706764,387.33357904949054,382.2037125891237,4,0,45,251
365.3475721277713,394.05383483027407,359.26993668142364,394.61152093670233,364.33744853706764,387.33357904949054,4,0,46,250
379.56872071725337,365.3475721277713,394.05383483027407,359.26993668142364,394.61152093670233,364.33744853706764,4,0,47,249
375.5639258448963,379.56872071725337,365.3475721277713,394.05383483027407,359.26993668142364,394.61152093670233,4,0,48,248
362.49352050802054,375.5639258448963,379.56872071725337,365.3475721277713,394.05383483027407,359.26993668142364,4,0,49,247
386.7949241914801,362.49352050802054,375.5639258448963,379.56872071725337,365.3475721277713,394.05383483027407,4,0,50,246
359.36779807356226,386.7949241914801,362.49352050802054,375.5639258448963,379.56872071725337,365.3475721277713,4,0,51,245
388.9868590792834,359.36779807356226,386.7949241914801,362.49352050802054,375.5639258448963,379.56872071725337,4,0,52,244
362.67290824105856,388.9868590792834,359.36779807356226,386.7949241914801,362.49352050802054,375.5639258448963,4,0,53,243
382.4905466099678,362.67290824105856,388.9868590792834,359.36779807356226,386.7949241914801,362.49352050802054,4,0,54,242
374.9990210046383,382.4905466099678,362.67290824105856,388.9868590792834,359.36779807356226,386.7949241914801,4,0,55,241
372.917421269034,374.9990210046383,382.4905466099678,362.67290824105856,388.9868590792834,359.36779807356226,4,0,56,240
381.45958738768945,372.917421269034,374.9990210046383,382.4905466099678,362.67290824105856,388.9868590792834,4,0,57,239
361.2683861133497,381.45958738768945,372.917421269034,374.9990210046383,382.4905466099678,362.67290824105856,4,0,58,238
382.9831059007146,361.2683861133497,381.45958738768945,372.917421269034,374.9990210046383,382.4905466099678,4,0,59,237
359.908112673545,382.9831059007146,361.2683861133497,381.45958738768945,372.917421269034,374.9990210046383,4,0,60,236
377.21017291112724,359.908112673545,382.9831059007146,361.2683861133497,381.45958738768945,372.917421269034,4,0,61,235
361.22974602799314,377.21017291112724,359.908112673545,382.9831059007146,361.2683861133497,381.45958738768945,4,0,62,234
368.37828694230365,361.22974602799314,377.21017291112724,359.908112673545,382.9831059007146,361.2683861133497,4,0,63,233
362.9150058207463,368.37828694230365,361.22974602799314,377.21017291112724,359.908112673545,382.9831059007146,4,0,64,232
361.7480863448543,362.9150058207463,368.37828694230365,361.22974602799314,377.21017291112724,359.908112673545,4,0,65,231
364.2105062577989,361.7480863448543,362.9150058207463,368.37828694230365,361.22974602799314,377.21017291112724,4,0,66,230
356.23583359306997,364.2105062577989,361.7480863448543,362.9150058207463,368.37828694230365,361.22974602799314,4,0,67,229
363.7082244482308,356.23583359306997,364.2105062577989,361.7480863448543,362.9150058207463,368.37828694230365,4,0,68,228
357.2543429431416,363.7082244482308,356.23583359306997,364.2105062577989,361.7480863448543,362.9150058207463,4,0,69,227
361.5452833305029,357.2543429431416,363.7082244482308,356.23583359306997,364.2105062577989,361.7480863448543,4,0,70,226
354.60854415502206,361.5452833305029,357.2543429431416,363.7082244482308,356.23583359306997,364.2105062577989,4,0,71,225
357.8861691216908,354.60854415502206,361.5452833305029,357.2543429431416,363.7082244482308,356.23583359306997,4,0,72,224
357.0849684289667,357.8861691216908,354.60854415502206,361.5452833305029,357.2543429431416,363.7082244482308,4,0,73,223
357.6107073990715,357.0849684289667,357.8861691216908,354.60854415502206,361.5452833305029,357.2543429431416,4,0,74,222
361.01553142085237,357.6107073990715,357.0849684289667,357.8861691216908,354.60854415502206,361.5452833305029,4,0,75,221
352.94666036449945,361.01553142085237,357.6107073990715,357.0849684289667,357.8861691216908,354.60854415502206,4,0,76,220
366.3034273558269,352.94666036449945,361.01553142085237,357.6107073990715,357.0849684289667,357.8861691216908,4,0,77,219
354.47415272775675,366.3034273558269,352.94666036449945,361.01553142085237,357.6107073990715,357.0849684289667,4,0,78,218
371.08419958879256,354.47415272775675,366.3034273558269,352.94666036449945,361.01553142085237,357.6107073990715,4,0,79,217
356.9216486121786,371.08419958879256,354.47415272775675,366.3034273558269,352.94666036449945,361.01553142085237,4,0,80,216
364.2423564633311,356.9216486121786,371.08419958879256,354.47415272775675,366.3034273558269,352.94666036449945,4,0,81,215
365.9099159157055,364.2423564633311,356.9216486121786,371.08419958879256,354.47415272775675,366.3034273558269,4,0,82,214
358.2382565435319,365.9099159157055,364.2423564633311,356.9216486121786,371.08419958879256,354.47415272775675,4,0,83,213
364.20044126233535,358.2382565435319,365.9099159157055,364.2423564633311,356.9216486121786,371.08419958879256,4,0,84,212
368.3078294352295,364.20044126233535,358.2382565435319,365.9099159157055,364.2423564633311,356.9216486121786,4,0,85,211
358.13994780111034,368.3078294352295,364.20044126233535,358.2382565435319,365.9099159157055,364.2423564633311,4,0,86,210
374.2443706589119,358.13994780111034,368.3078294352295,364.20044126233535,358.2382565435319,365.9099159157055,4,0,87,209
355.52278480887463,374.2443706589119,358.13994780111034,368.3078294352295,364.20044126233535,358.2382565435319,4,0,88,208
373.42579820786887,355.52278480887463,374.2443706589119,358.13994780111034,368.3078294352295,364.20044126233535,4,0,89,207
364.4994227237874,373.42579820786887,355.52278480887463,374.2443706589119,358.13994780111034,368.3078294352295,4,0,90,206
361.8902951054441,364.4994227237874,373.42579820786887,355.52278480887463,374.2443706589119,358.13994780111034,4,0,91,205
377.45833534031954,361.8902951054441,364.4994227237874,373.42579820786887,355.52278480887463,374.2443706589119,4,0,92,204
351.59700284511706,377.45833534031954,361.8902951054441,364.4994227237874,373.42579820786887,355.52278480887463,4,0,93,203
385.19319414868767,351.59700284511706,377.45833534031954,361.8902951054441,364.4994227237874,373.42579820786887,4,0,94,202
353.04837015886267,385.19319414868767,351.59700284511706,377.45833534031954,361.8902951054441,364.4994227237874,4,0,95,201
384.03580544786746,353.04837015886267,385.19319414868767,351.59700284511706,377.45833534031954,361.8902951054441,4,0,96,200
363.1064093531953,384.03580544786746,353.04837015886267,385.19319414868767,351.59700284511706,377.45833534031954,4,0,97,199
374.3540535802814,363.1064093531953,384.03580544786746,353.04837015886267,385.19319414868767,351.59700284511706,4,0,98,198
378.39037940241417,374.3540535802814,363.1064093531953,384.03580544786746,353.04837015886267,385.19319414868767,4,0,99,197
365.6617118025244,378.39037940241417,374.3540535802814,363.1064093531953,384.03580544786746,353.04837015886267,4,0,100,196
395.2569268958391,365.6617118025244,378.39037940241417,374.3540535802814,363.1064093531953,384.03580544786746,4,0,101,195
363.1738669959038,395.2569268958391,365.6617118025244,378.39037940241417,374.3540535802814,363.1064093531953,4,0,102,194
398.3892281967936,363.1738669959038,395.2569268958391,365.6617118025244,378.39037940241417,374.3540535802814,4,0,103,193
370.87513031954063,398.3892281967936,363.1738669959038,395.2569268958391,365.6617118025244,378.39037940241417,4,0,104,192
389.58035325037076,370.87513031954063,398.3892281967936,363.1738669959038,395.2569268958391,365.6617118025244,4,0,105,191
384.9809815888092,389.58035325037076,370.87513031954063,398.3892281967936,363.1738669959038,395.2569268958391,4,0,106,190
375.26745239591577,384.9809815888092,389.58035325037076,370.87513031954063,398.3892281967936,363.1738669959038,4,0,107,189
395.64801589190506,375.26745239591577,384.9809815888092,389.58035325037076,370.87513031954063,398.3892281967936,4,0,108,188
369.1010516039154,395.64801589190506,375.26745239591577,384.9809815888092,389.58035325037076,370.87513031954063,4,0,109,187
401.00925609430567,369.1010516039154,395.64801589190506,375.26745239591577,384.9809815888092,389.58035325037076,4,0,110,186
365.5687063130238,401.00925609430567,369.1010516039154,395.64801589190506,375.26745239591577,384.9809815888092,4,0,111,185
389.6950936985408,365.5687063130238,401.00925609430567,369.1010516039154,395.64801589190506,375.26745239591577,4,0,112,184
370.87023457302047,389.6950936985408,365.5687063130238,401.00925609430567,369.1010516039154,395.64801589190506,4,0,113,183
372.2268113766683,370.87023457302047,389.6950936985408,365.5687063130238,401.00925609430567,369.1010516039154,4,0,114,182
380.79564959579244,372.2268113766683,370.87023457302047,389.6950936985408,365.5687063130238,401.00925609430567,4,0,115,181
361.5386858496239,380.79564959579244,372.2268113766683,370.87023457302047,389.6950936985408,365.5687063130238,4,0,116,180
389.0722765130436,361.5386858496239,380.79564959579244,372.2268113766683,370.87023457302047,389.6950936985408,4,0,117,179
358.858087560429,389.0722765130436,361.5386858496239,380.79564959579244,372.2268113766683,370.87023457302047,4,0,118,178
387.61361422655506,358.858087560429,389.0722765130436,361.5386858496239,380.79564959579244,372.2268113766683,4,0,119,177
365.55826030703605,387.61361422655506,358.858087560429,389.0722765130436,361.5386858496239,380.79564959579244,4,0,120,176
378.21378453164635,365.55826030703605,387.61361422655506,358.858087560429,389.0722765130436,361.5386858496239,4,0,121,175
377.373559525056,378.21378453164635,365.55826030703605,387.61361422655506,358.858087560429,389.0722765130436,4,0,122,174
369.4512603372294,377.373559525056,378.21378453164635,365.55826030703605,387.61361422655506,358.858087560429,4,0,123,173
385.18430626470257,369.4512603372294,377.373559525056,378.21378453164635,365.55826030703605,387.61361422655506,4,0,124,172
367.1288713793419,385.18430626470257,369.4512603372294,377.373559525056,378.21378453164635,365.55826030703605,4,0,125,171
389.25128147245863,367.1288713793419,385.18430626470257,369.4512603372294,377.373559525056,378.21378453164635,4,0,126,170
372.5103747249013,389.25128147245863,367.1288713793419,385.18430626470257,369.4512603372294,377.373559525056,4,0,127,169
381.6001971080984,372.5103747249013,389.25128147245863,367.1288713793419,385.18430626470257,369.4512603372294,4,0,128,168
383.2909712907558,381.6001971080984,372.5103747249013,389.25128147245863,367.1288713793419,385.18430626470257,4,0,129,167
369.3147210959482,383.2909712907558,381.6001971080984,372.5103747249013,389.25128147245863,367.1288713793419,4,0,130,166
388.11534594077074,369.3147210959482,383.2909712907558,381.6001971080984,372.5103747249013,389.25128147245863,4,0,131,165
372.2941398082516,388.11534594077074,369.3147210959482,383.2909712907558,381.6001971080984,372.5103747249013,4,0,132,164
386.3745578119105,372.2941398082516,388.11534594077074,369.3147210959482,383.2909712907558,381.6001971080984,4,0,133,163
384.33952309139045,386.3745578119105,372.2941398082516,388.11534594077074,369.3147210959482,383.2909712907558,4,0,134,162
379.7417510777659,384.33952309139045,386.3745578119105,372.2941398082516,388.11534594077074,369.3147210959482,4,0,135,161
396.4543560320396,379.7417510777659,384.33952309139045,386.3745578119105,372.2941398082516,388.11534594077074,4,0,136,160
374.6723709638952,396.4543560320396,379.7417510777659,384.33952309139045,386.3745578119105,372.2941398082516,4,0,137,159
401.0475434111345,374.6723709638952,396.4543560320396,379.7417510777659,384.33952309139045,386.3745578119105,4,0,138,158
375.42408454647415,401.0475434111345,374.6723709638952,396.4543560320396,379.7417510777659,384.33952309139045,4,0,139,157
396.3098229230016,375.42408454647415,401.0475434111345,374.6723709638952,396.4543560320396,379.7417510777659,4,0,140,156
377.1698209721979,396.3098229230016,375.42408454647415,401.0475434111345,374.6723709638952,396.4543560320396,4,0,141,155
389.51642279671984,377.1698209721979,396.3098229230016,375.42408454647415,401.0475434111345,374.6723709638952,4,0,142,154
385.05318797113716,389.51642279671984,377.1698209721979,396.3098229230016,375.42408454647415,401.0475434111345,4,0,143,153
381.4077849508519,385.05318797113716,389.51642279671984,377.1698209721979,396.3098229230016,375.42408454647415,4,0,144,152
391.7883724537917,381.4077849508519,385.05318797113716,389.51642279671984,377.1698209721979,396.3098229230016,4,0,145,151
379.9490383156605,391.7883724537917,381.4077849508519,385.05318797113716,389.51642279671984,377.1698209721979,4,0,146,150
393.08801373656144,379.9490383156605,391.7883724537917,381.4077849508519,385.05318797113716,389.51642279671984,4,0,147,149
382.7810576336353,393.08801373656144,379.9490383156605,391.7883724537917,381.4077849508519,385.05318797113716,4,0,148,148
390.42120734194634,382.7810576336353,393.08801373656144,379.9490383156605,391.7883724537917,381.4077849508519,4,0,149,147
389.5107094451272,390.42120734194634,382.7810576336353,393.08801373656144,379.9490383156605,391.7883724537917,4,0,150,146
381.11848167151487,389.5107094451272,390.42120734194634,382.7810576336353,393.08801373656144,379.9490383156605,4,0,151,145
392.2840710947017,381.11848167151487,389.5107094451272,390.42120734194634,382.7810576336353,393.08801373656144,4,0,152,144
380.0673361330054,392.2840710947017,381.11848167151487,389.5107094451272,390.42120734194634,382.7810576336353,4,0,153,143
391.88723874504564,380.0673361330054,392.2840710947017,381.11848167151487,389.5107094451272,390.42120734194634,4,0,154,142
383.52854217393036,391.88723874504564,380.0673361330054,392.2840710947017,381.11848167151487,389.5107094451272,4,0,155,141
384.74190617712463,383.52854217393036,391.88723874504564,380.0673361330054,392.2840710947017,381.11848167151487,4,0,156,140
391.85778408100487,384.74190617712463,383.52854217393036,391.88723874504564,380.0673361330054,392.2840710947017,4,0,157,139
372.7151483927816,391.85778408100487,384.74190617712463,383.52854217393036,391.88723874504564,380.0673361330054,4,0,158,138
404.03760039622614,372.7151483927816,391.85778408100487,384.74190617712463,383.52854217393036,391.88723874504564,4,0,159,137
373.3877088060201,404.03760039622614,372.7151483927816,391.85778408100487,384.74190617712463,383.52854217393036,4,0,160,136
403.2046784364096,373.3877088060201,404.03760039622614,372.7151483927816,391.85778408100487,384.74190617712463,4,0,161,135
379.45139141663265,403.2046784364096,373.3877088060201,404.03760039622614,372.7151483927816,391.85778408100487,4,0,162,134
399.6605307277053,379.45139141663265,403.2046784364096,373.3877088060201,404.03760039622614,372.7151483927816,4,0,163,133
395.9078769061601,399.6605307277053,379.45139141663265,403.2046784364096,373.3877088060201,404.03760039622614,4,0,164,132
391.8980635607151,395.9078769061601,399.6605307277053,379.45139141663265,403.2046784364096,373.3877088060201,4,0,165,131
411.2726405193882,391.8980635607151,395.9078769061601,399.6605307277053,379.45139141663265,403.2046784364096,4,0,166,130
387.1194076686904,411.2726405193882,391.8980635607151,395.9078769061601,399.6605307277053,379.45139141663265,4,0,167,129
412.34838746679424,387.1194076686904,411.2726405193882,391.8980635607151,395.9078769061601,399.6605307277053,4,0,168,128
388.43753342933775,412.34838746679424,387.1194076686904,411.2726405193882,391.8980635607151,395.9078769061601,4,0,169,127
409.14743229116755,388.43753342933775,412.34838746679424,387.1194076686904,411.2726405193882,391.8980635607151,4,0,170,126
398.8906349659461,409.14743229116755,388.43753342933775,412.34838746679424,387.1194076686904,411.2726405193882,4,0,171,125
404.79829644222866,398.8906349659461,409.14743229116755,388.43753342933775,412.34838746679424,387.1194076686904,4,0,172,124
412.6805680322603,404.79829644222866,398.8906349659461,409.14743229116755,388.43753342933775,412.34838746679424,4,0,173,123
397.57161623514264,412.6805680322603,404.79829644222866,398.8906349659461,409.14743229116755,388.43753342933775,4,0,174,122
425.47873851588145,397.57161623514264,412.6805680322603,404.79829644222866,398.8906349659461,409.14743229116755,4,0,175,121
398.7829747430892,425.47873851588145,397.57161623514264,412.6805680322603,404.79829644222866,398.8906349659461,4,0,176,120
420.0710738810181,398.7829747430892,425.47873851588145,397.57161623514264,412.6805680322603,404.79829644222866,4,0,177,119
409.63959084711564,420.0710738810181,398.7829747430892,425.47873851588145,397.57161623514264,412.6805680322603,4,0,178,118
415.8758921949361,409.63959084711564,420.0710738810181,398.7829747430892,425.47873851588145,397.57161623514264,4,0,179,117
419.50803505362546,415.8758921949361,409.63959084711564,420.0710738810181,398.7829747430892,425.47873851588145,4,0,180,116
405.00802805427924,419.50803505362546,415.8758921949361,409.63959084711564,420.0710738810181,398.7829747430892,4,0,181,115
424.64738436093955,405.00802805427924,419.50803505362546,415.8758921949361,409.63959084711564,420.0710738810181,4,0,182,114
402.9750494974956,424.64738436093955,405.00802805427924,419.50803505362546,415.8758921949361,409.63959084711564,4,0,183,113
421.87758779567247,402.9750494974956,424.64738436093955,405.00802805427924,419.50803505362546,415.8758921949361,4,0,184,112
403.1352837962159,421.87758779567247,402.9750494974956,424.64738436093955,405.00802805427924,419.50803505362546,4,0,185,111
413.9009591258342,403.1352837962159,421.87758779567247,402.9750494974956,424.64738436093955,405.00802805427924,4,0,186,110
409.9027640118603,413.9009591258342,403.1352837962159,421.87758779567247,402.9750494974956,424.64738436093955,4,0,187,109
402.968706151362,409.9027640118603,413.9009591258342,403.1352837962159,421.87758779567247,402.9750494974956,4,0,188,108
411.6920430694001,402.968706151362,409.9027640118603,413.9009591258342,403.1352837962159,421.87758779567247,4,0,189,107
401.53515171908623,411.6920430694001,402.968706151362,409.9027640118603,413.9009591258342,403.1352837962159,4,0,190,106
408.2568280421365,401.53515171908623,411.6920430694001,402.968706151362,409.9027640118603,413.9009591258342,4,0,191,105
396.11426509635913,408.2568280421365,401.53515171908623,411.6920430694001,402.968706151362,409.9027640118603,4,0,192,104
401.2448512257255,396.11426509635913,408.2568280421365,401.53515171908623,411.6920430694001,402.968706151362,4,0,193,103
396.08249482802273,401.2448512257255,396.11426509635913,408.2568280421365,401.53515171908623,411.6920430694001,4,0,194,102
397.41344149189524,396.08249482802273,401.2448512257255,396.11426509635913,408.2568280421365,401.53515171908623,4,0,195,101
401.41440299940155,397.41344149189524,396.08249482802273,401.2448512257255,396.11426509635913,408.2568280421365,4,0,196,100
