t,t-1,t-2,t-3,t-4,t-5,concept,transition,steps_since_bkp,steps_to_bkp
0.09132109607956229,1.1845322020673903,0.23491406030395462,-1.6433342358254073,0.5648180898884675,-0.014877890200035073,1,0,100,400
1.2424897019103693,0.09132109607956229,1.1845322020673903,0.23491406030395462,-1.6433342358254073,0.5648180898884675,1,0,101,399
1.739487389595863,1.2424897019103693,0.09132109607956229,1.1845322020673903,0.23491406030395462,-1.6433342358254073,1,0,102,398
0.535390031497263,1.739487389595863,1.2424897019103693,0.09132109607956229,1.1845322020673903,0.23491406030395462,1,0,103,397
0.8737322986644577,0.535390031497263,1.739487389595863,1.2424897019103693,0.09132109607956229,1.1845322020673903,1,0,104,396
1.144616048831149,0.8737322986644577,0.535390031497263,1.739487389595863,1.2424897019103693,0.09132109607956229,1,0,105,395
0.7087204830427777,1.144616048831149,0.8737322986644577,0.535390031497263,1.739487389595863,1.2424897019103693,1,0,106,394
1.1535794314857055,0.7087204830427777,1.144616048831149,0.8737322986644577,0.535390031497263,1.739487389595863,1,0,107,393
0.956013309486039,1.1535794314857055,0.7087204830427777,1.144616048831149,0.8737322986644577,0.535390031497263,1,0,108,392
1.0331089341704538,0.956013309486039,1.1535794314857055,0.7087204830427777,1.144616048831149,0.8737322986644577,1,0,109,391
0.6171180035451289,1.0331089341704538,0.956013309486039,1.1535794314857055,0.7087204830427777,1.144616048831149,1,0,110,390
0.9677148862375483,0.6171180035451289,1.0331089341704538,0.956013309486039,1.1535794314857055,0.7087204830427777,1,0,111,389
1.2188068410803885,0.9677148862375483,0.6171180035451289,1.0331089341704538,0.956013309486039,1.1535794314857055,1,0,112,388
0.5785947183684217,1.2188068410803885,0.9677148862375483,0.6171180035451289,1.0331089341704538,0.956013309486039,1,0,113,387
1.2961552008278714,0.5785947183684217,1.2188068410803885,0.9677148862375483,0.6171180035451289,1.0331089341704538,1,0,114,386
1.001677950900267,1.2961552008278714,0.5785947183684217,1.2188068410803885,0.9677148862375483,0.6171180035451289,1,0,115,385
0.7647731408258147,1.001677950900267,1.2961552008278714,0.5785947183684217,1.2188068410803885,0.9677148862375483,1,0,116,384
1.4810409305334788,0.7647731408258147,1.001677950900267,1.2961552008278714,0.5785947183684217,1.2188068410803885,1,0,117,383
1.1953982695002257,1.4810409305334788,0.7647731408258147,1.001677950900267,1.2961552008278714,0.5785947183684217,1,0,118,382
1.037628567061505,1.1953982695002257,1.4810409305334788,0.7647731408258147,1.001677950900267,1.2961552008278714,1,0,119,381
0.7498291662787595,1.037628567061505,1.1953982695002257,1.4810409305334788,0.7647731408258147,1.001677950900267,1,0,120,380
0.7173393500572556,0.7498291662787595,1.037628567061505,1.1953982695002257,1.4810409305334788,0.7647731408258147,1,0,121,379
0.6307648646799137,0.7173393500572556,0.7498291662787595,1.037628567061505,1.1953982695002257,1.4810409305334788,1,0,122,378
0.21626612839779502,0.6307648646799137,0.7173393500572556,0.7498291662787595,1.037628567061505,1.1953982695002257,1,0,123,377
0.4708680467128913,0.21626612839779502,0.6307648646799137,0.7173393500572556,0.7498291662787595,1.037628567061505,1,0,124,376
1.276565305856938,0.4708680467128913,0.21626612839779502,0.6307648646799137,0.7173393500572556,0.7498291662787595,1,0,125,375
1.2381156147258432,1.276565305856938,0.4708680467128913,0.21626612839779502,0.6307648646799137,0.7173393500572556,1,0,126,374
1.7534283888685054,1.2381156147258432,1.276565305856938,0.4708680467128913,0.21626612839779502,0.6307648646799137,1,0,127,373
3.729624365963927,1.7534283888685054,1.2381156147258432,1.276565305856938,0.4708680467128913,0.21626612839779502,1,0,128,372
3.3223702495621996,3.729624365963927,1.7534283888685054,1.2381156147258432,1.276565305856938,0.4708680467128913,1,0,129,371
3.105738240922172,3.3223702495621996,3.729624365963927,1.7534283888685054,1.2381156147258432,1.276565305856938,1,0,130,370
4.229504674502603,3.105738240922172,3.3223702495621996,3.729624365963927,1.7534283888685054,1.2381156147258432,1,0,131,369
3.996781572640513,4.229504674502603,3.105738240922172,3.3223702495621996,3.729624365963927,1.7534283888685054,1,0,132,368
4.404577782697958,3.996781572640513,4.229504674502603,3.105738240922172,3.3223702495621996,3.729624365963927,1,0,133,367
4.973594865902179,4.404577782697958,3.996781572640513,4.229504674502603,3.105738240922172,3.3223702495621996,1,0,134,366
4.56294952489411,4.973594865902179,4.404577782697958,3.996781572640513,4.229504674502603,3.105738240922172,1,0,135,365
4.384426727259943,4.56294952489411,4.973594865902179,4.404577782697958,3.996781572640513,4.229504674502603,1,0,136,364
5.0278749306693005,4.384426727259943,4.56294952489411,4.973594865902179,4.404577782697958,3.996781572640513,1,0,137,363
4.763790554933738,5.0278749306693005,4.384426727259943,4.56294952489411,4.973594865902179,4.404577782697958,1,0,138,362
4.3608396586236475,4.763790554933738,5.0278749306693005,4.384426727259943,4.56294952489411,4.973594865902179,1,0,139,361
5.593265671652398,4.3608396586236475,4.763790554933738,5.0278749306693005,4.384426727259943,4.56294952489411,1,0,140,360
5.015874898295381,5.593265671652398,4.3608396586236475,4.763790554933738,5.0278749306693005,4.384426727259943,1,0,141,359
5.129842979945484,5.015874898295381,5.593265671652398,4.3608396586236475,4.763790554933738,5.0278749306693005,1,0,142,358
5.558617284541174,5.129842979945484,5.015874898295381,5.593265671652398,4.3608396586236475,4.763790554933738,1,0,143,357
4.077315422028306,5.558617284541174,5.129842979945484,5.015874898295381,5.593265671652398,4.3608396586236475,1,0,144,356
4.629950876170151,4.077315422028306,5.558617284541174,5.129842979945484,5.015874898295381,5.593265671652398,1,0,145,355
5.254224809974332,4.629950876170151,4.077315422028306,5.558617284541174,5.129842979945484,5.015874898295381,1,0,146,354
3.9770505919904373,5.254224809974332,4.629950876170151,4.077315422028306,5.558617284541174,5.129842979945484,1,0,147,353
4.830134599025473,3.9770505919904373,5.254224809974332,4.629950876170151,4.077315422028306,5.558617284541174,1,0,148,352
5.133790350593204,4.830134599025473,3.9770505919904373,5.254224809974332,4.629950876170151,4.077315422028306,1,0,149,351
4.660535104377074,5.133790350593204,4.830134599025473,3.9770505919904373,5.254224809974332,4.629950876170151,1,0,150,350
5.071131526709755,4.660535104377074,5.133790350593204,4.830134599025473,3.9770505919904373,5.254224809974332,1,0,151,349
5.102831187721374,5.071131526709755,4.660535104377074,5.133790350593204,4.830134599025473,3.9770505919904373,1,0,152,348
4.93799268065635,5.102831187721374,5.071131526709755,4.660535104377074,5.133790350593204,4.830134599025473,1,0,153,347
4.968577537531475,4.93799268065635,5.102831187721374,5.071131526709755,4.660535104377074,5.133790350593204,1,0,154,346
5.104044667589237,4.968577537531475,4.93799268065635,5.102831187721374,5.071131526709755,4.660535104377074,1,0,155,345
4.7663826782272345,5.104044667589237,4.968577537531475,4.93799268065635,5.102831187721374,5.071131526709755,1,0,156,344
3.81936852945752,4.7663826782272345,5.104044667589237,4.968577537531475,4.93799268065635,5.102831187721374,1,0,157,343
4.847007778554393,3.81936852945752,4.7663826782272345,5.104044667589237,4.968577537531475,4.93799268065635,1,0,158,342
4.427758105239571,4.847007778554393,3.81936852945752,4.7663826782272345,5.104044667589237,4.968577537531475,1,0,159,341
3.5987846233478593,4.427758105239571,4.847007778554393,3.81936852945752,4.7663826782272345,5.104044667589237,1,0,160,340
4.860136805243744,3.5987846233478593,4.427758105239571,4.847007778554393,3.81936852945752,4.7663826782272345,1,0,161,339
5.033880303474738,4.860136805243744,3.5987846233478593,4.427758105239571,4.847007778554393,3.81936852945752,1,0,162,338
3.8157119866573934,5.033880303474738,4.860136805243744,3.5987846233478593,4.427758105239571,4.847007778554393,1,0,163,337
4.0727932299511975,3.8157119866573934,5.033880303474738,4.860136805243744,3.5987846233478593,4.427758105239571,1,0,164,336
4.312226287149307,4.0727932299511975,3.8157119866573934,5.033880303474738,4.860136805243744,3.5987846233478593,1,0,165,335
3.3630312375095732,4.312226287149307,4.0727932299511975,3.8157119866573934,5.033880303474738,4.860136805243744,1,0,166,334
4.042287963495284,3.3630312375095732,4.312226287149307,4.0727932299511975,3.8157119866573934,5.033880303474738,1,0,167,333
4.563571568021347,4.042287963495284,3.3630312375095732,4.312226287149307,4.0727932299511975,3.8157119866573934,1,0,168,332
3.7972442390702454,4.563571568021347,4.042287963495284,3.3630312375095732,4.312226287149307,4.0727932299511975,1,0,169,331
3.309448446121018,3.7972442390702454,4.563571568021347,4.042287963495284,3.3630312375095732,4.312226287149307,1,0,170,330
4.933933396024882,3.309448446121018,3.7972442390702454,4.563571568021347,4.042287963495284,3.3630312375095732,1,0,171,329
4.4521586961789215,4.933933396024882,3.309448446121018,3.7972442390702454,4.563571568021347,4.042287963495284,1,0,172,328
3.9262958307634683,4.4521586961789215,4.933933396024882,3.309448446121018,3.7972442390702454,4.563571568021347,1,0,173,327
4.742607678240648,3.9262958307634683,4.4521586961789215,4.933933396024882,3.309448446121018,3.7972442390702454,1,0,174,326
4.572583915109483,4.742607678240648,3.9262958307634683,4.4521586961789215,4.933933396024882,3.309448446121018,1,0,175,325
4.945659430577612,4.572583915109483,4.742607678240648,3.9262958307634683,4.4521586961789215,4.933933396024882,1,0,176,324
5.17274445779188,4.945659430577612,4.572583915109483,4.742607678240648,3.9262958307634683,4.4521586961789215,1,0,177,323
4.7177512255763405,5.17274445779188,4.945659430577612,4.572583915109483,4.742607678240648,3.9262958307634683,1,0,178,322
5.222620371387084,4.7177512255763405,5.17274445779188,4.945659430577612,4.572583915109483,4.742607678240648,1,0,179,321
4.958568498797694,5.222620371387084,4.7177512255763405,5.17274445779188,4.945659430577612,4.572583915109483,1,0,180,320
4.90116581851125,4.958568498797694,5.222620371387084,4.7177512255763405,5.17274445779188,4.945659430577612,1,0,181,319
6.105270911362265,4.90116581851125,4.958568498797694,5.222620371387084,4.7177512255763405,5.17274445779188,1,0,182,318
5.485626202981959,6.105270911362265,4.90116581851125,4.958568498797694,5.222620371387084,4.7177512255763405,1,0,183,317
5.038533175161387,5.485626202981959,6.105270911362265,4.90116581851125,4.958568498797694,5.222620371387084,1,0,184,316
5.463626146550132,5.038533175161387,5.485626202981959,6.105270911362265,4.90116581851125,4.958568498797694,1,0,185,315
4.582704999584326,5.463626146550132,5.038533175161387,5.485626202981959,6.105270911362265,4.90116581851125,1,0,186,314
4.241375603097445,4.582704999584326,5.463626146550132,5.038533175161387,5.485626202981959,6.105270911362265,1,0,187,313
5.07243355817789,4.241375603097445,4.582704999584326,5.463626146550132,5.038533175161387,5.485626202981959,1,0,188,312
4.129259601581407,5.07243355817789,4.241375603097445,4.582704999584326,5.463626146550132,5.038533175161387,1,0,189,311
3.728693222892217,4.129259601581407,5.07243355817789,4.241375603097445,4.582704999584326,5.463626146550132,1,0,190,310
4.736988001594833,3.728693222892217,4.129259601581407,5.07243355817789,4.241375603097445,4.582704999584326,1,0,191,309
3.8089255831145348,4.736988001594833,3.728693222892217,4.129259601581407,5.07243355817789,4.241375603097445,1,0,192,308
3.5009343890759053,3.8089255831145348,4.736988001594833,3.728693222892217,4.129259601581407,5.07243355817789,1,0,193,307
3.8301283425086043,3.5009343890759053,3.8089255831145348,4.736988001594833,3.728693222892217,4.129259601581407,1,0,194,306
3.454859810281824,3.8301283425086043,3.5009343890759053,3.8089255831145348,4.736988001594833,3.728693222892217,1,0,195,305
2.700293206651568,3.454859810281824,3.8301283425086043,3.5009343890759053,3.8089255831145348,4.736988001594833,1,0,196,304
3.334449632099874,2.700293206651568,3.454859810281824,3.8301283425086043,3.5009343890759053,3.8089255831145348,1,0,197,303
3.8152680113118977,3.334449632099874,2.700293206651568,3.454859810281824,3.8301283425086043,3.5009343890759053,1,0,198,302
2.8325563161885547,3.8152680113118977,3.334449632099874,2.700293206651568,3.454859810281824,3.8301283425086043,1,0,199,301
3.1069400464618067,2.8325563161885547,3.8152680113118977,3.334449632099874,2.700293206651568,3.454859810281824,1,0,200,300
3.4312264159310697,3.1069400464618067,2.8325563161885547,3.8152680113118977,3.334449632099874,2.700293206651568,1,0,201,299
2.7493910958831655,3.4312264159310697,3.1069400464618067,2.8325563161885547,3.8152680113118977,3.334449632099874,1,0,202,298
3.014028713207992,2.7493910958831655,3.4312264159310697,3.1069400464618067,2.8325563161885547,3.8152680113118977,1,0,203,297
3.5008338894271347,3.014028713207992,2.7493910958831655,3.4312264159310697,3.1069400464618067,2.8325563161885547,1,0,204,296
2.53834799271984,3.5008338894271347,3.014028713207992,2.7493910958831655,3.4312264159310697,3.1069400464618067,1,0,205,295
2.8399445086813433,2.53834799271984,3.5008338894271347,3.014028713207992,2.7493910958831655,3.4312264159310697,1,0,206,294
3.6360043346432622,2.8399445086813433,2.53834799271984,3.5008338894271347,3.014028713207992,2.7493910958831655,1,0,207,293
2.786656649267969,3.6360043346432622,2.8399445086813433,2.53834799271984,3.5008338894271347,3.014028713207992,1,0,208,292
2.9151799612105957,2.786656649267969,3.6360043346432622,2.8399445086813433,2.53834799271984,3.5008338894271347,1,0,209,291
3.205862148649073,2.9151799612105957,2.786656649267969,3.6360043346432622,2.8399445086813433,2.53834799271984,1,0,210,290
2.7337254480213438,3.205862148649073,2.9151799612105957,2.786656649267969,3.6360043346432622,2.8399445086813433,1,0,211,289
2.398279218224772,2.7337254480213438,3.205862148649073,2.9151799612105957,2.786656649267969,3.6360043346432622,1,0,212,288
2.181271572146604,2.398279218224772,2.7337254480213438,3.205862148649073,2.9151799612105957,2.786656649267969,1,0,213,287
3.0029116550348403,2.181271572146604,2.398279218224772,2.7337254480213438,3.205862148649073,2.9151799612105957,1,0,214,286
3.949421778643635,3.0029116550348403,2.181271572146604,2.398279218224772,2.7337254480213438,3.205862148649073,1,0,215,285
3.84524268178337,3.949421778643635,3.0029116550348403,2.181271572146604,2.398279218224772,2.7337254480213438,1,0,216,284
4.923355125825567,3.84524268178337,3.949421778643635,3.0029116550348403,2.181271572146604,2.398279218224772,1,0,217,283
5.802646515616824,4.923355125825567,3.84524268178337,3.949421778643635,3.0029116550348403,2.181271572146604,1,0,218,282
6.159004293655004,5.802646515616824,4.923355125825567,3.84524268178337,3.949421778643635,3.0029116550348403,1,0,219,281
6.980382130620697,6.159004293655004,5.802646515616824,4.923355125825567,3.84524268178337,3.949421778643635,1,0,220,280
7.430223897847145,6.980382130620697,6.159004293655004,5.802646515616824,4.923355125825567,3.84524268178337,1,0,221,279
8.413074475641535,7.430223897847145,6.980382130620697,6.159004293655004,5.802646515616824,4.923355125825567,1,0,222,278
8.496530777780661,8.413074475641535,7.430223897847145,6.980382130620697,6.159004293655004,5.802646515616824,1,0,223,277
8.25402385460845,8.496530777780661,8.413074475641535,7.430223897847145,6.980382130620697,6.159004293655004,1,0,224,276
7.552135717097498,8.25402385460845,8.496530777780661,8.413074475641535,7.430223897847145,6.980382130620697,1,0,225,275
7.31353453697013,7.552135717097498,8.25402385460845,8.496530777780661,8.413074475641535,7.430223897847145,1,0,226,274
7.720604878746592,7.31353453697013,7.552135717097498,8.25402385460845,8.496530777780661,8.413074475641535,1,0,227,273
7.981477721427171,7.720604878746592,7.31353453697013,7.552135717097498,8.25402385460845,8.496530777780661,1,0,228,272
7.503302131803125,7.981477721427171,7.720604878746592,7.31353453697013,7.552135717097498,8.25402385460845,1,0,229,271
6.756522567381443,7.503302131803125,7.981477721427171,7.720604878746592,7.31353453697013,7.552135717097498,1,0,230,270
7.13800192581252,6.756522567381443,7.503302131803125,7.981477721427171,7.720604878746592,7.31353453697013,1,0,231,269
7.262235943624206,7.13800192581252,6.756522567381443,7.503302131803125,7.981477721427171,7.720604878746592,1,0,232,268
6.597045736657767,7.262235943624206,7.13800192581252,6.756522567381443,7.503302131803125,7.981477721427171,1,0,233,267
7.865853771626326,6.597045736657767,7.262235943624206,7.13800192581252,6.756522567381443,7.503302131803125,1,0,234,266
8.474988690073335,7.865853771626326,6.597045736657767,7.262235943624206,7.13800192581252,6.756522567381443,1,0,235,265
7.837343384654196,8.474988690073335,7.865853771626326,6.597045736657767,7.262235943624206,7.13800192581252,1,0,236,264
8.680230408190132,7.837343384654196,8.474988690073335,7.865853771626326,6.597045736657767,7.262235943624206,1,0,237,263
9.019980038426619,8.680230408190132,7.837343384654196,8.474988690073335,7.865853771626326,6.597045736657767,1,0,238,262
8.314290799994549,9.019980038426619,8.680230408190132,7.837343384654196,8.474988690073335,7.865853771626326,1,0,239,261
8.269630962451398,8.314290799994549,9.019980038426619,8.680230408190132,7.837343384654196,8.474988690073335,1,0,240,260
8.357372997473883,8.269630962451398,8.314290799994549,9.019980038426619,8.680230408190132,7.837343384654196,1,0,241,259
7.888805782017268,8.357372997473883,8.269630962451398,8.314290799994549,9.019980038426619,8.680230408190132,1,0,242,258
8.091642577535413,7.888805782017268,8.357372997473883,8.269630962451398,8.314290799994549,9.019980038426619,1,0,243,257
7.973668797007325,8.091642577535413,7.888805782017268,8.357372997473883,8.269630962451398,8.314290799994549,1,0,244,256
7.436253536400859,7.973668797007325,8.091642577535413,7.888805782017268,8.357372997473883,8.269630962451398,1,0,245,255
7.424390725202824,7.436253536400859,7.973668797007325,8.091642577535413,7.888805782017268,8.357372997473883,1,0,246,254
8.208161990584532,7.424390725202824,7.436253536400859,7.973668797007325,8.091642577535413,7.888805782017268,1,0,247,253
7.783358575861589,8.208161990584532,7.424390725202824,7.436253536400859,7.973668797007325,8.091642577535413,1,0,248,252
7.763433966810312,7.783358575861589,8.208161990584532,7.424390725202824,7.436253536400859,7.973668797007325,1,0,249,251
9.59370928340431,7.763433966810312,7.783358575861589,8.208161990584532,7.424390725202824,7.436253536400859,1,0,250,250
9.32308114983779,9.59370928340431,7.763433966810312,7.783358575861589,8.208161990584532,7.424390725202824,1,0,251,249
9.34117493977184,9.32308114983779,9.59370928340431,7.763433966810312,7.783358575861589,8.208161990584532,1,0,252,248
10.480403790493792,9.34117493977184,9.32308114983779,9.59370928340431,7.763433966810312,7.783358575861589,1,0,253,247
10.091622772475365,10.480403790493792,9.34117493977184,9.32308114983779,9.59370928340431,7.763433966810312,1,0,254,246
9.894698772595806,10.091622772475365,10.480403790493792,9.34117493977184,9.32308114983779,9.59370928340431,1,0,255,245
9.802404936539805,9.894698772595806,10.091622772475365,10.480403790493792,9.34117493977184,9.32308114983779,1,0,256,244
9.783011131140476,9.802404936539805,9.894698772595806,10.091622772475365,10.480403790493792,9.34117493977184,1,0,257,243
9.00700737723661,9.783011131140476,9.802404936539805,9.894698772595806,10.091622772475365,10.480403790493792,1,0,258,242
9.52194751633006,9.00700737723661,9.783011131140476,9.802404936539805,9.894698772595806,10.091622772475365,1,0,259,241
9.150484785917723,9.52194751633006,9.00700737723661,9.783011131140476,9.802404936539805,9.894698772595806,1,0,260,240
7.7175469276575726,9.150484785917723,9.52194751633006,9.00700737723661,9.783011131140476,9.802404936539805,1,0,261,239
7.649328163312506,7.7175469276575726,9.150484785917723,9.52194751633006,9.00700737723661,9.783011131140476,1,0,262,238
7.8687695360362415,7.649328163312506,7.7175469276575726,9.150484785917723,9.52194751633006,9.00700737723661,1,0,263,237
7.651034277508887,7.8687695360362415,7.649328163312506,7.7175469276575726,9.150484785917723,9.52194751633006,1,0,264,236
7.990692183646266,7.651034277508887,7.8687695360362415,7.649328163312506,7.7175469276575726,9.150484785917723,1,0,265,235
8.159647925924867,7.990692183646266,7.651034277508887,7.8687695360362415,7.649328163312506,7.7175469276575726,1,0,266,234
8.225833072351612,8.159647925924867,7.990692183646266,7.651034277508887,7.8687695360362415,7.649328163312506,1,0,267,233
7.916023193299481,8.225833072351612,8.159647925924867,7.990692183646266,7.651034277508887,7.8687695360362415,1,0,268,232
8.026930522727628,7.916023193299481,8.225833072351612,8.159647925924867,7.990692183646266,7.651034277508887,1,0,269,231
8.474120847077755,8.026930522727628,7.916023193299481,8.225833072351612,8.159647925924867,7.990692183646266,1,0,270,230
8.675516663996271,8.474120847077755,8.026930522727628,7.916023193299481,8.225833072351612,8.159647925924867,1,0,271,229
8.589593058029545,8.675516663996271,8.474120847077755,8.026930522727628,7.916023193299481,8.225833072351612,1,0,272,228
8.435453196196452,8.589593058029545,8.675516663996271,8.474120847077755,8.026930522727628,7.916023193299481,1,0,273,227
7.681553170792946,8.435453196196452,8.589593058029545,8.675516663996271,8.474120847077755,8.026930522727628,1,0,274,226
8.004813982283988,7.681553170792946,8.435453196196452,8.589593058029545,8.675516663996271,8.474120847077755,1,0,275,225
8.317788512771264,8.004813982283988,7.681553170792946,8.435453196196452,8.589593058029545,8.675516663996271,1,0,276,224
8.548517690044566,8.317788512771264,8.004813982283988,7.681553170792946,8.435453196196452,8.589593058029545,1,0,277,223
8.933641136992598,8.548517690044566,8.317788512771264,8.004813982283988,7.681553170792946,8.435453196196452,1,0,278,222
8.85419411590529,8.933641136992598,8.548517690044566,8.317788512771264,8.004813982283988,7.681553170792946,1,0,279,221
8.992123307917675,8.85419411590529,8.933641136992598,8.548517690044566,8.317788512771264,8.004813982283988,1,0,280,220
8.39945782389676,8.992123307917675,8.85419411590529,8.933641136992598,8.548517690044566,8.317788512771264,1,0,281,219
8.416159434053526,8.39945782389676,8.992123307917675,8.85419411590529,8.933641136992598,8.548517690044566,1,0,282,218
8.822346837949596,8.416159434053526,8.39945782389676,8.992123307917675,8.85419411590529,8.933641136992598,1,0,283,217
8.572508193360747,8.822346837949596,8.416159434053526,8.39945782389676,8.992123307917675,8.85419411590529,1,0,284,216
7.832201706904473,8.572508193360747,8.822346837949596,8.416159434053526,8.39945782389676,8.992123307917675,1,0,285,215
7.202324772252238,7.832201706904473,8.572508193360747,8.822346837949596,8.416159434053526,8.39945782389676,1,0,286,214
6.915152323490889,7.202324772252238,7.832201706904473,8.572508193360747,8.822346837949596,8.416159434053526,1,0,287,213
7.199282488018721,6.915152323490889,7.202324772252238,7.832201706904473,8.572508193360747,8.822346837949596,1,0,288,212
7.536513556640909,7.199282488018721,6.915152323490889,7.202324772252238,7.832201706904473,8.572508193360747,1,0,289,211
7.913025464159756,7.536513556640909,7.199282488018721,6.915152323490889,7.202324772252238,7.832201706904473,1,0,290,210
8.760652202968597,7.913025464159756,7.536513556640909,7.199282488018721,6.915152323490889,7.202324772252238,1,0,291,209
9.043694346207213,8.760652202968597,7.913025464159756,7.536513556640909,7.199282488018721,6.915152323490889,1,0,292,208
9.052098111386629,9.043694346207213,8.760652202968597,7.913025464159756,7.536513556640909,7.199282488018721,1,0,293,207
10.031113676941253,9.052098111386629,9.043694346207213,8.760652202968597,7.913025464159756,7.536513556640909,1,0,294,206
9.707991577953699,10.031113676941253,9.052098111386629,9.043694346207213,8.760652202968597,7.913025464159756,1,0,295,205
9.191418097015713,9.707991577953699,10.031113676941253,9.052098111386629,9.043694346207213,8.760652202968597,1,0,296,204
10.021530253916003,9.191418097015713,9.707991577953699,10.031113676941253,9.052098111386629,9.043694346207213,1,0,297,203
10.682734319297833,10.021530253916003,9.191418097015713,9.707991577953699,10.031113676941253,9.052098111386629,1,0,298,202
10.186554607248938,10.682734319297833,10.021530253916003,9.191418097015713,9.707991577953699,10.031113676941253,1,0,299,201
10.965324394398593,10.186554607248938,10.682734319297833,10.021530253916003,9.191418097015713,9.707991577953699,1,0,300,200
11.228264685767453,10.965324394398593,10.186554607248938,10.682734319297833,10.021530253916003,9.191418097015713,1,0,301,199
11.48012617205703,11.228264685767453,10.965324394398593,10.186554607248938,10.682734319297833,10.021530253916003,1,0,302,198
12.07357645704622,11.48012617205703,11.228264685767453,10.965324394398593,10.186554607248938,10.682734319297833,1,0,303,197
11.637441000412093,12.07357645704622,11.48012617205703,11.228264685767453,10.965324394398593,10.186554607248938,1,0,304,196
11.75441267821864,11.637441000412093,12.07357645704622,11.48012617205703,11.228264685767453,10.965324394398593,1,0,305,195
12.464880096396813,11.75441267821864,11.637441000412093,12.07357645704622,11.48012617205703,11.228264685767453,1,0,306,194
11.886936762169501,12.464880096396813,11.75441267821864,11.637441000412093,12.07357645704622,11.48012617205703,1,0,307,193
11.658739299436549,11.886936762169501,12.464880096396813,11.75441267821864,11.637441000412093,12.07357645704622,1,0,308,192
11.225793129356116,11.658739299436549,11.886936762169501,12.464880096396813,11.75441267821864,11.637441000412093,1,0,309,191
10.898860009846723,11.225793129356116,11.658739299436549,11.886936762169501,12.464880096396813,11.75441267821864,1,0,310,190
10.381429239261001,10.898860009846723,11.225793129356116,11.658739299436549,11.886936762169501,12.464880096396813,1,0,311,189
10.241339997445332,10.381429239261001,10.898860009846723,11.225793129356116,11.658739299436549,11.886936762169501,1,0,312,188
10.558337493143727,10.241339997445332,10.381429239261001,10.898860009846723,11.225793129356116,11.658739299436549,1,0,313,187
10.668714249769291,10.558337493143727,10.241339997445332,10.381429239261001,10.898860009846723,11.225793129356116,1,0,314,186
12.32869020037392,10.668714249769291,10.558337493143727,10.241339997445332,10.381429239261001,10.898860009846723,1,0,315,185
12.814213621978272,12.32869020037392,10.668714249769291,10.558337493143727,10.241339997445332,10.381429239261001,1,0,316,184
12.141892447596675,12.814213621978272,12.32869020037392,10.668714249769291,10.558337493143727,10.241339997445332,1,0,317,183
12.785689253743408,12.141892447596675,12.814213621978272,12.32869020037392,10.668714249769291,10.558337493143727,1,0,318,182
12.830506149810823,12.785689253743408,12.141892447596675,12.814213621978272,12.32869020037392,10.668714249769291,1,0,319,181
12.327927835462228,12.830506149810823,12.785689253743408,12.141892447596675,12.814213621978272,12.32869020037392,1,0,320,180
11.885711398765217,12.327927835462228,12.830506149810823,12.785689253743408,12.141892447596675,12.814213621978272,1,0,321,179
10.719203443468023,11.885711398765217,12.327927835462228,12.830506149810823,12.785689253743408,12.141892447596675,1,0,322,178
11.323537353352734,10.719203443468023,11.885711398765217,12.327927835462228,12.830506149810823,12.785689253743408,1,0,323,177
11.314092504987382,11.323537353352734,10.719203443468023,11.885711398765217,12.327927835462228,12.830506149810823,1,0,324,176
10.845215242800778,11.314092504987382,11.323537353352734,10.719203443468023,11.885711398765217,12.327927835462228,1,0,325,175
11.750611015296219,10.845215242800778,11.314092504987382,11.323537353352734,10.719203443468023,11.885711398765217,1,0,326,174
11.88297013593637,11.750611015296219,10.845215242800778,11.314092504987382,11.323537353352734,10.719203443468023,1,0,327,173
11.947550970085143,11.88297013593637,11.750611015296219,10.845215242800778,11.314092504987382,11.323537353352734,1,0,328,172
11.00877112234815,11.947550970085143,11.88297013593637,11.750611015296219,10.845215242800778,11.314092504987382,1,0,329,171
11.826492054046748,11.00877112234815,11.947550970085143,11.88297013593637,11.750611015296219,10.845215242800778,1,0,330,170
12.88991908418846,11.826492054046748,11.00877112234815,11.947550970085143,11.88297013593637,11.750611015296219,1,0,331,169
11.936300484344596,12.88991908418846,11.826492054046748,11.00877112234815,11.947550970085143,11.88297013593637,1,0,332,168
11.640276626455863,11.936300484344596,12.88991908418846,11.826492054046748,11.00877112234815,11.947550970085143,1,0,333,167
12.367297611394513,11.640276626455863,11.936300484344596,12.88991908418846,11.826492054046748,11.00877112234815,1,0,334,166
10.678608571646652,12.367297611394513,11.640276626455863,11.936300484344596,12.88991908418846,11.826492054046748,1,0,335,165
10.406673279693635,10.678608571646652,12.367297611394513,11.640276626455863,11.936300484344596,12.88991908418846,1,0,336,164
11.226818033880974,10.406673279693635,10.678608571646652,12.367297611394513,11.640276626455863,11.936300484344596,1,0,337,163
9.453917058303254,11.226818033880974,10.406673279693635,10.678608571646652,12.367297611394513,11.640276626455863,1,0,338,162
9.724076672832663,9.453917058303254,11.226818033880974,10.406673279693635,10.678608571646652,12.367297611394513,1,0,339,161
10.379385762884114,9.724076672832663,9.453917058303254,11.226818033880974,10.406673279693635,10.678608571646652,1,0,340,160
9.828071741170954,10.379385762884114,9.724076672832663,9.453917058303254,11.226818033880974,10.406673279693635,1,0,341,159
8.99500641092156,9.828071741170954,10.379385762884114,9.724076672832663,9.453917058303254,11.226818033880974,1,0,342,158
8.645875890081998,8.99500641092156,9.828071741170954,10.379385762884114,9.724076672832663,9.453917058303254,1,0,343,157
8.235012232549291,8.645875890081998,8.99500641092156,9.828071741170954,10.379385762884114,9.724076672832663,1,0,344,156
7.215759642682199,8.235012232549291,8.645875890081998,8.99500641092156,9.828071741170954,10.379385762884114,1,0,345,155
8.167526709414426,7.215759642682199,8.235012232549291,8.645875890081998,8.99500641092156,9.828071741170954,1,0,346,154
7.874798540547008,8.167526709414426,7.215759642682199,8.235012232549291,8.645875890081998,8.99500641092156,1,0,347,153
7.500053448985169,7.874798540547008,8.167526709414426,7.215759642682199,8.235012232549291,8.645875890081998,1,0,348,152
7.805500914498089,7.500053448985169,7.874798540547008,8.167526709414426,7.215759642682199,8.235012232549291,1,0,349,151
7.838371160877362,7.805500914498089,7.500053448985169,7.874798540547008,8.167526709414426,7.215759642682199,1,0,350,150
7.924199001055158,7.838371160877362,7.805500914498089,7.500053448985169,7.874798540547008,8.167526709414426,1,0,351,149
7.58859722294347,7.924199001055158,7.838371160877362,7.805500914498089,7.500053448985169,7.874798540547008,1,0,352,148
8.219732193722336,7.58859722294347,7.924199001055158,7.838371160877362,7.805500914498089,7.500053448985169,1,0,353,147
8.853748107840985,8.219732193722336,7.58859722294347,7.924199001055158,7.838371160877362,7.805500914498089,1,0,354,146
7.66220427837287,8.853748107840985,8.219732193722336,7.58859722294347,7.924199001055158,7.838371160877362,1,0,355,145
7.885419710156866,7.66220427837287,8.853748107840985,8.219732193722336,7.58859722294347,7.924199001055158,1,0,356,144
8.892789676413281,7.885419710156866,7.66220427837287,8.853748107840985,8.219732193722336,7.58859722294347,1,0,357,143
7.368488675896563,8.892789676413281,7.885419710156866,7.66220427837287,8.853748107840985,8.219732193722336,1,0,358,142
7.437497589377014,7.368488675896563,8.892789676413281,7.885419710156866,7.66220427837287,8.853748107840985,1,0,359,141
8.38584406273808,7.437497589377014,7.368488675896563,8.892789676413281,7.885419710156866,7.66220427837287,1,0,360,140
7.812714072747645,8.38584406273808,7.437497589377014,7.368488675896563,8.892789676413281,7.885419710156866,1,0,361,139
7.656861082617435,7.812714072747645,8.38584406273808,7.437497589377014,7.368488675896563,8.892789676413281,1,0,362,138
8.533139987202398,7.656861082617435,7.812714072747645,8.38584406273808,7.437497589377014,7.368488675896563,1,0,363,137
8.027375702644619,8.533139987202398,7.656861082617435,7.812714072747645,8.38584406273808,7.437497589377014,1,0,364,136
7.428017825438786,8.027375702644619,8.533139987202398,7.656861082617435,7.812714072747645,8.38584406273808,1,0,365,135
9.087227763585426,7.428017825438786,8.027375702644619,8.533139987202398,7.656861082617435,7.812714072747645,1,0,366,134
9.109819976335803,9.087227763585426,7.428017825438786,8.027375702644619,8.533139987202398,7.656861082617435,1,0,367,133
8.924114258554587,9.109819976335803,9.087227763585426,7.428017825438786,8.027375702644619,8.533139987202398,1,0,368,132
10.246702317680613,8.924114258554587,9.109819976335803,9.087227763585426,7.428017825438786,8.027375702644619,1,0,369,131
8.993950673523825,10.246702317680613,8.924114258554587,9.109819976335803,9.087227763585426,7.428017825438786,1,0,370,130
8.916836779266136,8.993950673523825,10.246702317680613,8.924114258554587,9.109819976335803,9.087227763585426,1,0,371,129
10.17009583684604,8.916836779266136,8.993950673523825,10.246702317680613,8.924114258554587,9.109819976335803,1,0,372,128
8.937157616325692,10.17009583684604,8.916836779266136,8.993950673523825,10.246702317680613,8.924114258554587,1,0,373,127
8.929500107286643,8.937157616325692,10.17009583684604,8.916836779266136,8.993950673523825,10.246702317680613,1,0,374,126
8.734018601017093,8.929500107286643,8.937157616325692,10.17009583684604,8.916836779266136,8.993950673523825,1,0,375,125
6.812208613114249,8.734018601017093,8.929500107286643,8.937157616325692,10.17009583684604,8.916836779266136,1,0,376,124
7.545842258902112,6.812208613114249,8.734018601017093,8.929500107286643,8.937157616325692,10.17009583684604,1,0,377,123
8.046625659602142,7.545842258902112,6.812208613114249,8.734018601017093,8.929500107286643,8.937157616325692,1,0,378,122
6.701489810629098,8.046625659602142,7.545842258902112,6.812208613114249,8.734018601017093,8.929500107286643,1,0,379,121
7.00028257076402,6.701489810629098,8.046625659602142,7.545842258902112,6.812208613114249,8.734018601017093,1,0,380,120
6.834329548741657,7.00028257076402,6.701489810629098,8.046625659602142,7.545842258902112,6.812208613114249,1,0,381,119
4.520690679569197,6.834329548741657,7.00028257076402,6.701489810629098,8.046625659602142,7.545842258902112,1,0,382,118
5.027578466238911,4.520690679569197,6.834329548741657,7.00028257076402,6.701489810629098,8.046625659602142,1,0,383,117
5.70219631686617,5.027578466238911,4.520690679569197,6.834329548741657,7.00028257076402,6.701489810629098,1,0,384,116
3.5033134427111254,5.70219631686617,5.027578466238911,4.520690679569197,6.834329548741657,7.00028257076402,1,0,385,115
3.7625374040079147,3.5033134427111254,5.70219631686617,5.027578466238911,4.520690679569197,6.834329548741657,1,0,386,114
4.1285845762326066,3.7625374040079147,3.5033134427111254,5.70219631686617,5.027578466238911,4.520690679569197,1,0,387,113
2.326698498847967,4.1285845762326066,3.7625374040079147,3.5033134427111254,5.70219631686617,5.027578466238911,1,0,388,112
3.3376902402557995,2.326698498847967,4.1285845762326066,3.7625374040079147,3.5033134427111254,5.70219631686617,1,0,389,111
4.002191040914151,3.3376902402557995,2.326698498847967,4.1285845762326066,3.7625374040079147,3.5033134427111254,1,0,390,110
2.680340375303053,4.002191040914151,3.3376902402557995,2.326698498847967,4.1285845762326066,3.7625374040079147,1,0,391,109
3.656128032733157,2.680340375303053,4.002191040914151,3.3376902402557995,2.326698498847967,4.1285845762326066,1,0,392,108
4.317132036410046,3.656128032733157,2.680340375303053,4.002191040914151,3.3376902402557995,2.326698498847967,1,0,393,107
3.8950762441676106,4.317132036410046,3.656128032733157,2.680340375303053,4.002191040914151,3.3376902402557995,1,0,394,106
4.572974092962552,3.8950762441676106,4.317132036410046,3.656128032733157,2.680340375303053,4.002191040914151,1,0,395,105
5.3431503048976605,4.572974092962552,3.8950762441676106,4.317132036410046,3.656128032733157,2.680340375303053,1,0,396,104
4.935720401244564,5.3431503048976605,4.572974092962552,3.8950762441676106,4.317132036410046,3.656128032733157,1,0,397,103
3.8956212765116125,4.935720401244564,5.3431503048976605,4.572974092962552,3.8950762441676106,4.317132036410046,1,0,398,102
5.203072765617401,3.8956212765116125,4.935720401244564,5.3431503048976605,4.572974092962552,3.8950762441676106,1,0,399,101
5.220075785072264,5.203072765617401,3.8956212765116125,4.935720401244564,5.3431503048976605,4.572974092962552,1,0,400,100
4.172220192635014,5.220075785072264,5.203072765617401,3.8956212765116125,4.935720401244564,5.3431503048976605,1,0,401,99
5.873603318197222,4.172220192635014,5.220075785072264,5.203072765617401,3.8956212765116125,4.935720401244564,1,0,402,98
6.118413431474601,5.873603318197222,4.172220192635014,5.220075785072264,5.203072765617401,3.8956212765116125,1,0,403,97
4.238305164674934,6.118413431474601,5.873603318197222,4.172220192635014,5.220075785072264,5.203072765617401,1,0,404,96
6.0125815684298995,4.238305164674934,6.118413431474601,5.873603318197222,4.172220192635014,5.220075785072264,1,0,405,95
5.722955152382733,6.0125815684298995,4.238305164674934,6.118413431474601,5.873603318197222,4.172220192635014,1,0,406,94
3.344911362137412,5.722955152382733,6.0125815684298995,4.238305164674934,6.118413431474601,5.873603318197222,1,0,407,93
4.283568626677334,3.344911362137412,5.722955152382733,6.0125815684298995,4.238305164674934,6.118413431474601,1,0,408,92
4.352859850219265,4.283568626677334,3.344911362137412,5.722955152382733,6.0125815684298995,4.238305164674934,1,0,409,91
2.4919414082923588,4.352859850219265,4.283568626677334,3.344911362137412,5.722955152382733,6.0125815684298995,1,0,410,90
3.207835356231156,2.4919414082923588,4.352859850219265,4.283568626677334,3.344911362137412,5.722955152382733,1,0,411,89
3.128902236551032,3.207835356231156,2.4919414082923588,4.352859850219265,4.283568626677334,3.344911362137412,1,0,412,88
2.418667765275122,3.128902236551032,3.207835356231156,2.4919414082923588,4.352859850219265,4.283568626677334,1,0,413,87
1.8622447839385827,2.418667765275122,3.128902236551032,3.207835356231156,2.4919414082923588,4.352859850219265,1,0,414,86
1.9907583327823948,1.8622447839385827,2.418667765275122,3.128902236551032,3.207835356231156,2.4919414082923588,1,0,415,85
1.2908912691574748,1.9907583327823948,1.8622447839385827,2.418667765275122,3.128902236551032,3.207835356231156,1,0,416,84
1.5678062960622332,1.2908912691574748,1.9907583327823948,1.8622447839385827,2.418667765275122,3.128902236551032,1,0,417,83
2.549870284878198,1.5678062960622332,1.2908912691574748,1.9907583327823948,1.8622447839385827,2.418667765275122,1,0,418,82
1.6975701400429943,2.549870284878198,1.5678062960622332,1.2908912691574748,1.9907583327823948,1.8622447839385827,1,0,419,81
1.1815676460517055,1.6975701400429943,2.549870284878198,1.5678062960622332,1.2908912691574748,1.9907583327823948,1,0,420,80
1.5542637072603043,1.1815676460517055,1.6975701400429943,2.549870284878198,1.5678062960622332,1.2908912691574748,1,0,421,79
0.5863513383545713,1.5542637072603043,1.1815676460517055,1.6975701400429943,2.549870284878198,1.5678062960622332,1,0,422,78
0.6860732859367524,0.5863513383545713,1.5542637072603043,1.1815676460517055,1.6975701400429943,2.549870284878198,1,0,423,77
2.0601050156690457,0.6860732859367524,0.5863513383545713,1.5542637072603043,1.1815676460517055,1.6975701400429943,1,0,424,76
1.6464547358321486,2.0601050156690457,0.6860732859367524,0.5863513383545713,1.5542637072603043,1.1815676460517055,1,0,425,75
1.5319952182120093,1.6464547358321486,2.0601050156690457,0.6860732859367524,0.5863513383545713,1.5542637072603043,1,0,426,74
2.408408885782651,1.5319952182120093,1.6464547358321486,2.0601050156690457,0.6860732859367524,0.5863513383545713,1,0,427,73
2.498944595927927,2.408408885782651,1.5319952182120093,1.6464547358321486,2.0601050156690457,0.6860732859367524,1,0,428,72
1.5150338668917693,2.498944595927927,2.408408885782651,1.5319952182120093,1.6464547358321486,2.0601050156690457,1,0,429,71
1.9109781649838817,1.5150338668917693,2.498944595927927,2.408408885782651,1.5319952182120093,1.6464547358321486,1,0,430,70
2.395028452554081,1.9109781649838817,1.5150338668917693,2.498944595927927,2.408408885782651,1.5319952182120093,1,0,431,69
1.784302445601363,2.395028452554081,1.9109781649838817,1.5150338668917693,2.498944595927927,2.408408885782651,1,0,432,68
1.6752228740773774,1.784302445601363,2.395028452554081,1.9109781649838817,1.5150338668917693,2.498944595927927,1,0,433,67
1.2551736820520278,1.6752228740773774,1.784302445601363,2.395028452554081,1.9109781649838817,1.5150338668917693,1,0,434,66
1.3813212234612156,1.2551736820520278,1.6752228740773774,1.784302445601363,2.395028452554081,1.9109781649838817,1,0,435,65
2.057341884251204,1.3813212234612156,1.2551736820520278,1.6752228740773774,1.784302445601363,2.395028452554081,1,0,436,64
0.5178381913569001,2.057341884251204,1.3813212234612156,1.2551736820520278,1.6752228740773774,1.784302445601363,1,0,437,63
0.2846747216538697,0.5178381913569001,2.057341884251204,1.3813212234612156,1.2551736820520278,1.6752228740773774,1,0,438,62
2.0666709311619265,0.2846747216538697,0.5178381913569001,2.057341884251204,1.3813212234612156,1.2551736820520278,1,0,439,61
1.4776046164929006,2.0666709311619265,0.2846747216538697,0.5178381913569001,2.057341884251204,1.3813212234612156,1,0,440,60
0.3375227879697855,1.4776046164929006,2.0666709311619265,0.2846747216538697,0.5178381913569001,2.057341884251204,1,0,441,59
1.0198985257248394,0.3375227879697855,1.4776046164929006,2.0666709311619265,0.2846747216538697,0.5178381913569001,1,0,442,58
0.8596618483151874,1.0198985257248394,0.3375227879697855,1.4776046164929006,2.0666709311619265,0.2846747216538697,1,0,443,57
-0.22798230035373074,0.8596618483151874,1.0198985257248394,0.3375227879697855,1.4776046164929006,2.0666709311619265,1,0,444,56
0.16531887994266492,-0.22798230035373074,0.8596618483151874,1.0198985257248394,0.3375227879697855,1.4776046164929006,1,0,445,55
-0.4758270604468106,0.16531887994266492,-0.22798230035373074,0.8596618483151874,1.0198985257248394,0.3375227879697855,1,0,446,54
1.0443474193862725,-0.4758270604468106,0.16531887994266492,-0.22798230035373074,0.8596618483151874,1.0198985257248394,1,0,447,53
0.5913073714331191,1.0443474193862725,-0.4758270604468106,0.16531887994266492,-0.22798230035373074,0.8596618483151874,1,0,448,52
0.2175303129168465,0.5913073714331191,1.0443474193862725,-0.4758270604468106,0.16531887994266492,-0.22798230035373074,1,0,449,51
1.785839971068957,0.2175303129168465,0.5913073714331191,1.0443474193862725,-0.4758270604468106,0.16531887994266492,1,0,450,50
1.7110591371913886,1.785839971068957,0.2175303129168465,0.5913073714331191,1.0443474193862725,-0.4758270604468106,1,0,451,49
1.260793455413571,1.7110591371913886,1.785839971068957,0.2175303129168465,0.5913073714331191,1.0443474193862725,1,0,452,48
1.9782613395317683,1.260793455413571,1.7110591371913886,1.785839971068957,0.2175303129168465,0.5913073714331191,1,0,453,47
1.2770575142064668,1.9782613395317683,1.260793455413571,1.7110591371913886,1.785839971068957,0.2175303129168465,1,0,454,46
0.3641681280939191,1.2770575142064668,1.9782613395317683,1.260793455413571,1.7110591371913886,1.785839971068957,1,0,455,45
1.1892013323036876,0.3641681280939191,1.2770575142064668,1.9782613395317683,1.260793455413571,1.7110591371913886,1,0,456,44
0.7104112342224556,1.1892013323036876,0.3641681280939191,1.2770575142064668,1.9782613395317683,1.260793455413571,1,0,457,43
0.15356950895505023,0.7104112342224556,1.1892013323036876,0.3641681280939191,1.2770575142064668,1.9782613395317683,1,0,458,42
1.2113977306253545,0.15356950895505023,0.7104112342224556,1.1892013323036876,0.3641681280939191,1.2770575142064668,1,0,459,41
0.08773752384000932,1.2113977306253545,0.15356950895505023,0.7104112342224556,1.1892013323036876,0.3641681280939191,1,0,460,40
-0.28211060412746447,0.08773752384000932,1.2113977306253545,0.15356950895505023,0.7104112342224556,1.1892013323036876,1,0,461,39
0.09826742468391719,-0.28211060412746447,0.08773752384000932,1.2113977306253545,0.15356950895505023,0.7104112342224556,1,0,462,38
0.5351988267229159,0.09826742468391719,-0.28211060412746447,0.08773752384000932,1.2113977306253545,0.15356950895505023,1,0,463,37
0.5882742120638486,0.5351988267229159,0.09826742468391719,-0.28211060412746447,0.08773752384000932,1.2113977306253545,1,0,464,36
-0.043693950136308723,0.5882742120638486,0.5351988267229159,0.09826742468391719,-0.28211060412746447,0.08773752384000932,1,0,465,35
-1.6901614699836187,-0.043693950136308723,0.5882742120638486,0.5351988267229159,0.09826742468391719,-0.28211060412746447,1,0,466,34
-0.6980384989293359,-1.6901614699836187,-0.043693950136308723,0.5882742120638486,0.5351988267229159,0.09826742468391719,1,0,467,33
0.18626848534765653,-0.6980384989293359,-1.6901614699836187,-0.043693950136308723,0.5882742120638486,0.5351988267229159,1,0,468,32
-1.7430751240657314,0.18626848534765653,-0.6980384989293359,-1.6901614699836187,-0.043693950136308723,0.5882742120638486,1,0,469,31
0.3252359075107629,-1.7430751240657314,0.18626848534765653,-0.6980384989293359,-1.6901614699836187,-0.043693950136308723,1,0,470,30
0.5201634991863406,0.3252359075107629,-1.7430751240657314,0.18626848534765653,-0.6980384989293359,-1.6901614699836187,1,0,471,29
-0.5665730225299436,0.5201634991863406,0.3252359075107629,-1.7430751240657314,0.18626848534765653,-0.6980384989293359,1,0,472,28
0.303379930684142,-0.5665730225299436,0.5201634991863406,0.3252359075107629,-1.7430751240657314,0.18626848534765653,1,0,473,27
1.898092745279202,0.303379930684142,-0.5665730225299436,0.5201634991863406,0.3252359075107629,-1.7430751240657314,1,0,474,26
1.2158767917504867,1.898092745279202,0.303379930684142,-0.5665730225299436,0.5201634991863406,0.3252359075107629,1,0,475,25
2.2619307536232087,1.2158767917504867,1.898092745279202,0.303379930684142,-0.5665730225299436,0.5201634991863406,1,0,476,24
3.484955083464365,2.2619307536232087,1.2158767917504867,1.898092745279202,0.303379930684142,-0.5665730225299436,1,0,477,23
2.089557819597191,3.484955083464365,2.2619307536232087,1.2158767917504867,1.898092745279202,0.303379930684142,1,0,478,22
2.02938419494838,2.089557819597191,3.484955083464365,2.2619307536232087,1.2158767917504867,1.898092745279202,1,0,479,21
2.6842052471854267,2.02938419494838,2.089557819597191,3.484955083464365,2.2619307536232087,1.2158767917504867,1,0,480,20
1.7162421309854212,2.6842052471854267,2.02938419494838,2.089557819597191,3.484955083464365,2.2619307536232087,1,0,481,19
1.0891031427379956,1.7162421309854212,2.6842052471854267,2.02938419494838,2.089557819597191,3.484955083464365,1,0,482,18
1.4801463901974776,1.0891031427379956,1.7162421309854212,2.6842052471854267,2.02938419494838,2.089557819597191,1,0,483,17
0.311480960757633,1.4801463901974776,1.0891031427379956,1.7162421309854212,2.6842052471854267,2.02938419494838,1,0,484,16
0.7051885718885814,0.311480960757633,1.4801463901974776,1.0891031427379956,1.7162421309854212,2.6842052471854267,1,0,485,15
0.6398495518643372,0.7051885718885814,0.311480960757633,1.4801463901974776,1.0891031427379956,1.7162421309854212,1,0,486,14
-0.0822717229116107,0.6398495518643372,0.7051885718885814,0.311480960757633,1.4801463901974776,1.0891031427379956,1,0,487,13
0.05460009625677878,-0.0822717229116107,0.6398495518643372,0.7051885718885814,0.311480960757633,1.4801463901974776,1,0,488,12
0.6176634015730981,0.05460009625677878,-0.0822717229116107,0.6398495518643372,0.7051885718885814,0.311480960757633,1,0,489,11
-2.7046345856012843,0.6176634015730981,0.05460009625677878,-0.0822717229116107,0.6398495518643372,0.7051885718885814,1,0,490,10
-1.889032632701672,-2.7046345856012843,0.6176634015730981,0.05460009625677878,-0.0822717229116107,0.6398495518643372,1,0,491,9
0.7907438372980982,-1.889032632701672,-2.7046345856012843,0.6176634015730981,0.05460009625677878,-0.0822717229116107,1,0,492,8
-2.9778734223521153,0.7907438372980982,-1.889032632701672,-2.7046345856012843,0.6176634015730981,0.05460009625677878,1,0,493,7
-1.044033040160017,-2.9778734223521153,0.7907438372980982,-1.889032632701672,-2.7046345856012843,0.6176634015730981,1,0,494,6
1.0203462375960604,-1.044033040160017,-2.9778734223521153,0.7907438372980982,-1.889032632701672,-2.7046345856012843,1,1,495,5
-2.325683321404497,1.0203462375960604,-1.044033040160017,-2.9778734223521153,0.7907438372980982,-1.889032632701672,1,1,496,4
-1.2130091391048803,-2.325683321404497,1.0203462375960604,-1.044033040160017,-2.9778734223521153,0.7907438372980982,1,1,497,3
-1.466264843348952,-1.2130091391048803,-2.325683321404497,1.0203462375960604,-1.044033040160017,-2.9778734223521153,1,1,498,2
1.1311393127901834,-1.466264843348952,-1.2130091391048803,-2.325683321404497,1.0203462375960604,-1.044033040160017,1,1,499,1
-3.431694935400711,1.1311393127901834,-1.466264843348952,-1.2130091391048803,-2.325683321404497,1.0203462375960604,2,1,0,0
-2.816926052078674,-3.431694935400711,1.1311393127901834,-1.466264843348952,-1.2130091391048803,-2.325683321404497,2,1,1,191
0.7192027354093674,-2.816926052078674,-3.431694935400711,1.1311393127901834,-1.466264843348952,-1.2130091391048803,2,1,2,190
-4.371180494742063,0.7192027354093674,-2.816926052078674,-3.431694935400711,1.1311393127901834,-1.466264843348952,2,1,3,189
-0.577080856001771,-4.371180494742063,0.7192027354093674,-2.816926052078674,-3.431694935400711,1.1311393127901834,2,1,4,188
-0.9210845276695244,-0.577080856001771,-4.371180494742063,0.7192027354093674,-2.816926052078674,-3.431694935400711,2,0,5,187
2.4897026491658365,-0.9210845276695244,-0.577080856001771,-4.371180494742063,0.7192027354093674,-2.816926052078674,2,0,6,186
0.09822505337954492,2.4897026491658365,-0.9210845276695244,-0.577080856001771,-4.371180494742063,0.7192027354093674,2,0,7,185
7.067758009429177,0.09822505337954492,2.4897026491658365,-0.9210845276695244,-0.577080856001771,-4.371180494742063,2,0,8,184
-1.5263104081830747,7.067758009429177,0.09822505337954492,2.4897026491658365,-0.9210845276695244,-0.577080856001771,2,0,9,183
-0.559644713236505,-1.5263104081830747,7.067758009429177,0.09822505337954492,2.4897026491658365,-0.9210845276695244,2,0,10,182
-0.748359904717789,-0.559644713236505,-1.5263104081830747,7.067758009429177,0.09822505337954492,2.4897026491658365,2,0,11,181
0.9133813676369469,-0.748359904717789,-0.559644713236505,-1.5263104081830747,7.067758009429177,0.09822505337954492,2,0,12,180
-1.5238417705536556,0.9133813676369469,-0.748359904717789,-0.559644713236505,-1.5263104081830747,7.067758009429177,2,0,13,179
1.7041769034752456,-1.5238417705536556,0.9133813676369469,-0.748359904717789,-0.559644713236505,-1.5263104081830747,2,0,14,178
-1.7923954609061847,1.7041769034752456,-1.5238417705536556,0.9133813676369469,-0.748359904717789,-0.559644713236505,2,0,15,177
-0.4907537515414515,-1.7923954609061847,1.7041769034752456,-1.5238417705536556,0.9133813676369469,-0.748359904717789,2,0,16,176
-1.2300724874492828,-0.4907537515414515,-1.7923954609061847,1.7041769034752456,-1.5238417705536556,0.9133813676369469,2,0,17,175
0.9825988383006723,-1.2300724874492828,-0.4907537515414515,-1.7923954609061847,1.7041769034752456,-1.5238417705536556,2,0,18,174
2.521133716301355,0.9825988383006723,-1.2300724874492828,-0.4907537515414515,-1.7923954609061847,1.7041769034752456,2,0,19,173
0.5024711269329972,2.521133716301355,0.9825988383006723,-1.2300724874492828,-0.4907537515414515,-1.7923954609061847,2,0,20,172
4.901345821654665,0.5024711269329972,2.521133716301355,0.9825988383006723,-1.2300724874492828,-0.4907537515414515,2,0,21,171
1.2156266431965257,4.901345821654665,0.5024711269329972,2.521133716301355,0.9825988383006723,-1.2300724874492828,2,0,22,170
7.387718900482452,1.2156266431965257,4.901345821654665,0.5024711269329972,2.521133716301355,0.9825988383006723,2,0,23,169
4.270035168864268,7.387718900482452,1.2156266431965257,4.901345821654665,0.5024711269329972,2.521133716301355,2,0,24,168
5.692271494966323,4.270035168864268,7.387718900482452,1.2156266431965257,4.901345821654665,0.5024711269329972,2,0,25,167
10.269512603346598,5.692271494966323,4.270035168864268,7.387718900482452,1.2156266431965257,4.901345821654665,2,0,26,166
4.219295664747298,10.269512603346598,5.692271494966323,4.270035168864268,7.387718900482452,1.2156266431965257,2,0,27,165
12.53009826884601,4.219295664747298,10.269512603346598,5.692271494966323,4.270035168864268,7.387718900482452,2,0,28,164
4.941956765238734,12.53009826884601,4.219295664747298,10.269512603346598,5.692271494966323,4.270035168864268,2,0,29,163
11.016306119937592,4.941956765238734,12.53009826884601,4.219295664747298,10.269512603346598,5.692271494966323,2,0,30,162
9.482764679338336,11.016306119937592,4.941956765238734,12.53009826884601,4.219295664747298,10.269512603346598,2,0,31,161
9.497227276199549,9.482764679338336,11.016306119937592,4.941956765238734,12.53009826884601,4.219295664747298,2,0,32,160
14.159604300331189,9.497227276199549,9.482764679338336,11.016306119937592,4.941956765238734,12.53009826884601,2,0,33,159
7.985258860975821,14.159604300331189,9.497227276199549,9.482764679338336,11.016306119937592,4.941956765238734,2,0,34,158
15.662836023547921,7.985258860975821,14.159604300331189,9.497227276199549,9.482764679338336,11.016306119937592,2,0,35,157
9.291738696927872,15.662836023547921,7.985258860975821,14.159604300331189,9.497227276199549,9.482764679338336,2,0,36,156
14.336645582586943,9.291738696927872,15.662836023547921,7.985258860975821,14.159604300331189,9.497227276199549,2,0,37,155
12.574129363030535,14.336645582586943,9.291738696927872,15.662836023547921,7.985258860975821,14.159604300331189,2,0,38,154
12.845413732153874,12.574129363030535,14.336645582586943,9.291738696927872,15.662836023547921,7.985258860975821,2,0,39,153
15.910266387116062,12.845413732153874,12.574129363030535,14.336645582586943,9.291738696927872,15.662836023547921,2,0,40,152
10.816964699321739,15.910266387116062,12.845413732153874,12.574129363030535,14.336645582586943,9.291738696927872,2,0,41,151
20.14443694987233,10.816964699321739,15.910266387116062,12.845413732153874,12.574129363030535,14.336645582586943,2,0,42,150
10.655567084534743,20.14443694987233,10.816964699321739,15.910266387116062,12.845413732153874,12.574129363030535,2,0,43,149
18.30902068893422,10.655567084534743,20.14443694987233,10.816964699321739,15.910266387116062,12.845413732153874,2,0,44,148
13.542017055201747,18.30902068893422,10.655567084534743,20.14443694987233,10.816964699321739,15.910266387116062,2,0,45,147
16.127077237370024,13.542017055201747,18.30902068893422,10.655567084534743,20.14443694987233,10.816964699321739,2,0,46,146
14.985871542441238,16.127077237370024,13.542017055201747,18.30902068893422,10.655567084534743,20.14443694987233,2,0,47,145
16.134284933492506,14.985871542441238,16.127077237370024,13.542017055201747,18.30902068893422,10.655567084534743,2,0,48,144
15.18600028385485,16.134284933492506,14.985871542441238,16.127077237370024,13.542017055201747,18.30902068893422,2,0,49,143
17.52565233567583,15.18600028385485,16.134284933492506,14.985871542441238,16.127077237370024,13.542017055201747,2,0,50,142
14.658332759523752,17.52565233567583,15.18600028385485,16.134284933492506,14.985871542441238,16.127077237370024,2,0,51,141
19.947210377205575,14.658332759523752,17.52565233567583,15.18600028385485,16.134284933492506,14.985871542441238,2,0,52,140
13.874907106570042,19.947210377205575,14.658332759523752,17.52565233567583,15.18600028385485,16.134284933492506,2,0,53,139
18.869901936530734,13.874907106570042,19.947210377205575,14.658332759523752,17.52565233567583,15.18600028385485,2,0,54,138
14.628080007061168,18.869901936530734,13.874907106570042,19.947210377205575,14.658332759523752,17.52565233567583,2,0,55,137
17.090880378308885,14.628080007061168,18.869901936530734,13.874907106570042,19.947210377205575,14.658332759523752,2,0,56,136
12.614061086559694,17.090880378308885,14.628080007061168,18.869901936530734,13.874907106570042,19.947210377205575,2,0,57,135
17.035795039914934,12.614061086559694,17.090880378308885,14.628080007061168,18.869901936530734,13.874907106570042,2,0,58,134
12.247295882494777,17.035795039914934,12.614061086559694,17.090880378308885,14.628080007061168,18.869901936530734,2,0,59,133
16.71016109475069,12.247295882494777,17.035795039914934,12.614061086559694,17.090880378308885,14.628080007061168,2,0,60,132
10.556943512309607,16.71016109475069,12.247295882494777,17.035795039914934,12.614061086559694,17.090880378308885,2,0,61,131
15.638311737435712,10.556943512309607,16.71016109475069,12.247295882494777,17.035795039914934,12.614061086559694,2,0,62,130
10.44182874652037,15.638311737435712,10.556943512309607,16.71016109475069,12.247295882494777,17.035795039914934,2,0,63,129
12.397429262935551,10.44182874652037,15.638311737435712,10.556943512309607,16.71016109475069,12.247295882494777,2,0,64,128
12.128416760780262,12.397429262935551,10.44182874652037,15.638311737435712,10.556943512309607,16.71016109475069,2,0,65,127
8.504913578725334,12.128416760780262,12.397429262935551,10.44182874652037,15.638311737435712,10.556943512309607,2,0,66,126
14.705472377334896,8.504913578725334,12.128416760780262,12.397429262935551,10.44182874652037,15.638311737435712,2,0,67,125
7.127677869107191,14.705472377334896,8.504913578725334,12.128416760780262,12.397429262935551,10.44182874652037,2,0,68,124
14.326249252598066,7.127677869107191,14.705472377334896,8.504913578725334,12.128416760780262,12.397429262935551,2,0,69,123
6.402693020429906,14.326249252598066,7.127677869107191,14.705472377334896,8.504913578725334,12.128416760780262,2,0,70,122
14.675174037975141,6.402693020429906,14.326249252598066,7.127677869107191,14.705472377334896,8.504913578725334,2,0,71,121
4.674150991629281,14.675174037975141,6.402693020429906,14.326249252598066,7.127677869107191,14.705472377334896,2,0,72,120
16.34586476226174,4.674150991629281,14.675174037975141,6.402693020429906,14.326249252598066,7.127677869107191,2,0,73,119
2.0572922740768176,16.34586476226174,4.674150991629281,14.675174037975141,6.402693020429906,14.326249252598066,2,0,74,118
15.839025269696782,2.0572922740768176,16.34586476226174,4.674150991629281,14.675174037975141,6.402693020429906,2,0,75,117
3.65520074157992,15.839025269696782,2.0572922740768176,16.34586476226174,4.674150991629281,14.675174037975141,2,0,76,116
12.532394917753082,3.65520074157992,15.839025269696782,2.0572922740768176,16.34586476226174,4.674150991629281,2,0,77,115
8.463692925834703,12.532394917753082,3.65520074157992,15.839025269696782,2.0572922740768176,16.34586476226174,2,0,78,114
8.349528763865678,8.463692925834703,12.532394917753082,3.65520074157992,15.839025269696782,2.0572922740768176,2,0,79,113
12.478859016712693,8.349528763865678,8.463692925834703,12.532394917753082,3.65520074157992,15.839025269696782,2,0,80,112
6.237675286984734,12.478859016712693,8.349528763865678,8.463692925834703,12.532394917753082,3.65520074157992,2,0,81,111
14.66489409182114,6.237675286984734,12.478859016712693,8.349528763865678,8.463692925834703,12.532394917753082,2,0,82,110
4.6083733400199165,14.66489409182114,6.237675286984734,12.478859016712693,8.349528763865678,8.463692925834703,2,0,83,109
14.525862828725698,4.6083733400199165,14.66489409182114,6.237675286984734,12.478859016712693,8.349528763865678,2,0,84,108
6.673025183660416,14.525862828725698,4.6083733400199165,14.66489409182114,6.237675286984734,12.478859016712693,2,0,85,107
11.353132563801784,6.673025183660416,14.525862828725698,4.6083733400199165,14.66489409182114,6.237675286984734,2,0,86,106
6.974116914285046,11.353132563801784,6.673025183660416,14.525862828725698,4.6083733400199165,14.66489409182114,2,0,87,105
9.088445272379072,6.974116914285046,11.353132563801784,6.673025183660416,14.525862828725698,4.6083733400199165,2,0,88,104
7.105856784541748,9.088445272379072,6.974116914285046,11.353132563801784,6.673025183660416,14.525862828725698,2,0,89,103
5.059555924877452,7.105856784541748,9.088445272379072,6.974116914285046,11.353132563801784,6.673025183660416,2,0,90,102
7.961730150255055,5.059555924877452,7.105856784541748,9.088445272379072,6.974116914285046,11.353132563801784,2,0,91,101
1.4876343908398848,7.961730150255055,5.059555924877452,7.105856784541748,9.088445272379072,6.974116914285046,2,0,92,100
7.255723257477252,1.4876343908398848,7.961730150255055,5.059555924877452,7.105856784541748,9.088445272379072,2,0,93,99
0.5368058378300882,7.255723257477252,1.4876343908398848,7.961730150255055,5.059555924877452,7.105856784541748,2,0,94,98
7.0832950454848005,0.5368058378300882,7.255723257477252,1.4876343908398848,7.961730150255055,5.059555924877452,2,0,95,97
3.105390412235497,7.0832950454848005,0.5368058378300882,7.255723257477252,1.4876343908398848,7.961730150255055,2,0,96,96
4.553510391328238,3.105390412235497,7.0832950454848005,0.5368058378300882,7.255723257477252,1.4876343908398848,2,0,97,95
6.092999503773237,4.553510391328238,3.105390412235497,7.0832950454848005,0.5368058378300882,7.255723257477252,2,0,98,94
2.091283785859673,6.092999503773237,4.553510391328238,3.105390412235497,7.0832950454848005,0.5368058378300882,2,0,99,93
7.4771630560998545,2.091283785859673,6.092999503773237,4.553510391328238,3.105390412235497,7.0832950454848005,2,0,100,92
2.2085747803368245,7.4771630560998545,2.091283785859673,6.092999503773237,4.553510391328238,3.105390412235497,2,0,101,91
7.169267234790325,2.2085747803368245,7.4771630560998545,2.091283785859673,6.092999503773237,4.553510391328238,2,0,102,90
4.589718523983185,7.169267234790325,2.2085747803368245,7.4771630560998545,2.091283785859673,6.092999503773237,2,0,103,89
5.155168845317551,4.589718523983185,7.169267234790325,2.2085747803368245,7.4771630560998545,2.091283785859673,2,0,104,88
2.597702865868342,5.155168845317551,4.589718523983185,7.169267234790325,2.2085747803368245,7.4771630560998545,2,0,105,87
6.305524458577964,2.597702865868342,5.155168845317551,4.589718523983185,7.169267234790325,2.2085747803368245,2,0,106,86
1.8922033512573841,6.305524458577964,2.597702865868342,5.155168845317551,4.589718523983185,7.169267234790325,2,0,107,85
7.597222745695543,1.8922033512573841,6.305524458577964,2.597702865868342,5.155168845317551,4.589718523983185,2,0,108,84
2.0605709243070853,7.597222745695543,1.8922033512573841,6.305524458577964,2.597702865868342,5.155168845317551,2,0,109,83
9.133393406994488,2.0605709243070853,7.597222745695543,1.8922033512573841,6.305524458577964,2.597702865868342,2,0,110,82
-0.1355162716474645,9.133393406994488,2.0605709243070853,7.597222745695543,1.8922033512573841,6.305524458577964,2,0,111,81
-3.6635380410086955,-0.1355162716474645,9.133393406994488,2.0605709243070853,7.597222745695543,1.8922033512573841,2,0,112,80
0.15877681767342203,-3.6635380410086955,-0.1355162716474645,9.133393406994488,2.0605709243070853,7.597222745695543,2,0,113,79
-10.223631327730788,0.15877681767342203,-3.6635380410086955,-0.1355162716474645,9.133393406994488,2.0605709243070853,2,0,114,78
0.9191459963757733,-10.223631327730788,0.15877681767342203,-3.6635380410086955,-0.1355162716474645,9.133393406994488,2,0,115,77
-11.385607031857937,0.9191459963757733,-10.223631327730788,0.15877681767342203,-3.6635380410086955,-0.1355162716474645,2,0,116,76
-2.4972037833816176,-11.385607031857937,0.9191459963757733,-10.223631327730788,0.15877681767342203,-3.6635380410086955,2,0,117,75
4.376146742994454,-2.4972037833816176,-11.385607031857937,0.9191459963757733,-10.223631327730788,0.15877681767342203,2,0,118,74
-9.98670838238013,4.376146742994454,-2.4972037833816176,-11.385607031857937,0.9191459963757733,-10.223631327730788,2,0,119,73
0.8850463295961777,-9.98670838238013,4.376146742994454,-2.4972037833816176,-11.385607031857937,0.9191459963757733,2,0,120,72
-7.581288427134346,0.8850463295961777,-9.98670838238013,4.376146742994454,-2.4972037833816176,-11.385607031857937,2,0,121,71
-0.15272585468965802,-7.581288427134346,0.8850463295961777,-9.98670838238013,4.376146742994454,-2.4972037833816176,2,0,122,70
1.871830254755952,-0.15272585468965802,-7.581288427134346,0.8850463295961777,-9.98670838238013,4.376146742994454,2,0,123,69
-2.079720712838185,1.871830254755952,-0.15272585468965802,-7.581288427134346,0.8850463295961777,-9.98670838238013,2,0,124,68
-1.337707198723158,-2.079720712838185,1.871830254755952,-0.15272585468965802,-7.581288427134346,0.8850463295961777,2,0,125,67
0.5752880942309151,-1.337707198723158,-2.079720712838185,1.871830254755952,-0.15272585468965802,-7.581288427134346,2,0,126,66
-3.290836643151001,0.5752880942309151,-1.337707198723158,-2.079720712838185,1.871830254755952,-0.15272585468965802,2,0,127,65
-0.3649711839441649,-3.290836643151001,0.5752880942309151,-1.337707198723158,-2.079720712838185,1.871830254755952,2,0,128,64
-1.5506790401063661,-0.3649711839441649,-3.290836643151001,0.5752880942309151,-1.337707198723158,-2.079720712838185,2,0,129,63
-0.3663853083906047,-1.5506790401063661,-0.3649711839441649,-3.290836643151001,0.5752880942309151,-1.337707198723158,2,0,130,62
-2.311784298393372,-0.3663853083906047,-1.5506790401063661,-0.3649711839441649,-3.290836643151001,0.5752880942309151,2,0,131,61
1.02152318060982,-2.311784298393372,-0.3663853083906047,-1.5506790401063661,-0.3649711839441649,-3.290836643151001,2,0,132,60
-1.9012095152027886,1.02152318060982,-2.311784298393372,-0.3663853083906047,-1.5506790401063661,-0.3649711839441649,2,0,133,59
1.4257471278676772,-1.9012095152027886,1.02152318060982,-2.311784298393372,-0.3663853083906047,-1.5506790401063661,2,0,134,58
-2.4062806646828983,1.4257471278676772,-1.9012095152027886,1.02152318060982,-2.311784298393372,-0.3663853083906047,2,0,135,57
-0.9430436604784411,-2.4062806646828983,1.4257471278676772,-1.9012095152027886,1.02152318060982,-2.311784298393372,2,0,136,56
1.1439701600349315,-0.9430436604784411,-2.4062806646828983,1.4257471278676772,-1.9012095152027886,1.02152318060982,2,0,137,55
-4.042716284305319,1.1439701600349315,-0.9430436604784411,-2.4062806646828983,1.4257471278676772,-1.9012095152027886,2,0,138,54
-0.29640514977437904,-4.042716284305319,1.1439701600349315,-0.9430436604784411,-2.4062806646828983,1.4257471278676772,2,0,139,53
0.10253135927034573,-0.29640514977437904,-4.042716284305319,1.1439701600349315,-0.9430436604784411,-2.4062806646828983,2,0,140,52
-3.648405596458519,0.10253135927034573,-0.29640514977437904,-4.042716284305319,1.1439701600349315,-0.9430436604784411,2,0,141,51
-0.8030633297193477,-3.648405596458519,0.10253135927034573,-0.29640514977437904,-4.042716284305319,1.1439701600349315,2,0,142,50
-0.5896611851897039,-0.8030633297193477,-3.648405596458519,0.10253135927034573,-0.29640514977437904,-4.042716284305319,2,0,143,49
1.1231494353713751,-0.5896611851897039,-0.8030633297193477,-3.648405596458519,0.10253135927034573,-0.29640514977437904,2,0,144,48
-1.7757673037183361,1.1231494353713751,-0.5896611851897039,-0.8030633297193477,-3.648405596458519,0.10253135927034573,2,0,145,47
0.19102775180718765,-1.7757673037183361,1.1231494353713751,-0.5896611851897039,-0.8030633297193477,-3.648405596458519,2,0,146,46
1.2013802145815475,0.19102775180718765,-1.7757673037183361,1.1231494353713751,-0.5896611851897039,-0.8030633297193477,2,0,147,45
-2.3144857385589814,1.2013802145815475,0.19102775180718765,-1.7757673037183361,1.1231494353713751,-0.5896611851897039,2,0,148,44
0.36579277518118697,-2.3144857385589814,1.2013802145815475,0.19102775180718765,-1.7757673037183361,1.1231494353713751,2,0,149,43
-4.285220700164565,0.36579277518118697,-2.3144857385589814,1.2013802145815475,0.19102775180718765,-1.7757673037183361,2,0,150,42
-0.05720322893756303,-4.285220700164565,0.36579277518118697,-2.3144857385589814,1.2013802145815475,0.19102775180718765,2,0,151,41
6.462552887518582,-0.05720322893756303,-4.285220700164565,0.36579277518118697,-2.3144857385589814,1.2013802145815475,2,0,152,40
-4.159477329873212,6.462552887518582,-0.05720322893756303,-4.285220700164565,0.36579277518118697,-2.3144857385589814,2,0,153,39
-0.6033428908140755,-4.159477329873212,6.462552887518582,-0.05720322893756303,-4.285220700164565,0.36579277518118697,2,0,154,38
-1.2261826821127102,-0.6033428908140755,-4.159477329873212,6.462552887518582,-0.05720322893756303,-4.285220700164565,2,0,155,37
-0.8832221475407229,-1.2261826821127102,-0.6033428908140755,-4.159477329873212,6.462552887518582,-0.05720322893756303,2,0,156,36
1.6406567794668445,-0.8832221475407229,-1.2261826821127102,-0.6033428908140755,-4.159477329873212,6.462552887518582,2,0,157,35
-1.0771029223988107,1.6406567794668445,-0.8832221475407229,-1.2261826821127102,-0.6033428908140755,-4.159477329873212,2,0,158,34
-0.06546696888668077,-1.0771029223988107,1.6406567794668445,-0.8832221475407229,-1.2261826821127102,-0.6033428908140755,2,0,159,33
0.6952448291608435,-0.06546696888668077,-1.0771029223988107,1.6406567794668445,-0.8832221475407229,-1.2261826821127102,2,0,160,32
2.7465376073976375,0.6952448291608435,-0.06546696888668077,-1.0771029223988107,1.6406567794668445,-0.8832221475407229,2,0,161,31
1.6566821583596494,2.7465376073976375,0.6952448291608435,-0.06546696888668077,-1.0771029223988107,1.6406567794668445,2,0,162,30
4.817907847025608,1.6566821583596494,2.7465376073976375,0.6952448291608435,-0.06546696888668077,-1.0771029223988107,2,0,163,29
4.194560395299703,4.817907847025608,1.6566821583596494,2.7465376073976375,0.6952448291608435,-0.06546696888668077,2,0,164,28
3.7725103932970327,4.194560395299703,4.817907847025608,1.6566821583596494,2.7465376073976375,0.6952448291608435,2,0,165,27
4.699685727803243,3.7725103932970327,4.194560395299703,4.817907847025608,1.6566821583596494,2.7465376073976375,2,0,166,26
1.5869496766652613,4.699685727803243,3.7725103932970327,4.194560395299703,4.817907847025608,1.6566821583596494,2,0,167,25
5.754312412603116,1.5869496766652613,4.699685727803243,3.7725103932970327,4.194560395299703,4.817907847025608,2,0,168,24
0.020550220238758965,5.754312412603116,1.5869496766652613,4.699685727803243,3.7725103932970327,4.194560395299703,2,0,169,23
32.960569177200334,0.020550220238758965,5.754312412603116,1.5869496766652613,4.699685727803243,3.7725103932970327,2,0,170,22
-5.6643959968349,32.960569177200334,0.020550220238758965,5.754312412603116,1.5869496766652613,4.699685727803243,2,0,171,21
-0.7619429423266618,-5.6643959968349,32.960569177200334,0.020550220238758965,5.754312412603116,1.5869496766652613,2,0,172,20
0.14458122599613865,-0.7619429423266618,-5.6643959968349,32.960569177200334,0.020550220238758965,5.754312412603116,2,0,173,19
-23.551348702902942,0.14458122599613865,-0.7619429423266618,-5.6643959968349,32.960569177200334,0.020550220238758965,2,0,174,18
-0.15413989277778606,-23.551348702902942,0.14458122599613865,-0.7619429423266618,-5.6643959968349,32.960569177200334,2,0,175,17
9.250290014279567,-0.15413989277778606,-23.551348702902942,0.14458122599613865,-0.7619429423266618,-5.6643959968349,2,0,176,16
-11.074520889411646,9.250290014279567,-0.15413989277778606,-23.551348702902942,0.14458122599613865,-0.7619429423266618,2,0,177,15
1.0224426152661208,-11.074520889411646,9.250290014279567,-0.15413989277778606,-23.551348702902942,0.14458122599613865,2,0,178,14
-12.626356241316707,1.0224426152661208,-11.074520889411646,9.250290014279567,-0.15413989277778606,-23.551348702902942,2,0,179,13
2.255317249474045,-12.626356241316707,1.0224426152661208,-11.074520889411646,9.250290014279567,-0.15413989277778606,2,0,180,12
-11.721898384379811,2.255317249474045,-12.626356241316707,1.0224426152661208,-11.074520889411646,9.250290014279567,2,0,181,11
-0.4376465966097349,-11.721898384379811,2.255317249474045,-12.626356241316707,1.0224426152661208,-11.074520889411646,2,0,182,10
0.18885051179707837,-0.4376465966097349,-11.721898384379811,2.255317249474045,-12.626356241316707,1.0224426152661208,2,0,183,9
-7.40265611573276,0.18885051179707837,-0.4376465966097349,-11.721898384379811,2.255317249474045,-12.626356241316707,2,0,184,8
-2.375275668893102,-7.40265611573276,0.18885051179707837,-0.4376465966097349,-11.721898384379811,2.255317249474045,2,0,185,7
-0.6050384608632207,-2.375275668893102,-7.40265611573276,0.18885051179707837,-0.4376465966097349,-11.721898384379811,2,0,186,6
-1.7589427296902738,-0.6050384608632207,-2.375275668893102,-7.40265611573276,0.18885051179707837,-0.4376465966097349,2,1,187,5
1.01236513635903,-1.7589427296902738,-0.6050384608632207,-2.375275668893102,-7.40265611573276,0.18885051179707837,2,1,188,4
-1.630763642751536,1.01236513635903,-1.7589427296902738,-0.6050384608632207,-2.375275668893102,-7.40265611573276,2,1,189,3
3.0602871684471484,-1.630763642751536,1.01236513635903,-1.7589427296902738,-0.6050384608632207,-2.375275668893102,2,1,190,2
5.630958044704525,3.0602871684471484,-1.630763642751536,1.01236513635903,-1.7589427296902738,-0.6050384608632207,2,1,191,1
5.644883298244483,5.630958044704525,3.0602871684471484,-1.630763642751536,1.01236513635903,-1.7589427296902738,3,1,0,0
7.216405322017499,5.644883298244483,5.630958044704525,3.0602871684471484,-1.630763642751536,1.01236513635903,3,1,1,296
12.425823733897218,7.216405322017499,5.644883298244483,5.630958044704525,3.0602871684471484,-1.630763642751536,3,1,2,295
13.657414321472192,12.425823733897218,7.216405322017499,5.644883298244483,5.630958044704525,3.0602871684471484,3,1,3,294
8.604202914677085,13.657414321472192,12.425823733897218,7.216405322017499,5.644883298244483,5.630958044704525,3,1,4,293
4.011661717274308,8.604202914677085,13.657414321472192,12.425823733897218,7.216405322017499,5.644883298244483,3,0,5,292
1.8810114786389036,4.011661717274308,8.604202914677085,13.657414321472192,12.425823733897218,7.216405322017499,3,0,6,291
7.305282734843835,1.8810114786389036,4.011661717274308,8.604202914677085,13.657414321472192,12.425823733897218,3,0,7,290
8.938084396363642,7.305282734843835,1.8810114786389036,4.011661717274308,8.604202914677085,13.657414321472192,3,0,8,289
11.624714966237233,8.938084396363642,7.305282734843835,1.8810114786389036,4.011661717274308,8.604202914677085,3,0,9,288
10.737325328908799,11.624714966237233,8.938084396363642,7.305282734843835,1.8810114786389036,4.011661717274308,3,0,10,287
11.417770811436876,10.737325328908799,11.624714966237233,8.938084396363642,7.305282734843835,1.8810114786389036,3,0,11,286
10.477198627165395,11.417770811436876,10.737325328908799,11.624714966237233,8.938084396363642,7.305282734843835,3,0,12,285
9.669584995571551,10.477198627165395,11.417770811436876,10.737325328908799,11.624714966237233,8.938084396363642,3,0,13,284
10.736393068467253,9.669584995571551,10.477198627165395,11.417770811436876,10.737325328908799,11.624714966237233,3,0,14,283
15.064794852807601,10.736393068467253,9.669584995571551,10.477198627165395,11.417770811436876,10.737325328908799,3,0,15,282
16.310939826929726,15.064794852807601,10.736393068467253,9.669584995571551,10.477198627165395,11.417770811436876,3,0,16,281
16.669911065832984,16.310939826929726,15.064794852807601,10.736393068467253,9.669584995571551,10.477198627165395,3,0,17,280
13.111207963432129,16.669911065832984,16.310939826929726,15.064794852807601,10.736393068467253,9.669584995571551,3,0,18,279
11.623757237585053,13.111207963432129,16.669911065832984,16.310939826929726,15.064794852807601,10.736393068467253,3,0,19,278
12.940653953955609,11.623757237585053,13.111207963432129,16.669911065832984,16.310939826929726,15.064794852807601,3,0,20,277
11.845535005118922,12.940653953955609,11.623757237585053,13.111207963432129,16.669911065832984,16.310939826929726,3,0,21,276
14.66099154057736,11.845535005118922,12.940653953955609,11.623757237585053,13.111207963432129,16.669911065832984,3,0,22,275
9.000369958810232,14.66099154057736,11.845535005118922,12.940653953955609,11.623757237585053,13.111207963432129,3,0,23,274
12.96244172934366,9.000369958810232,14.66099154057736,11.845535005118922,12.940653953955609,11.623757237585053,3,0,24,273
15.175438471137905,12.96244172934366,9.000369958810232,14.66099154057736,11.845535005118922,12.940653953955609,3,0,25,272
15.259234205919675,15.175438471137905,12.96244172934366,9.000369958810232,14.66099154057736,11.845535005118922,3,0,26,271
15.507337659039539,15.259234205919675,15.175438471137905,12.96244172934366,9.000369958810232,14.66099154057736,3,0,27,270
13.137268577071247,15.507337659039539,15.259234205919675,15.175438471137905,12.96244172934366,9.000369958810232,3,0,28,269
12.483750168742754,13.137268577071247,15.507337659039539,15.259234205919675,15.175438471137905,12.96244172934366,3,0,29,268
10.3995180044086,12.483750168742754,13.137268577071247,15.507337659039539,15.259234205919675,15.175438471137905,3,0,30,267
10.945960735758606,10.3995180044086,12.483750168742754,13.137268577071247,15.507337659039539,15.259234205919675,3,0,31,266
11.170736492277133,10.945960735758606,10.3995180044086,12.483750168742754,13.137268577071247,15.507337659039539,3,0,32,265
9.644442651378304,11.170736492277133,10.945960735758606,10.3995180044086,12.483750168742754,13.137268577071247,3,0,33,264
10.219598770070245,9.644442651378304,11.170736492277133,10.945960735758606,10.3995180044086,12.483750168742754,3,0,34,263
12.982246663591813,10.219598770070245,9.644442651378304,11.170736492277133,10.945960735758606,10.3995180044086,3,0,35,262
11.527837190455573,12.982246663591813,10.219598770070245,9.644442651378304,11.170736492277133,10.945960735758606,3,0,36,261
11.598358934002142,11.527837190455573,12.982246663591813,10.219598770070245,9.644442651378304,11.170736492277133,3,0,37,260
11.431985111206659,11.598358934002142,11.527837190455573,12.982246663591813,10.219598770070245,9.644442651378304,3,0,38,259
11.33730057025392,11.431985111206659,11.598358934002142,11.527837190455573,12.982246663591813,10.219598770070245,3,0,39,258
15.536156322222663,11.33730057025392,11.431985111206659,11.598358934002142,11.527837190455573,12.982246663591813,3,0,40,257
13.590540358129106,15.536156322222663,11.33730057025392,11.431985111206659,11.598358934002142,11.527837190455573,3,0,41,256
15.510468063172796,13.590540358129106,15.536156322222663,11.33730057025392,11.431985111206659,11.598358934002142,3,0,42,255
14.430080003011717,15.510468063172796,13.590540358129106,15.536156322222663,11.33730057025392,11.431985111206659,3,0,43,254
14.304440397359299,14.430080003011717,15.510468063172796,13.590540358129106,15.536156322222663,11.33730057025392,3,0,44,253
14.099088617118975,14.304440397359299,14.430080003011717,15.510468063172796,13.590540358129106,15.536156322222663,3,0,45,252
12.424035071217803,14.099088617118975,14.304440397359299,14.430080003011717,15.510468063172796,13.590540358129106,3,0,46,251
10.686092019693762,12.424035071217803,14.099088617118975,14.304440397359299,14.430080003011717,15.510468063172796,3,0,47,250
13.884334474976445,10.686092019693762,12.424035071217803,14.099088617118975,14.304440397359299,14.430080003011717,3,0,48,249
14.299330019760408,13.884334474976445,10.686092019693762,12.424035071217803,14.099088617118975,14.304440397359299,3,0,49,248
14.944803391568898,14.299330019760408,13.884334474976445,10.686092019693762,12.424035071217803,14.099088617118975,3,0,50,247
15.378531515035053,14.944803391568898,14.299330019760408,13.884334474976445,10.686092019693762,12.424035071217803,3,0,51,246
14.522943827860505,15.378531515035053,14.944803391568898,14.299330019760408,13.884334474976445,10.686092019693762,3,0,52,245
13.14136684207125,14.522943827860505,15.378531515035053,14.944803391568898,14.299330019760408,13.884334474976445,3,0,53,244
7.6992284009895755,13.14136684207125,14.522943827860505,15.378531515035053,14.944803391568898,14.299330019760408,3,0,54,243
8.485948706187155,7.6992284009895755,13.14136684207125,14.522943827860505,15.378531515035053,14.944803391568898,3,0,55,242
5.5953907273766905,8.485948706187155,7.6992284009895755,13.14136684207125,14.522943827860505,15.378531515035053,3,0,56,241
8.477956360027198,5.5953907273766905,8.485948706187155,7.6992284009895755,13.14136684207125,14.522943827860505,3,0,57,240
14.11291896925887,8.477956360027198,5.5953907273766905,8.485948706187155,7.6992284009895755,13.14136684207125,3,0,58,239
22.291861355360883,14.11291896925887,8.477956360027198,5.5953907273766905,8.485948706187155,7.6992284009895755,3,0,59,238
26.937559468954447,22.291861355360883,14.11291896925887,8.477956360027198,5.5953907273766905,8.485948706187155,3,0,60,237
29.064281616041658,26.937559468954447,22.291861355360883,14.11291896925887,8.477956360027198,5.5953907273766905,3,0,61,236
29.44732015678064,29.064281616041658,26.937559468954447,22.291861355360883,14.11291896925887,8.477956360027198,3,0,62,235
28.860292484833828,29.44732015678064,29.064281616041658,26.937559468954447,22.291861355360883,14.11291896925887,3,0,63,234
30.72962589602388,28.860292484833828,29.44732015678064,29.064281616041658,26.937559468954447,22.291861355360883,3,0,64,233
30.577126890154748,30.72962589602388,28.860292484833828,29.44732015678064,29.064281616041658,26.937559468954447,3,0,65,232
30.822907697021872,30.577126890154748,30.72962589602388,28.860292484833828,29.44732015678064,29.064281616041658,3,0,66,231
28.861730011276748,30.822907697021872,30.577126890154748,30.72962589602388,28.860292484833828,29.44732015678064,3,0,67,230
30.38989370745748,28.861730011276748,30.822907697021872,30.577126890154748,30.72962589602388,28.860292484833828,3,0,68,229
31.146498177309642,30.38989370745748,28.861730011276748,30.822907697021872,30.577126890154748,30.72962589602388,3,0,69,228
31.121501125243167,31.146498177309642,30.38989370745748,28.861730011276748,30.822907697021872,30.577126890154748,3,0,70,227
30.272842637605763,31.121501125243167,31.146498177309642,30.38989370745748,28.861730011276748,30.822907697021872,3,0,71,226
32.7555234162498,30.272842637605763,31.121501125243167,31.146498177309642,30.38989370745748,28.861730011276748,3,0,72,225
35.884489328603166,32.7555234162498,30.272842637605763,31.121501125243167,31.146498177309642,30.38989370745748,3,0,73,224
35.02814923037205,35.884489328603166,32.7555234162498,30.272842637605763,31.121501125243167,31.146498177309642,3,0,74,223
33.90956260250469,35.02814923037205,35.884489328603166,32.7555234162498,30.272842637605763,31.121501125243167,3,0,75,222
37.88765518137522,33.90956260250469,35.02814923037205,35.884489328603166,32.7555234162498,30.272842637605763,3,0,76,221
41.44345501717062,37.88765518137522,33.90956260250469,35.02814923037205,35.884489328603166,32.7555234162498,3,0,77,220
46.323182876724275,41.44345501717062,37.88765518137522,33.90956260250469,35.02814923037205,35.884489328603166,3,0,78,219
47.88312739158063,46.323182876724275,41.44345501717062,37.88765518137522,33.90956260250469,35.02814923037205,3,0,79,218
46.383995507238446,47.88312739158063,46.323182876724275,41.44345501717062,37.88765518137522,33.90956260250469,3,0,80,217
43.29630321693124,46.383995507238446,47.88312739158063,46.323182876724275,41.44345501717062,37.88765518137522,3,0,81,216
40.8787997643193,43.29630321693124,46.383995507238446,47.88312739158063,46.323182876724275,41.44345501717062,3,0,82,215
38.60603076072576,40.8787997643193,43.29630321693124,46.383995507238446,47.88312739158063,46.323182876724275,3,0,83,214
33.707549665038684,38.60603076072576,40.8787997643193,43.29630321693124,46.383995507238446,47.88312739158063,3,0,84,213
31.296267307659342,33.707549665038684,38.60603076072576,40.8787997643193,43.29630321693124,46.383995507238446,3,0,85,212
31.760214344822636,31.296267307659342,33.707549665038684,38.60603076072576,40.8787997643193,43.29630321693124,3,0,86,211
32.090425680287915,31.760214344822636,31.296267307659342,33.707549665038684,38.60603076072576,40.8787997643193,3,0,87,210
32.48463563377743,32.090425680287915,31.760214344822636,31.296267307659342,33.707549665038684,38.60603076072576,3,0,88,209
33.96004970830099,32.48463563377743,32.090425680287915,31.760214344822636,31.296267307659342,33.707549665038684,3,0,89,208
37.572171564075504,33.96004970830099,32.48463563377743,32.090425680287915,31.760214344822636,31.296267307659342,3,0,90,207
43.603277824415144,37.572171564075504,33.96004970830099,32.48463563377743,32.090425680287915,31.760214344822636,3,0,91,206
49.964633072069994,43.603277824415144,37.572171564075504,33.96004970830099,32.48463563377743,32.090425680287915,3,0,92,205
49.8786800653494,49.964633072069994,43.603277824415144,37.572171564075504,33.96004970830099,32.48463563377743,3,0,93,204
48.18021999485438,49.8786800653494,49.964633072069994,43.603277824415144,37.572171564075504,33.96004970830099,3,0,94,203
45.55802866259957,48.18021999485438,49.8786800653494,49.964633072069994,43.603277824415144,37.572171564075504,3,0,95,202
44.068245802914994,45.55802866259957,48.18021999485438,49.8786800653494,49.964633072069994,43.603277824415144,3,0,96,201
42.36130614268488,44.068245802914994,45.55802866259957,48.18021999485438,49.8786800653494,49.964633072069994,3,0,97,200
41.006286268908106,42.36130614268488,44.068245802914994,45.55802866259957,48.18021999485438,49.8786800653494,3,0,98,199
39.43967047642677,41.006286268908106,42.36130614268488,44.068245802914994,45.55802866259957,48.18021999485438,3,0,99,198
37.063909288517735,39.43967047642677,41.006286268908106,42.36130614268488,44.068245802914994,45.55802866259957,3,0,100,197
34.390774183573726,37.063909288517735,39.43967047642677,41.006286268908106,42.36130614268488,44.068245802914994,3,0,101,196
32.47886242919867,34.390774183573726,37.063909288517735,39.43967047642677,41.006286268908106,42.36130614268488,3,0,102,195
29.054676483221,32.47886242919867,34.390774183573726,37.063909288517735,39.43967047642677,41.006286268908106,3,0,103,194
31.86386947640824,29.054676483221,32.47886242919867,34.390774183573726,37.063909288517735,39.43967047642677,3,0,104,193
39.17399364035471,31.86386947640824,29.054676483221,32.47886242919867,34.390774183573726,37.063909288517735,3,0,105,192
41.570982856635226,39.17399364035471,31.86386947640824,29.054676483221,32.47886242919867,34.390774183573726,3,0,106,191
43.964241155385345,41.570982856635226,39.17399364035471,31.86386947640824,29.054676483221,32.47886242919867,3,0,107,190
38.565144263550444,43.964241155385345,41.570982856635226,39.17399364035471,31.86386947640824,29.054676483221,3,0,108,189
38.73549047033368,38.565144263550444,43.964241155385345,41.570982856635226,39.17399364035471,31.86386947640824,3,0,109,188
34.078050861237315,38.73549047033368,38.565144263550444,43.964241155385345,41.570982856635226,39.17399364035471,3,0,110,187
35.4541800371914,34.078050861237315,38.73549047033368,38.565144263550444,43.964241155385345,41.570982856635226,3,0,111,186
37.26257161036881,35.4541800371914,34.078050861237315,38.73549047033368,38.565144263550444,43.964241155385345,3,0,112,185
42.44733798479685,37.26257161036881,35.4541800371914,34.078050861237315,38.73549047033368,38.565144263550444,3,0,113,184
42.306499740224396,42.44733798479685,37.26257161036881,35.4541800371914,34.078050861237315,38.73549047033368,3,0,114,183
37.433939059828646,42.306499740224396,42.44733798479685,37.26257161036881,35.4541800371914,34.078050861237315,3,0,115,182
33.35441688602684,37.433939059828646,42.306499740224396,42.44733798479685,37.26257161036881,35.4541800371914,3,0,116,181
29.306943496828563,33.35441688602684,37.433939059828646,42.306499740224396,42.44733798479685,37.26257161036881,3,0,117,180
29.80495553600853,29.306943496828563,33.35441688602684,37.433939059828646,42.306499740224396,42.44733798479685,3,0,118,179
25.221129941255526,29.80495553600853,29.306943496828563,33.35441688602684,37.433939059828646,42.306499740224396,3,0,119,178
27.66819208418265,25.221129941255526,29.80495553600853,29.306943496828563,33.35441688602684,37.433939059828646,3,0,120,177
25.023868302326328,27.66819208418265,25.221129941255526,29.80495553600853,29.306943496828563,33.35441688602684,3,0,121,176
24.36355515020222,25.023868302326328,27.66819208418265,25.221129941255526,29.80495553600853,29.306943496828563,3,0,122,175
25.81120638023637,24.36355515020222,25.023868302326328,27.66819208418265,25.221129941255526,29.80495553600853,3,0,123,174
28.369100392646533,25.81120638023637,24.36355515020222,25.023868302326328,27.66819208418265,25.221129941255526,3,0,124,173
26.81716320816296,28.369100392646533,25.81120638023637,24.36355515020222,25.023868302326328,27.66819208418265,3,0,125,172
25.25899420295521,26.81716320816296,28.369100392646533,25.81120638023637,24.36355515020222,25.023868302326328,3,0,126,171
23.624020430383016,25.25899420295521,26.81716320816296,28.369100392646533,25.81120638023637,24.36355515020222,3,0,127,170
23.666269403839507,23.624020430383016,25.25899420295521,26.81716320816296,28.369100392646533,25.81120638023637,3,0,128,169
22.956872271570763,23.666269403839507,23.624020430383016,25.25899420295521,26.81716320816296,28.369100392646533,3,0,129,168
22.322511446990045,22.956872271570763,23.666269403839507,23.624020430383016,25.25899420295521,26.81716320816296,3,0,130,167
21.2285841218849,22.322511446990045,22.956872271570763,23.666269403839507,23.624020430383016,25.25899420295521,3,0,131,166
20.45448626936645,21.2285841218849,22.322511446990045,22.956872271570763,23.666269403839507,23.624020430383016,3,0,132,165
21.12183027703731,20.45448626936645,21.2285841218849,22.322511446990045,22.956872271570763,23.666269403839507,3,0,133,164
24.864552296699813,21.12183027703731,20.45448626936645,21.2285841218849,22.322511446990045,22.956872271570763,3,0,134,163
26.283617895523196,24.864552296699813,21.12183027703731,20.45448626936645,21.2285841218849,22.322511446990045,3,0,135,162
26.901851144740892,26.283617895523196,24.864552296699813,21.12183027703731,20.45448626936645,21.2285841218849,3,0,136,161
25.953025720062467,26.901851144740892,26.283617895523196,24.864552296699813,21.12183027703731,20.45448626936645,3,0,137,160
26.790175302009064,25.953025720062467,26.901851144740892,26.283617895523196,24.864552296699813,21.12183027703731,3,0,138,159
25.516778717437457,26.790175302009064,25.953025720062467,26.901851144740892,26.283617895523196,24.864552296699813,3,0,139,158
27.643213913650516,25.516778717437457,26.790175302009064,25.953025720062467,26.901851144740892,26.283617895523196,3,0,140,157
27.02117058613776,27.643213913650516,25.516778717437457,26.790175302009064,25.953025720062467,26.901851144740892,3,0,141,156
29.31321343465372,27.02117058613776,27.643213913650516,25.516778717437457,26.790175302009064,25.953025720062467,3,0,142,155
33.88244216565596,29.31321343465372,27.02117058613776,27.643213913650516,25.516778717437457,26.790175302009064,3,0,143,154
32.12991842792827,33.88244216565596,29.31321343465372,27.02117058613776,27.643213913650516,25.516778717437457,3,0,144,153
28.113204366727302,32.12991842792827,33.88244216565596,29.31321343465372,27.02117058613776,27.643213913650516,3,0,145,152
26.507678183186393,28.113204366727302,32.12991842792827,33.88244216565596,29.31321343465372,27.02117058613776,3,0,146,151
31.309145486719316,26.507678183186393,28.113204366727302,32.12991842792827,33.88244216565596,29.31321343465372,3,0,147,150
32.76431706782631,31.309145486719316,26.507678183186393,28.113204366727302,32.12991842792827,33.88244216565596,3,0,148,149
34.52842271580535,32.76431706782631,31.309145486719316,26.507678183186393,28.113204366727302,32.12991842792827,3,0,149,148
39.08252713749781,34.52842271580535,32.76431706782631,31.309145486719316,26.507678183186393,28.113204366727302,3,0,150,147
39.16791896307952,39.08252713749781,34.52842271580535,32.76431706782631,31.309145486719316,26.507678183186393,3,0,151,146
35.27634578646996,39.16791896307952,39.08252713749781,34.52842271580535,32.76431706782631,31.309145486719316,3,0,152,145
30.550188159888183,35.27634578646996,39.16791896307952,39.08252713749781,34.52842271580535,32.76431706782631,3,0,153,144
26.811146523381076,30.550188159888183,35.27634578646996,39.16791896307952,39.08252713749781,34.52842271580535,3,0,154,143
28.080962806061514,26.811146523381076,30.550188159888183,35.27634578646996,39.16791896307952,39.08252713749781,3,0,155,142
25.14805183645415,28.080962806061514,26.811146523381076,30.550188159888183,35.27634578646996,39.16791896307952,3,0,156,141
26.990518728312786,25.14805183645415,28.080962806061514,26.811146523381076,30.550188159888183,35.27634578646996,3,0,157,140
26.751564304353312,26.990518728312786,25.14805183645415,28.080962806061514,26.811146523381076,30.550188159888183,3,0,158,139
29.756329401890206,26.751564304353312,26.990518728312786,25.14805183645415,28.080962806061514,26.811146523381076,3,0,159,138
32.36218560863026,29.756329401890206,26.751564304353312,26.990518728312786,25.14805183645415,28.080962806061514,3,0,160,137
32.59032607011766,32.36218560863026,29.756329401890206,26.751564304353312,26.990518728312786,25.14805183645415,3,0,161,136
31.248589630629656,32.59032607011766,32.36218560863026,29.756329401890206,26.751564304353312,26.990518728312786,3,0,162,135
31.0329253002025,31.248589630629656,32.59032607011766,32.36218560863026,29.756329401890206,26.751564304353312,3,0,163,134
33.11184921206315,31.0329253002025,31.248589630629656,32.59032607011766,32.36218560863026,29.756329401890206,3,0,164,133
34.426468946364984,33.11184921206315,31.0329253002025,31.248589630629656,32.59032607011766,32.36218560863026,3,0,165,132
43.07299818892916,34.426468946364984,33.11184921206315,31.0329253002025,31.248589630629656,32.59032607011766,3,0,166,131
51.06722006414912,43.07299818892916,34.426468946364984,33.11184921206315,31.0329253002025,31.248589630629656,3,0,167,130
52.81941137096226,51.06722006414912,43.07299818892916,34.426468946364984,33.11184921206315,31.0329253002025,3,0,168,129
48.73436101049011,52.81941137096226,51.06722006414912,43.07299818892916,34.426468946364984,33.11184921206315,3,0,169,128
44.17764089460136,48.73436101049011,52.81941137096226,51.06722006414912,43.07299818892916,34.426468946364984,3,0,170,127
43.3085091612707,44.17764089460136,48.73436101049011,52.81941137096226,51.06722006414912,43.07299818892916,3,0,171,126
41.81065572980333,43.3085091612707,44.17764089460136,48.73436101049011,52.81941137096226,51.06722006414912,3,0,172,125
43.88907159803356,41.81065572980333,43.3085091612707,44.17764089460136,48.73436101049011,52.81941137096226,3,0,173,124
47.73236029572014,43.88907159803356,41.81065572980333,43.3085091612707,44.17764089460136,48.73436101049011,3,0,174,123
51.573023530310515,47.73236029572014,43.88907159803356,41.81065572980333,43.3085091612707,44.17764089460136,3,0,175,122
51.00719767230729,51.573023530310515,47.73236029572014,43.88907159803356,41.81065572980333,43.3085091612707,3,0,176,121
49.27004005062419,51.00719767230729,51.573023530310515,47.73236029572014,43.88907159803356,41.81065572980333,3,0,177,120
41.814143894937544,49.27004005062419,51.00719767230729,51.573023530310515,47.73236029572014,43.88907159803356,3,0,178,119
40.53978206119021,41.814143894937544,49.27004005062419,51.00719767230729,51.573023530310515,47.73236029572014,3,0,179,118
43.40477438205554,40.53978206119021,41.814143894937544,49.27004005062419,51.00719767230729,51.573023530310515,3,0,180,117
43.58688199099494,43.40477438205554,40.53978206119021,41.814143894937544,49.27004005062419,51.00719767230729,3,0,181,116
42.73448310809378,43.58688199099494,43.40477438205554,40.53978206119021,41.814143894937544,49.27004005062419,3,0,182,115
42.78639077102892,42.73448310809378,43.58688199099494,43.40477438205554,40.53978206119021,41.814143894937544,3,0,183,114
39.85961531843789,42.78639077102892,42.73448310809378,43.58688199099494,43.40477438205554,40.53978206119021,3,0,184,113
42.235567323351184,39.85961531843789,42.78639077102892,42.73448310809378,43.58688199099494,43.40477438205554,3,0,185,112
40.19231875618492,42.235567323351184,39.85961531843789,42.78639077102892,42.73448310809378,43.58688199099494,3,0,186,111
39.27343338596226,40.19231875618492,42.235567323351184,39.85961531843789,42.78639077102892,42.73448310809378,3,0,187,110
37.0623807562598,39.27343338596226,40.19231875618492,42.235567323351184,39.85961531843789,42.78639077102892,3,0,188,109
39.695666868113776,37.0623807562598,39.27343338596226,40.19231875618492,42.235567323351184,39.85961531843789,3,0,189,108
37.24755061005738,39.695666868113776,37.0623807562598,39.27343338596226,40.19231875618492,42.235567323351184,3,0,190,107
38.54477259895108,37.24755061005738,39.695666868113776,37.0623807562598,39.27343338596226,40.19231875618492,3,0,191,106
40.52878923232876,38.54477259895108,37.24755061005738,39.695666868113776,37.0623807562598,39.27343338596226,3,0,192,105
44.94227402204015,40.52878923232876,38.54477259895108,37.24755061005738,39.695666868113776,37.0623807562598,3,0,193,104
52.534901842831815,44.94227402204015,40.52878923232876,38.54477259895108,37.24755061005738,39.695666868113776,3,0,194,103
57.062955295615424,52.534901842831815,44.94227402204015,40.52878923232876,38.54477259895108,37.24755061005738,3,0,195,102
63.435143508488494,57.062955295615424,52.534901842831815,44.94227402204015,40.52878923232876,38.54477259895108,3,0,196,101
64.89249635344137,63.435143508488494,57.062955295615424,52.534901842831815,44.94227402204015,40.52878923232876,3,0,197,100
