0
1.105305740199813
1.0067032206025086
0.6317418726781623
1.6917358107464862
1.9358753708241616
1.0574001677233253
1.7642342258727874
2.0045770074239413
1.0878348205237487
1.2615291970335034
1.5783745345050617
1.2042102536308097
0.3709793589724961
0.46452388503335235
0.6702554283151494
-0.34773681051144617
-0.2074017432866165
0.4447086106255146
-0.24631813934732377
-1.0090948912957205
-0.06223560003515752
0.37550693181755557
-0.5447039748260445
0.47413750052975523
0.655506622820442
0.4383335395665653
0.7280974951563465
1.0010601704651152
0.5420374544149495
0.8513677769173102
1.6336419287523494
1.279789296969101
1.0612189732905661
1.7458633600206817
2.0768094514381463
1.1802556832345978
2.3862728405063733
2.733747928532374
1.6692784840221506
1.6461884856606763
1.7030957942853264
1.0613036923405992
0.8050874548192837
1.1858537435181091
1.0741788598489956
1.2850765028261297
1.4631475399570004
1.8301725689786452
1.9704079812827175
1.9480325757823653
1.799282075378915
2.477002633509384
2.273979533427514
3.1172676151269103
2.945277593534869
2.0405467061842124
2.6907485252596994
2.029558468203507
1.459764152115831
2.1016563486413333
1.6530181222747071
1.1171962673091063
1.4013700123210762
0.7761480603503257
-0.2634311768035573
0.23415738045454645
-0.054636361314456594
1.2633766425682977
1.3348248109692675
0.3824506152055461
0.9024154318331564
1.4063305689139185
1.3042989582188607
1.4359105323151
1.5116970395846017
1.4393339805094838
1.4111763800254793
1.4273099937359406
1.8136606437149319
1.810902812087358
0.9792649731009747
2.1295495301495793
1.4469918884303246
0.8425719393081414
1.2488712757092935
0.953125114087458
0.32312181506976434
0.5208943751917882
1.0917355376166107
0.8176642331867345
0.27666699503843356
0.7055758938997087
1.410000773392897
1.2100872787801034
1.156475127237375
1.4748310851077249
1.5916619840900836
0.5650100206934688
1.1335082889464514
1.3360608426003255
0.5973996494835702
0.8321449846088074
0.61727045456221
0.3349819307118144
0.5098549848918453
0.5918537049683468
0.01879760682963927
0.5454014992678198
0.8049075215906114
-0.5730445531221662
-0.43037679605761625
0.6791738918653207
0.08914132793288468
-0.21789231890644853
-0.6837884097079447
0.2000925507110793
0.2564640528415793
0.1993221518618285
1.0078805934728075
2.2307342020855008
2.325264767920515
1.8892992927334828
3.047362215257831
3.551819663057227
3.3706947102702847
3.9697758592985815
4.282691552693045
4.412089985859072
4.983086772513249
6.296371993205094
5.250016535642925
5.703288391830263
6.32358457125698
4.666667253888838
5.344612406589898
5.741906550755068
4.743201876967717
5.833105340587444
5.943003409820423
5.3361015463451755
6.568950425446768
7.025580653117824
6.050234917247209
5.608679547750945
5.989318631850061
5.643970730117016
5.9381312955176995
6.1097304672127235
5.673017396400882
6.016940320033062
6.674041762766969
6.018426494723982
6.475796800873324
7.052880781121775
5.22146850951169
5.117501985339538
5.865996928348171
5.181427965656916
5.395040444997165
5.7766263913145846
4.973727968238525
6.021452704996013
6.362802285875772
5.448751769621673
6.567220318055079
7.058449621949879
5.8208661532995105
6.438150628038756
7.346595127380652
5.600933923986624
4.797063875463647
5.591715974054744
3.328901483945777
3.6736061364482557
4.349400435942298
3.4480180515432974
3.1774829336531245
3.8296317886123106
3.0586184741778
3.5651666428007736
3.5352312200983382
2.6472201468250542
3.0220882631325354
3.070392377842768
2.7261270607059345
1.924058476410171
1.5949085174093214
2.0093214251282077
1.9115565168535205
1.5187269726542134
1.6671609657823534
1.8595534975892325
1.917071216977868
2.187020430298886
2.581390220220539
2.423357768109532
2.0883382693221324
2.5408992366111494
2.832400830031929
2.0948980007289593
4.248530295067812
0.060869087588433235
11.955146891872104
-2.564802933870491
-0.2482162842360194
2.8600792967634057
-9.686167254842275
0.24560843003562874
-16.266882137035328
-0.3442508391327328
-0.6807177057565071
-1.6937161498801057
3.3247714821471948
-4.89238510001281
-2.0212282298195907
-0.05606080702490249
10.509966887060232
-0.4521699604571714
0.6974270972245206
0.4812870432685843
-3.235488465173239
1.2390400179926426
-6.395324870408924
1.477536048151955
-8.232926743043647
3.3022381574358657
-9.380249834377127
1.7140035466376489
-7.079093370999754
-1.165775450378176
0.05313973224914977
-11.907594007347631
3.0303168058781296
-16.349507992308798
-2.7662235084671556
1.7191922098064862
-10.61689533274889
-0.5660427303462595
-0.6912057726379165
0.6003492169750254
4.519485327687905
-3.040103135599117
-0.08542102158226628
0.0691994623611798
-5.935341987193731
-0.37546635053821475
0.6179100785140662
-5.000351561421793
1.9980878409884515
-8.462116499015771
2.059516272695678
-6.044007711394654
-0.9069275036327357
1.6264690779270692
-5.154449947410713
-0.441690969467881
-2.198541861706348
-1.2310909673836175
-3.4997111031923107
-2.032307376109898
2.366777396086908
-3.4628297844495544
-0.2135688984817567
1.4059004056835525
-0.8072742352921121
-1.1310082532833297
-0.48611108866639624
1.845073786092916
-0.21802945656849704
-2.769448698309392
1.9699649798917884
-6.144098328329115
-1.0992823742466522
1.6040991216403373
-6.404469464872799
-2.144016848178139
-1.0657767361479098
1.201118877143741
1.1832445520043238
1.4385259819150944
1.300776950238882
0.15321224164099045
4.607505332413872
-0.1245331750686356
-2.3275683058098435
-2.613028250650687
-1.1061364867978298
-2.424129906757552
-2.196626139357673
2.352789705359581
-3.75294959190118
2.1498078638111986
-2.1913235615991296
-1.1495722255993621
0.6901447611260138
-3.6841165697195954
-1.204392553950242
-1.3216800827149144
-0.9896510913791029
1.389132748147343
-2.451621487196471
0.24059566686971276
-3.848522060842342
1.5108327059550097
-1.9276411664745368
0.5059670459929401
0.3262420932011893
-2.4989455158880247
-0.5063848236559364
1.1183951388463778
-1.0985372408007437
0.19470808957384872
-1.2065946610733176
1.0593189028458614
-1.8567471207496955
1.080680393510843
-1.401298698797004
0.40739088533516643
-1.0548118702562
0.32580559822062616
0.5356972473061256
1.9011720599577258
4.36238756081881
0.5173596159851357
6.2750556147064716
3.8442362071817193
5.5176772948179
5.484597629239913
5.549765071296863
7.786270517607894
4.879886154167957
9.671103345086074
2.134769877855179
10.897754599966087
3.266480728832914
10.686935959422996
6.396260894093069
7.615089758413591
10.030590342452893
6.210389665103419
12.998761922363691
2.9829200824224706
14.667861525399145
1.9766195179134143
13.653162913668192
2.623827093379332
11.817378698649028
2.9745264031171574
12.383565815041269
3.0201664792451837
13.086840012019021
5.328591886425733
12.287273677264462
6.87109319351608
10.050138380107544
8.18138691658686
9.857216423493572
7.326352175727525
9.306250509948168
8.98467565446529
7.507593517672014
10.276627698829701
6.529976446264378
10.222760408933846
5.974174442381818
8.953162506637732
6.064756737367203
4.891026504547003
7.600284662025491
4.450513940409207
7.399927778619366
3.269469852670499
7.996252922025285
2.4342769315549493
5.32985791057318
3.166232861804035
3.5544968238623325
4.055911647527163
2.819230735025555
5.295869329082875
2.846526425112387
4.844249426349727
3.064907087809381
6.7107183416417495
0.44492484109111086
5.457645898225362
-0.467850173279013
1.154225461566596
3.4610219462717624
-2.7233530800336707
-1.6761844570217974
0.22847762109204917
-4.792616018400584
-0.6570437992263498
-0.16909312146659586
1.972806901125089
1.2286359890285896
2.1421604462017063
1.413634543817621
0.48093806917153725
2.0065206314055337
1.1278346824551637
3.683470219480732
5.5270901627555595
10.273705724776441
10.825783770635063
7.685102419108356
6.5824811196289055
7.258238487076254
10.075620312691244
11.508897909768768
12.351936137356303
14.984177021524038
18.2587027063101
22.043486670936815
23.679007312155377
21.41541377085815
20.300001902370543
19.944401971171594
20.527169417458502
17.27525423460337
19.064033240160487
19.509942749885596
27.05611139317118
33.083241889918526
32.49101543698848
31.960402121216173
30.049851289776548
24.966711616685792
25.660159925003626
24.58265618347346
24.12337383997107
25.005415647501717
28.40243011942206
31.17826917503702
32.04048482476342
33.649193937984606
33.44432394449517
28.310354549983348
23.42379927575721
21.221815141947413
21.59435929795246
23.592311895047516
26.421441452723673
28.071445533762848
32.96489392690084
36.528599805894835
36.12458199129965
29.948941604615616
22.871908419598938
23.5869081053496
26.683697192004864
32.70251377812086
33.766127274016974
35.16215924032562
37.117907395829654
42.228327701750345
47.66149952564435
50.65767400234446
50.45950878457765
48.94963148321777
49.62417249393269
52.10226322386552
53.39328896690438
58.91827385836607
62.298455746048916
64.90629653880063
61.95702669485779
59.00816486821659
59.104613968412394
62.11548836583747
61.57799143042733
61.75359093929872
57.63596085200214
60.50885902265998
62.967220006038296
64.96670272972389
62.406612159285245
59.15468734407529
60.44979094795758
57.272658352175355
53.941730352625115
52.72273149854527
51.86310719607872
50.23667291273347
46.024057592187766
40.2239213783641
35.64087461286076
33.3930531456571
36.07339171952019
37.101094675599626
38.63808558392168
44.922191564609406
49.65920799590843
52.598358904153365
54.36734912245053
55.040732208590775
57.60892591347466
62.04824121938721
66.16504820748877
70.07787123950725
70.24481675819956
71.37492097498377
68.97229689416345
64.79278224985323
59.22633449786566
54.43132587194851
56.5286199840012
58.09093504328165
62.23343630575866
66.96795848526563
69.97737493414583
70.75767645841735
70.00031972800964
63.96509599337016
62.21102660269057
64.17208264554493
62.13281968082411
61.473664337581695
58.84342326268156
55.527741724156776
53.93244942775749
55.56404073098938
54.65799157905068
52.78739490189507
51.64686247752626
53.889206835604966
54.22656088919684
54.9254628994135
49.971504144656606
45.45520497814507
37.65403365597524
36.62919180812557
33.13111595147933
37.175740820718204
37.764570367859584
39.81179043906349
43.236885379894666
40.61031121583257
39.171465324447766
39.307663438231806
39.7825818770145
38.13813619579
37.19162837110619
39.84711639499436
37.38185198896418
38.813635321302655
38.64242919917111
42.46939552582859
41.57512455756231
42.28638625629221
43.059087327622144
43.953952120618254
43.69732197342332
44.28962224549462
41.233472548221606
35.73898628992757
29.856603070936934
25.902044711854096
21.835378866830965
21.827060492422913
24.169619116279087
29.512692856302287
32.152379706039525
34.489510047224165
39.29451623395026
40.31867470846104
42.70355935461826
44.91907692485271
43.06401942228327
39.53236841529361
34.04641131218048
26.74987643710868
20.895421625812446
17.760795364911438
14.036333459998051
15.25120729755145
13.383377010072477
12.831325553044918
12.104967125031886
13.297019167671452
12.303037443220369
14.090405615590115
14.162564933741386
12.111117134969769
11.785527965626109
13.880284386765808
15.473350555048075
10.85914928391861
4.206089696274173
-1.356783344682047
-3.7609777866499976
-0.6047686410454318
-2.7626305260305273
2.6849664091032053
3.053054786603095
2.436626553332558
0.33540886540601955
-3.370387175792259
-0.8434562786020295
0.9531739179447314
-1.7707887945530039
0.7189663866887289
5.156048778540168
0.09821731766791042
14.82314827535526
2.1530116463336637
17.666772776067486
10.62297853623505
16.116435121017773
11.808275631989162
16.056267042390164
9.7114353930702
16.14587141159066
8.30881200799631
12.719779114377795
14.295657601408607
10.218450573457881
14.708940483649013
16.037905783937205
16.70574864053563
17.745967763834727
17.953751128599535
18.662513817869353
15.053899737510527
14.057200522972314
13.2677242528218
7.256738930357398
4.2714164405695385
9.596157243932558
-0.3486935416195025
-0.7264685002074703
2.2451894508841708
-11.713572406235418
-2.770928916582645
-0.6226495696617528
-2.7401944566108725
4.50049324204658
-1.0915552219725555
0.10157720127614701
3.17773690214046
-2.7344572287393065
-2.5863511921106475
3.193025764911816
-9.070463281732064
0.9033216132723273
-9.634947696362769
-3.4842970021148956
2.059056299061304
-6.609730102311704
-4.798520267302333
2.312085341082207
-1.6061847573627972
-0.47212379099190116
3.049654947798544
0.8949352882100334
1.6845450086199008
5.717436513857278
1.9850170910504117
11.621683348446288
4.932188359279502
14.97006474643457
10.122584841039881
15.314317627209423
18.755521999172608
13.969193521989078
28.94904540366139
18.45619886550534
31.5283753417531
20.02689116239511
31.5809193072717
25.123505963673324
26.108799141261837
39.57642143108926
14.383316328286629
46.20994604973274
16.699466786337737
40.39953020475607
26.34032971810608
30.9687270769325
37.430645037217346
23.859972311254136
46.09633064166489
22.796883359979496
48.556566372480034
25.146255136086086
42.58530859405341
47.581680572955094
27.570068885104547
68.01721252510455
21.621272628144077
71.72325789992773
26.744999251092253
56.96791197005647
48.00271685470525
31.01836571501461
66.31120558879603
13.361638514373599
74.04935045034847
12.864678585273944
58.20083661940814
29.716129125656053
35.66465925163798
61.12760477165348
18.09113596349268
79.9392831919062
18.46504891369562
72.40813074266839
37.102419827915554
50.69562108588772
62.3954708940857
30.852544986836413
74.22556926051828
27.86790348679878
66.58169573483944
32.88746821465831
46.18584111166631
48.93619267197724
25.61663282136986
59.48912654304583
16.115810406432647
54.49107377626335
20.521259110642227
37.919086447225936
35.625441878852264
21.478718463468937
44.24038092264531
14.833617262017466
38.16820789982805
24.059822532508036
22.09853484881348
34.151557214546706
6.48776632398937
35.67703274094493
5.0633751708650765
26.236126113814667
11.743593769136215
11.361144832930346
18.086785869538502
7.514554583051459
20.81609432205785
10.87485850013432
15.11444619568848
13.235265840010735
13.376353156911204
15.925455509583132
12.184367876347752
12.556864693163908
12.371375410691302
10.073681821353482
11.684464532702322
9.550040896000047
10.254598060915496
5.98977016428935
9.801768194436683
10.821066784308417
7.125127396085974
16.93289929887248
9.581369984689347
23.236903252382316
15.63238654061698
17.850233658777622
24.273014281502604
15.950205713912087
30.593843982823394
17.898447007785517
32.08175178630763
27.254089779065815
28.861780746529146
35.21207398208397
25.381229726776144
40.12676889157099
28.247895553153043
35.76014397802018
34.58985925476221
29.476500408843645
39.916962625835154
28.18546074722307
43.65207443211385
27.663844346567423
40.613943500265634
30.960135064397353
29.683858176217505
38.62621417016099
22.486301503486093
41.222696069936525
30.146846361727015
33.777763811946784
38.67193854038355
28.878861119074386
42.905983110120395
26.98929027574955
38.15919385898153
30.211447116460807
29.710201131928848
30.60238614866346
24.963763431955158
30.217227205493785
27.835666003788134
27.86130523894851
