0
0.5207708073992288
0.21784005058903944
0.1883101839435702
0.04225043972487273
0.08978062451897742
0.4078790789751078
0.31753531108341193
-0.17731121392014626
0.21613110558494625
0.695781496559954
-0.08714793313637093
-0.6852219828445618
0.23797085322018816
-0.3274842458832942
0.617334696814035
1.0295162736314474
0.2207321701814888
0.948422630837291
1.5081542231993958
1.8092548714805132
3.3164691613071025
3.277232290822115
3.628677559630897
3.810602695506479
3.6780588825037484
4.6559269197966096
5.300265557513865
4.328535595477836
4.637488378700691
4.7672863065613775
4.234045710082335
4.530489123070194
4.786307169436215
4.024564694684635
5.185885803361456
4.53114536039822
3.7172574941645777
5.412427134542323
4.416110962161408
3.832399626253278
4.013781547176169
3.800096475119957
3.365499711363134
3.4457125834583326
3.4413026878955595
3.0742502957396027
3.3461586633656544
3.3131747780440923
3.066158211190536
4.016355630193497
2.674596980287152
1.873613066005389
2.870175726431986
2.845440547202232
2.444152081366072
3.0992959740923225
3.351702374016293
2.926317487913533
3.17343365332999
3.268513395943847
3.456941394541805
3.0464700141468395
2.814448209587672
2.1668527635122516
2.522608967970056
3.174129793434659
3.318535540472512
3.6692635188955802
3.9590226458739424
2.626763324319484
2.873216323047683
4.095459938160625
2.8744099019274736
2.5295495027066424
4.484054589679034
4.104402294323829
3.4159989280379444
3.671508179627823
3.4208644188591597
2.2265354502533485
2.5670048722183934
3.3228445459466904
2.138088574364894
1.933236448531732
2.5118713171262264
3.0556187420767906
3.153130036375723
2.996667013554159
3.4759889363325467
2.845086918631795
1.8536270167539737
2.4297302223119184
2.315839752535766
2.431460917753501
2.8653310067414575
2.5811878826272543
3.6163017634922037
4.155673563026494
3.6770465116942344
3.3850810350365155
3.0977673577549547
3.4695236583070894
3.3534988621323145
3.675754588247338
3.5870185512138657
3.4388822551170177
4.626370687964208
4.532110384510817
3.834550797261904
3.686206776419758
4.509624821391171
3.7215779189607945
3.714814293452205
4.881717601001119
4.592619627643557
3.847346305924273
4.022823782129151
4.011352168053998
3.074554795279555
3.055884503972661
3.064745793392026
2.889522487550377
2.067348568624949
2.110846140378816
2.291617336199268
2.093364921052634
1.9061849824318933
1.9114215728433062
1.5046256834242289
0.23027880362937414
0.7554429888907515
0.3640833232087147
-0.7487504581451399
0.45807469328780787
0.4291694276275196
-0.49664992105303146
0.12545493803338162
0.4766951631975849
0.6775455474934371
1.3177084808084538
0.9806545585232794
1.0620875618092747
1.5382737905671398
1.7531101466653467
1.0792910593355205
1.3049732101697689
1.3177871486384989
1.3523170187055213
0.6131083680101781
-0.021636484447623894
-1.728185969900915
-0.2546375832252241
0.9154869221542822
-0.07778992525483353
0.120397628028178
2.099998413241453
1.4830989410717081
1.4428038099668121
2.923928335320586
3.0536852219027337
2.9200398638908345
3.535205308147384
4.296951706776278
4.007195569043898
3.476833003114621
4.313004745085257
5.0569851462663875
4.09137906545465
4.336894770626944
5.652365839675971
6.081265384075402
6.276551852345181
6.59171251600438
7.148836606912219
6.783965222888211
6.395166530890739
7.128309625771243
7.345190767497057
7.191488936050828
7.922101434728279
7.876038253205739
7.496233527207646
8.635022914847635
9.567570963588771
8.999988545228362
9.433297926615234
10.687539371311187
9.750205700727967
9.841196872690254
9.996642568629525
9.335568730001926
9.294830975035556
9.326574708959097
8.537071861809089
8.549321644257509
9.262287818694926
8.246701712168269
8.3435136674839
7.866685435062179
6.858823607245078
6.565642717998524
6.955882802022055
6.012158721217478
5.5271632326117945
5.311406737350548
4.080699478864885
3.742364791582725
3.895697080677412
3.8084398363486383
4.541748608002014
4.3781487168549456
3.634956341653271
3.4887139866242487
4.5347421369566705
4.605143006747067
3.9828154854263946
4.880919832409822
5.144503448592714
4.6106241113027915
5.2033906793707505
5.639853086769944
4.562463752592947
4.893120309931397
5.591594842856936
5.822275380093043
6.583038474776613
6.928658203266571
7.156638473358074
8.077678501992404
8.311326506256401
8.34577391380608
8.118247617728896
8.99058821885856
8.907787308790466
8.6739911875026
9.595475939415731
10.162927487549059
10.211370102638735
10.466935202646809
11.346039357109811
11.702357505154431
11.364667907095216
11.13259032715996
11.078075186685648
12.218357277406428
11.741503464052554
11.559159495317124
13.05045736360056
12.603215226850791
12.710001801630572
12.901334787666327
12.602127170813208
12.73270502163911
12.93753825368974
12.240630355602333
12.958194970110025
12.971144230831216
12.452921328244932
12.826094212014514
13.10565963909806
13.246695919051236
13.835541366991327
13.665177535294859
13.754243651984442
13.748901281211571
14.186927296680016
13.927665742617004
14.197993685727166
15.248828277360204
14.8264677064149
14.472659039918472
14.31121694852862
13.847499700300046
13.853847644901805
13.657186700447967
13.560485985164025
13.583823098316335
14.096075826333417
14.457410908955469
14.90301059328192
15.272893182505634
14.3165396346508
14.155869437786048
13.971165705498285
13.912916870121611
14.417413458429374
14.936557457709924
14.301868018245706
14.878738633581664
15.941880234282651
15.670758514640978
15.487480063753587
16.276724786820132
15.719214715543021
16.249938525055885
17.05702175329634
16.505313132141563
16.584028134436934
17.404013120620263
16.338568193489582
16.059194398456697
18.254612966467384
17.849413375017082
17.98743779688926
19.579414178365408
19.3812699662196
19.86765589864516
20.620568079648805
19.46906790555011
19.009123140939415
18.860342561127645
17.302474246351238
17.17149608501377
17.145653143573846
16.53012737789768
17.100572787801813
17.12768096089099
16.511323238071785
17.693644140282988
17.54943610955878
17.41131147163936
18.218863081486912
18.389491456125587
18.371516528268774
18.764196297254372
19.00506770023259
18.442081645385183
19.16030593411959
19.269412330946768
18.804161105152698
17.964968139520742
17.57330240395617
17.009010824508383
16.936613722799528
16.603287898292784
17.225268806391078
16.64283723575804
17.258137877350794
17.91677615603338
17.31281525941822
17.37398155818153
18.57570195241403
17.91789551764139
18.81138440998542
19.20061836047399
19.291042320680262
20.315667852751755
20.10729344567713
21.076932513696004
21.12514811998845
21.277250544975363
20.644389980086984
20.871669496993444
21.68250711247919
20.006595227681217
20.267180292569936
21.443804408982512
20.86814309976542
20.582683330082215
21.52146900776935
21.730511983825075
20.906902084497506
21.73201544352575
22.02280114263028
21.759367488723882
23.09792942863624
21.565135007527616
20.389927070807328
21.506157660195363
21.42845399671931
21.001987512031633
21.258670318670973
20.56834362177552
20.619835459061004
21.218849371158388
20.795322533357464
20.581043088959593
21.309795942944554
20.130113352667315
18.816757158538476
19.13037814201661
18.204102553129534
18.354200791727727
18.203775490890575
17.950206421072814
18.64693393910228
18.634487521382066
18.759614947686163
18.939260897906603
19.831529915707872
19.450566791655895
18.926818396876065
20.428423223103188
19.73969655316675
19.664852855000266
21.085577197493677
20.42470313102828
21.07663745078101
23.195068237543364
22.41419810766805
22.736761955356574
20.64434928933878
23.076290853000245
19.480032967199424
22.219694135508846
17.592676833527513
22.009431209694434
17.143576799878353
21.908200816009096
14.986597632851133
21.100473516989812
13.914743169752464
20.692751326245133
14.854813612084572
20.34573682418743
16.834422609494855
16.8661846405032
18.509089621530464
13.213920416066037
20.724551119642527
11.672135454997285
19.272612795710753
10.908352527048319
17.71935219473561
9.544917533146247
17.455164213765396
11.293240005755843
16.280434792467744
12.802363202895682
14.791726463188754
13.322047704392851
12.914705785512936
14.063854262084076
13.570791945643737
13.93793916216512
15.617494766079618
16.160313109899924
12.812258527335322
15.98246510990981
13.954199933158936
15.876493382918694
11.885465264631645
17.796610691589063
13.78706530295296
18.900157094480594
15.567053291523914
19.56797351812337
16.207047492691952
21.675298709916923
17.65306089381842
21.162066080408476
19.01543180888769
21.61527906701156
23.08322804271951
21.178804361499637
27.05459104363428
22.0378403829587
27.555731971363173
23.28977939743217
26.082614883164304
26.087027837505996
26.578268355300267
26.52982358753554
25.58070934719272
27.272647732485087
27.764400954224705
27.62753014246657
30.519392984687137
29.23955930078744
31.14498937667928
29.340034426216324
30.08331344810764
30.338218995077373
29.898267453336423
28.15216238948142
29.073022069146973
27.6085204852476
28.958435623575976
26.510773688606438
30.228282007040754
26.75483934436772
29.869888836785236
27.358871553794824
27.74432168563284
28.326986216664242
25.904146881982044
28.74021140314189
24.689901337231763
25.918964502220483
27.89857075020766
21.306101908801878
30.52103339392144
19.505496173818948
31.817720812623737
21.3008359463281
28.806513088481164
24.086726745746954
27.054639436662846
30.094858092346676
25.30363960008432
29.9909069443862
25.66936123451543
26.232988900592797
27.201421564254026
23.94591608785773
27.58579196643069
24.43639895021847
27.230997183038085
23.102308793322578
26.851761582998765
23.27073498126038
24.99292652150558
24.393215279898982
23.798402956506617
24.933620478194623
24.22293598515475
22.84835296611552
26.50190191945969
21.634469554487044
28.843726387518817
17.72365453200855
29.8284066435842
17.812326443535664
26.3822811455483
19.146173871871856
23.03752404053812
20.05338883501204
23.284154882088
25.207836930277814
21.526694255540807
27.027601457736434
18.20705690653471
27.94942844769174
17.191145642287623
29.11930906159172
16.310544915855644
28.74014639858908
15.743117977119718
29.388610846191728
16.81814279166203
25.572221404436863
21.31906791026864
21.868617307777843
25.904612387733625
20.227963651096154
28.5252239660324
19.56288160959134
27.619851636896264
20.982080377124316
24.777814727980193
23.391037679683976
21.35490711261911
25.743595154401497
18.70263040657117
25.09127852964562
20.115589724342733
23.240912332599255
21.41449195123142
20.493065002892198
25.505089211929427
19.29805259943411
28.30642232648546
18.101311129636606
27.264637892307757
18.958052559600794
25.81251532350237
18.779049677836465
26.43744826924084
21.017598469733223
24.783314887952283
23.732288273030978
24.634667978169666
23.726749704684366
22.9331783662953
22.570975932128754
22.953435473331037
23.908350104663413
24.752717290666027
24.942889869935485
24.641340424210657
25.712057068472877
25.33491030176288
26.80507629162893
24.836991340913105
28.209493885892435
24.16265249915551
26.88720557088
23.80751464484362
26.457454100401378
25.375515444851192
24.78401926201253
26.766468782401695
23.834245943486124
28.974415315504753
22.30429290605162
28.572924088035755
22.358871966594236
26.99595899145386
22.97898584136054
23.49392957371152
21.2415004251966
23.987718913849886
25.709314854311437
28.120538286298608
28.31990892841091
29.17031460811223
26.311259318424998
23.427571493355927
25.756840220552185
26.686992588141543
30.47241758577758
32.0609856849937
35.494249588498825
36.05605993412205
34.32741614626331
30.17775739848197
29.1401795153859
29.296270785545662
33.464948064870136
34.2753455178425
34.932702952117694
35.91009713049963
36.135717825441205
34.16694061188062
34.515579769113245
37.62020653213712
38.8626667026483
34.839362929040824
35.66319138516103
34.25623579026867
35.036892733808614
38.163325229074985
46.86686335616971
53.381414598660925
60.647566304349745
67.51159486909428
71.00579522786562
73.73395793446923
73.24669061417342
74.12616675948796
75.34166757737829
77.57459518899846
75.09351819180888
75.31283720375933
76.12336390615826
85.33622599313378
89.67325761284273
93.28732263290259
92.05705824771451
90.43430027287535
85.80614898788421
86.69431718741698
88.99156226434967
88.56624400669637
86.56229756110073
85.63642580027911
83.26063800843562
84.59560697561727
84.09671561037081
83.32892870232463
79.27905999549648
75.71207431286344
73.60963970994489
73.022404659367
72.21655289457665
72.57673696177594
71.48145526512242
64.75806702126263
63.14083809800337
61.84255087105925
62.82218412692788
65.66997395713425
68.53705752833096
71.10259714644869
72.71942991354967
69.46771104311021
72.99831016031017
74.75518590689659
72.80429843275228
71.10218797829806
65.71046868659795
64.22061589389891
66.73440374907587
67.03972951264046
72.13425093353034
70.035236116616
65.63708104355408
62.39661761477121
59.20698745952039
56.985078697812966
57.15652421706161
55.37982578800539
55.117958394988364
53.4128659278043
51.09233859466116
46.480320374270434
46.33833835901731
45.59575975990205
46.23148336162536
43.568251554861355
41.56966059451636
38.14981521868593
37.891097840392966
34.71198524083949
32.795843445917576
32.74397821393237
29.102819021285953
26.463283340697753
24.466014231825376
21.30128139676092
22.03210637425804
16.689080555905377
14.664061754451634
14.024475502981453
17.974129567637252
20.668869594028884
18.701540824659606
17.111177141267376
19.038799338240054
19.735308407208738
22.48021242188634
23.39317623103042
19.27009396667672
14.343233575883845
14.047773479869042
11.036294779901475
15.693716674323516
19.329055681581025
21.94690372454684
20.827825606143158
18.40510034005724
13.562213275285131
13.383026045460845
11.1619209015996
10.6075725358799
13.211354275274068
17.358831646155735
17.340236858282257
19.24692152704666
22.825112658120116
25.311916065109454
29.066741408242315
23.88779403457825
20.114003329255315
17.342182665662463
17.75064853972948
19.63228073122159
20.42387937682567
21.778989439670646
18.8879054723934
19.624560587878925
18.64577647893159
16.80669204772461
17.701462930549962
22.815190843132243
25.21014789811358
27.411023816757915
27.564525332040212
27.742409870714628
27.891529985233095
24.878840496006173
21.27432041744493
20.503150963632006
18.77414273865089
17.33605128768316
14.596096470636613
13.012304961975913
15.833033865684174
19.26886623981938
19.99991485977317
19.06042682152502
15.583903239260975
10.716732154255112
6.423075007532635
4.923460783997238
4.856290138021798
7.014920980691118
6.129039523389002
0.5207394779258481
-0.7211781923455933
-2.5197956799852266
0.8657878562543558
-3.589667115786859
-1.6011477612994045
1.4840794317629202
3.513714604566856
4.69434294084792
4.445087504918221
3.4176033069053817
1.4321853563599978
-1.5480152196954275
4.325743375237156
4.115105852096379
4.471237062871613
3.408230306344365
6.435606745573387
4.990506884648362
7.30161226406899
8.18393960668171
11.413647283921204
