0
0.6047781743329532
0.6982226518530432
0.9220732083045187
0.6270724643123149
-0.06683563808329546
0.2295993303262872
0.014457525384834191
-0.3185251663581176
-0.22853305724499437
0.02096374757107322
1.003076850673904
1.6654331586903866
2.2186920606868097
2.633306861919145
2.799559873906385
3.7070756236514213
3.3443326841465746
2.585359774180791
1.4277191338837874
1.056297135085051
-0.026424917053383346
0.5721391782929388
0.647048526259847
0.7478568908610559
1.6108507806481265
1.5125227241502823
1.8402334689388147
2.668499651130722
3.4039464171395757
4.714033016086895
5.963762887425854
6.854977443770631
7.254973406813471
8.137750083633327
9.816758854201105
10.928485749553111
10.556364412675086
9.64850350363312
9.320230931452132
9.13719369612014
8.563001966171777
7.499230686663443
6.398596883297729
5.687519336783036
5.4892919122915
5.325439803802586
4.601116027162867
4.810514795371306
5.050513396006318
5.703050852409731
6.591858644722517
6.207398288495442
5.485280961219801
5.656399264193989
6.273630024018707
6.7305293292342485
8.63732916517922
9.986865830799655
10.348389106388044
10.575332437499098
10.431913295996148
10.543740373550936
10.185147841873484
9.974925049720026
9.407759586056248
8.685156229194797
7.817573602107242
6.85244452910808
5.625100483451288
4.334360356401836
3.472007342306556
3.5778267717025796
3.5412232609148107
3.1241779179268088
3.098495257742897
2.8772028809286234
3.8242482941139304
4.528806036046241
4.2743953216817445
4.033423569660654
3.8035521666154115
4.33438206193604
4.80001837932834
4.8655907887090475
5.414659493173054
6.002901369155983
6.007205042022862
5.896120715119568
5.752965584500306
5.489060587646502
5.530596738460908
5.958893824699749
6.128980582600061
6.261039526228105
5.771453279125869
5.258853236350618
5.358843420755678
5.980933569948289
5.406183914220826
4.265437903424554
3.8884331383409436
3.809818692404867
3.5031128770479634
3.027766106132356
2.889050647715347
3.1727736683114247
3.3171380410525035
3.5596870936851364
3.015328541765907
2.216955168776723
1.4388327530095446
0.43969511517143767
-0.5306519512883603
-0.7805114077170067
-0.49799861453841593
-0.8785109559522833
-0.114778448849997
0.06750715768305082
-0.5946072558407028
0.4315253949549187
0.6545854525082803
0.16275809141853403
-1.414885862561885
-1.0980259616486447
-0.6308216890155561
-0.2093033882012477
-0.15661627485262072
0.14091693891104884
-0.8620299574290726
-0.46128238668253013
-0.47633644766128236
-0.070497450772808
-0.04795667606871848
-0.003517165074361568
-0.48999057008928754
-0.3197267769295562
0.20040986710830272
1.075233974687989
1.5598072625174146
1.581568378056915
1.9904640154711704
2.2622989248345027
2.2107755894012007
1.9027474012854924
2.0062072953042507
2.1123110844902744
1.0592245870328587
0.25480680491251073
-0.3224114139337763
0.27728997243876924
0.8875955669746605
1.0434876875531385
0.49395790917243987
-0.034534872324625654
0.8602364046084519
1.464678940163072
1.8284207547127351
2.940559740447803
3.9265816050998104
5.5052771115912496
6.032513236743819
7.370370503184002
7.848939045717085
8.772140829981003
9.215652612608816
9.912954158400835
10.509011334480778
10.821535169737215
10.681342382222153
10.157179487951723
9.891808202955412
10.083562061340382
10.034460205820608
9.893070882349818
9.752670916165128
9.4622621290634
9.171408906859531
9.835984577488402
9.975557309343083
10.309523603986111
11.19065482017523
11.106058439643459
10.988201024728955
11.669005183383417
12.209001654330601
11.859469235196801
11.56238824831943
11.571625515053151
11.870671733076632
12.787996104106302
13.102834417018773
13.323186661258843
13.512648366812067
14.120981432461894
13.177722870600551
13.589032382009462
14.68613973304364
15.261838042755265
15.298351505538148
14.844252989352686
15.836118196022971
15.693741130481964
15.335290563149426
15.964001203259189
15.60325236763633
15.347677467985756
14.99097012979467
14.453375762226715
14.06422176269954
13.71513111697382
13.880597198822624
14.60345121101793
15.643190410146879
16.869858692328098
17.962055827218744
19.838148933986723
20.741648570967985
22.856395841542277
23.77486615406354
24.29256021253519
25.603666114167865
26.119428186147182
26.659840776785504
27.222415494027466
27.57643407100418
27.990969210305025
28.36197518003676
28.49821358837665
28.405933725474025
27.478884535783916
26.71977668857639
26.8987696923919
27.163447153604523
27.375772488450632
27.456776593070174
27.709191473533306
27.938518339124286
28.202207885578908
28.159022143721447
27.221642861925538
27.194619251872616
27.658706013872337
27.28922284996777
26.801294455764577
25.956076346043286
25.19412248583109
24.583839001602364
23.898538193183583
22.803220217352454
21.96457421385217
22.577574524739372
22.64584827444734
23.22313106043686
23.649894812878838
23.24171312959742
22.77585419005011
23.018823287911808
23.080348263353162
23.1251267818253
22.53772475864301
21.85362745950683
21.136734517948415
19.25841396708028
18.18967724753809
17.34932204773088
17.059061502932902
17.02793008119522
17.08015789006088
17.652714886174557
18.131141436726555
18.302930650025303
18.269141326170363
18.719647134505724
18.214644424183813
17.512037018971885
16.80980249614238
16.43474584728064
16.326218668438894
16.387171247801337
17.06239168735256
17.849503683020455
19.06555990642874
20.02696015246058
20.689681496137617
21.60221791619676
22.77255418782219
23.128953336679043
23.166321828270853
22.236599108369123
21.683278116636966
21.127602760270918
20.639864671150747
21.053943366509003
21.10783714252399
22.01260333006595
22.21745146875707
22.076975535748463
22.54942960953095
22.51159376615111
21.960070488266844
21.73575796955678
22.070486656189725
21.515961346644495
20.59678008722287
20.326694850737262
20.1966395226098
19.98428802553617
20.162134553299257
20.17822585399023
19.342780184564248
19.35470241913261
19.93273437425954
20.43390041674627
19.880028281391375
19.64621744406128
20.163131897728427
20.66780695077647
20.144438165531536
20.050942865219938
19.734810250504406
19.607463365884303
18.634322301724108
18.13568714376828
17.671148801007185
16.899210854956557
15.892399273678784
16.099303137609002
16.77798798732269
17.664137982258502
19.540359309068958
20.098393290607813
20.234416806392737
21.110039977827256
22.323131434715688
23.47158479867318
23.56067548505794
24.082503078452334
24.428999453942374
24.311200783030717
24.276151060184894
23.794042419482917
22.385309373457797
21.758971424351728
22.89023468194074
24.151204978004976
24.28069466898328
25.22830460322429
25.517685086056915
26.203230190659976
25.70083218102885
25.326842588006922
24.530356012872648
23.60761526794468
23.908226177086508
24.145563532730545
24.90599699078764
25.779620323625956
26.232455551264568
26.316079920813042
26.909889912691142
27.209039903389872
26.536622808524765
25.815362383949083
25.435934791729746
25.704144098146333
25.276147982076285
25.57796892183028
25.45919746427962
25.34622310326171
24.97450018476551
25.707536695773083
25.129579011605284
25.083560767644098
25.579618454628015
26.08849917080606
27.90827045331589
28.77247743536186
29.511766511884417
29.922883433906854
30.5240333625124
30.890875604937328
30.73996046401344
30.69890307457238
30.38054852986483
29.30955499471108
28.469119272704013
27.3440469701071
27.36407704513126
27.336114285284648
27.490772722901124
27.662523933997072
27.82065858647574
28.308111344827136
28.479898962324253
28.578019695439725
28.40738629675631
28.539310203743877
29.366212178241586
30.70341088829872
32.30482723565499
32.18502521520559
32.09140004209042
28.725288339548044
33.47901659014577
31.62654708834046
31.605932279006392
32.43120520862536
32.75394389557471
33.358490333802436
32.990059798742394
32.23359292315868
31.90035887337526
35.45389454945212
36.12370915212935
38.64743159229414
39.08468153964677
36.84013863624443
34.48983947703861
33.98890029323622
34.583488812393355
33.88494952810463
32.52578198325197
33.81826904310678
33.32409152004218
31.23904640157441
33.668267981683734
34.219802962111046
33.045061213311584
34.36681773979397
33.801378958170915
33.25261185356239
32.857325551837135
34.28295622706991
34.90032090031776
33.849015875210114
34.47803531916732
32.553771871883896
31.474117967813612
30.136055994689272
29.22988629567303
29.023027147132083
24.621745434066245
23.84185426773074
25.256337371039248
24.387620856280662
25.65808757912097
28.1109885819845
28.201949589676648
26.443802296663026
25.977266840132184
27.19374487588623
26.741469677677355
25.992932753580007
26.17699740053511
27.143118543334616
27.36952468183291
26.206284993191343
25.389265870612924
26.86849233805307
24.87477634723564
25.353498277588887
22.993244792969875
25.7187469534652
23.766757719653068
24.534006907238524
24.226807181515237
26.713103859121347
27.139185631144528
27.77683991011595
25.72684623367321
24.87919014821249
23.60550593829959
25.407928255350768
27.485915817379404
25.5558424622611
24.988245171500704
25.598864374514747
25.99989419735899
28.573182378637956
26.925896689666118
30.090757004657934
30.279934920269717
27.557208425639548
28.254424402334223
28.97490590971333
29.210502749445002
29.34152925154297
31.153267595965957
30.63739430450304
27.94523166348951
30.16694420103582
31.231400490087722
33.439504601397424
31.795416725679754
31.822462832513082
28.33384699392313
29.365983598184222
28.07429486751343
30.630062586280236
30.944750101743377
29.746343479435676
28.12771129857494
27.714768725604813
29.495201783388275
29.334635870250768
27.845385296899853
27.555466385301344
30.865062074820067
30.991983916952123
30.190461373869272
32.49684165659522
33.56946773733904
32.35038043139073
33.09290787070343
34.1450234003206
32.750273176290676
31.787964450056613
34.44824470682141
34.186372271734236
37.21213441242248
37.923294938342174
38.215895131858005
37.51688918273667
33.463927070645525
34.95879104731538
34.94612993550594
36.11430595787212
36.65474715154319
36.83537099952895
37.14738567942577
38.35350141130104
38.5078250377155
39.111173479485764
37.227102248492656
41.06075371254371
40.78021807365015
42.290420349442215
44.14482361856514
44.2198170190527
45.13574166435906
44.135236608436315
42.9371806784382
43.60050592615925
45.6798744136881
45.72511313351798
46.51390963299934
43.67609851272774
42.5574610603728
43.94724457068598
43.08266692588053
37.931061385577195
36.851570911550496
39.880376746857486
40.254590914349
40.85512101792216
42.27126749058503
42.06380814269293
41.55141544047915
41.548803908099885
42.15142424041248
44.11973664128864
40.726185026545714
41.2206127889407
41.344219170131964
40.77214820194391
41.30073347449116
39.07697803752864
39.71103283338819
40.22087414646982
41.563217467731405
43.43921205750422
42.713066022518305
37.40773049340597
36.846933416948396
35.827444995766655
37.023169321135484
36.82961205312633
39.91447383631605
39.945206972811896
41.05305528733457
37.69009466577083
39.1021890137997
38.85043932437509
39.5304100296175
39.41058464330552
39.76470504061369
42.45361784582211
39.116517215767736
39.80732103458027
40.65302738471224
41.17532328983741
41.250405910805156
39.93814352047303
39.66762525735439
37.46476260519594
39.07940047681881
42.234235516374916
43.791756660234164
46.01606936932171
47.07030887899273
45.21036387176232
45.619440336881425
49.155569455235145
45.49063788917826
49.17583191867391
47.7992264914271
50.72915647053971
47.97198829412121
47.05270756595958
45.84260048283201
49.189688629744225
46.58458329059889
47.77238888357859
49.03839167763
48.95298754903426
50.89534714900095
52.40603000855129
52.33503203031719
51.899881493068385
49.57921482949438
48.5129400094193
44.55912156839505
49.07595301368715
44.70800953801263
53.392406925946645
40.65249469640378
56.813305822060556
39.66657765965726
56.057491422050504
37.511387575891014
58.91335546432571
34.77979928985157
63.22692086929852
31.165704083986533
67.58706953657685
22.335945300132174
76.0561268015746
9.781494357893239
87.63058582249894
0.312186242201026
105.90503308149145
-14.595979316450258
-29.549612537726276
2.041486923515886
-36.64747423220963
-8.613356371968106
9.74811433313544
-10.880393904358618
0.2620957051966357
-14.65920554872253
-7.872888448331686
2.7360784405105467
-8.10199406972422
-1.985490462779832
2.2683918086644885
-4.986035779364317
-6.249043516753444
-1.214239287259966
2.882109445328312
-0.4668973834641439
0.558119274340637
1.3882920649117365
-0.3103611339980637
-1.0666036656235531
-2.233588308980475
-2.413835903377883
-0.5853591508397342
2.232131111309113
-1.954742245658907
-0.20546167564967643
0.8642866697893256
-2.472769265275557
0.223686496509925
-3.380767188594991
-1.5300239973947396
1.6965907400085232
-2.047653800623207
-0.672008564071594
-0.2838574746282533
-3.2463700805420426
-1.1046792683674433
5.033735355972701
-3.511678182547217
-0.98890813341938
-1.0445091800698494
-2.108291931461492
1.3966305428170132
-2.0027601421976895
-1.938502186029082
0.17668307050789386
-4.943187691794844
1.8343310330153475
-6.5294545301315905
-7.3710362525605575
1.5660575050055427
-10.422481906111226
-8.615152134471959
1.9326251732132276
-8.9730377328273
1.9242165689155049
-11.191549998306574
-1.7002984816772737
3.1634740387274376
-1.3282634836149674
-0.40370089920665087
0.5700812337103365
-2.32561746720937
1.2806610965941851
-0.5167048537962171
-0.702425486267451
-2.9941555853976265
0.0898747431122553
-2.558474710437261
-3.003960295042053
-2.415164054958331
-1.2697556100824887
2.300164892776065
-5.0366033746578225
1.7689004562036705
-5.481114449064761
-4.245306234726513
0.9208074395407275
-9.492650805696428
-5.102141500292635
4.528559856792473
-7.40899872910343
-4.145476275277457
4.646200860904758
-3.9989238290451645
-2.306798916582906
0.7047548383113261
-1.5406356614625478
1.8638107456499675
-6.4770413334025685
-1.0908846373833925
1.3242955414500555
-6.768286201524569
-3.208525948170198
1.4243947380851014
-2.355629305079615
1.993205045842399
-0.7895607856701252
-3.564192752271824
-2.392956796534922
0.40706675636657913
-4.382791147445419
-4.463150286565889
1.7152339160826808
-7.9940427765246875
-0.4223500642335787
4.139814502056699
0.32108396133686634
4.184068582816034
1.1318964390832829
4.741599885924237
-1.2096800494221804
-4.35715740955642
-1.5481711324125813
0.08023963834914838
-6.366742293642369
-4.048749931090599
1.5032186815948474
-8.177416348559785
-6.209626160092234
2.8583302645375115
-6.2162624759607645
-2.100842367225713
1.3164906316677787
-2.579641474600872
0.9766066498884507
-1.819331608690036
-2.0387448113760587
-5.330900692801292
-4.4058683297371255
0.16793438974683728
-9.155477249277002
-4.089547362950833
4.644136395254394
-5.165121227266735
-2.398979810384846
-3.3836211362580766
2.87418541876139
-4.6083143873121015
-0.10981136501122712
6.104301236472265
1.8973647607694808
7.3470054453392954
0.04323084931776733
33.720555071481414
-4.165707152167832
-11.612101660880114
5.148318439756892
-10.349921865256055
-6.066844177597844
-2.4117622137231094
3.3051952433267227
-4.2212900491850185
-0.33728608552323047
-1.0100440266577737
5.210536896775921
