t,t-1,t-2,t-3,t-4,t-5,concept,transition,steps_since_bkp,steps_to_bkp
7.634670138652975,6.791648582116076,6.103460517462481,6.275871269844609,5.935926918790911,5.52411471052992,1,0,100,188
8.647886845852366,7.634670138652975,6.791648582116076,6.103460517462481,6.275871269844609,5.935926918790911,1,0,101,187
8.792897781378063,8.647886845852366,7.634670138652975,6.791648582116076,6.103460517462481,6.275871269844609,1,0,102,186
9.514062543277555,8.792897781378063,8.647886845852366,7.634670138652975,6.791648582116076,6.103460517462481,1,0,103,185
9.91336828321672,9.514062543277555,8.792897781378063,8.647886845852366,7.634670138652975,6.791648582116076,1,0,104,184
10.172378270269812,9.91336828321672,9.514062543277555,8.792897781378063,8.647886845852366,7.634670138652975,1,0,105,183
10.397369490551613,10.172378270269812,9.91336828321672,9.514062543277555,8.792897781378063,8.647886845852366,1,0,106,182
10.425823078081686,10.397369490551613,10.172378270269812,9.91336828321672,9.514062543277555,8.792897781378063,1,0,107,181
10.2168759518604,10.425823078081686,10.397369490551613,10.172378270269812,9.91336828321672,9.514062543277555,1,0,108,180
10.133603230684253,10.2168759518604,10.425823078081686,10.397369490551613,10.172378270269812,9.91336828321672,1,0,109,179
10.117300049274066,10.133603230684253,10.2168759518604,10.425823078081686,10.397369490551613,10.172378270269812,1,0,110,178
10.05515846394084,10.117300049274066,10.133603230684253,10.2168759518604,10.425823078081686,10.397369490551613,1,0,111,177
9.467840174168314,10.05515846394084,10.117300049274066,10.133603230684253,10.2168759518604,10.425823078081686,1,0,112,176
9.551410936099002,9.467840174168314,10.05515846394084,10.117300049274066,10.133603230684253,10.2168759518604,1,0,113,175
10.03786274757775,9.551410936099002,9.467840174168314,10.05515846394084,10.117300049274066,10.133603230684253,1,0,114,174
10.7890476050363,10.03786274757775,9.551410936099002,9.467840174168314,10.05515846394084,10.117300049274066,1,0,115,173
11.385521453771231,10.7890476050363,10.03786274757775,9.551410936099002,9.467840174168314,10.05515846394084,1,0,116,172
11.956152126984268,11.385521453771231,10.7890476050363,10.03786274757775,9.551410936099002,9.467840174168314,1,0,117,171
12.096218430046262,11.956152126984268,11.385521453771231,10.7890476050363,10.03786274757775,9.551410936099002,1,0,118,170
11.825381030253281,12.096218430046262,11.956152126984268,11.385521453771231,10.7890476050363,10.03786274757775,1,0,119,169
11.27222595224927,11.825381030253281,12.096218430046262,11.956152126984268,11.385521453771231,10.7890476050363,1,0,120,168
12.239107735179331,11.27222595224927,11.825381030253281,12.096218430046262,11.956152126984268,11.385521453771231,1,0,121,167
13.061905061967515,12.239107735179331,11.27222595224927,11.825381030253281,12.096218430046262,11.956152126984268,1,0,122,166
13.537122694488822,13.061905061967515,12.239107735179331,11.27222595224927,11.825381030253281,12.096218430046262,1,0,123,165
13.633725678452944,13.537122694488822,13.061905061967515,12.239107735179331,11.27222595224927,11.825381030253281,1,0,124,164
13.291041772546427,13.633725678452944,13.537122694488822,13.061905061967515,12.239107735179331,11.27222595224927,1,0,125,163
13.221315833704088,13.291041772546427,13.633725678452944,13.537122694488822,13.061905061967515,12.239107735179331,1,0,126,162
13.762065403311231,13.221315833704088,13.291041772546427,13.633725678452944,13.537122694488822,13.061905061967515,1,0,127,161
13.886569463512936,13.762065403311231,13.221315833704088,13.291041772546427,13.633725678452944,13.537122694488822,1,0,128,160
14.3546198156352,13.886569463512936,13.762065403311231,13.221315833704088,13.291041772546427,13.633725678452944,1,0,129,159
13.866786399286706,14.3546198156352,13.886569463512936,13.762065403311231,13.221315833704088,13.291041772546427,1,0,130,158
13.377352921922114,13.866786399286706,14.3546198156352,13.886569463512936,13.762065403311231,13.221315833704088,1,0,131,157
13.785575500658796,13.377352921922114,13.866786399286706,14.3546198156352,13.886569463512936,13.762065403311231,1,0,132,156
13.739384018862173,13.785575500658796,13.377352921922114,13.866786399286706,14.3546198156352,13.886569463512936,1,0,133,155
13.615782822184906,13.739384018862173,13.785575500658796,13.377352921922114,13.866786399286706,14.3546198156352,1,0,134,154
12.965307512031515,13.615782822184906,13.739384018862173,13.785575500658796,13.377352921922114,13.866786399286706,1,0,135,153
12.566500577744387,12.965307512031515,13.615782822184906,13.739384018862173,13.785575500658796,13.377352921922114,1,0,136,152
12.158568364806408,12.566500577744387,12.965307512031515,13.615782822184906,13.739384018862173,13.785575500658796,1,0,137,151
12.394271404739614,12.158568364806408,12.566500577744387,12.965307512031515,13.615782822184906,13.739384018862173,1,0,138,150
13.425807495323216,12.394271404739614,12.158568364806408,12.566500577744387,12.965307512031515,13.615782822184906,1,0,139,149
13.92051563535733,13.425807495323216,12.394271404739614,12.158568364806408,12.566500577744387,12.965307512031515,1,0,140,148
14.881291684882227,13.92051563535733,13.425807495323216,12.394271404739614,12.158568364806408,12.566500577744387,1,0,141,147
15.155277463259162,14.881291684882227,13.92051563535733,13.425807495323216,12.394271404739614,12.158568364806408,1,0,142,146
16.00394426936069,15.155277463259162,14.881291684882227,13.92051563535733,13.425807495323216,12.394271404739614,1,0,143,145
16.6301522833929,16.00394426936069,15.155277463259162,14.881291684882227,13.92051563535733,13.425807495323216,1,0,144,144
16.899477536876105,16.6301522833929,16.00394426936069,15.155277463259162,14.881291684882227,13.92051563535733,1,0,145,143
17.11035565323706,16.899477536876105,16.6301522833929,16.00394426936069,15.155277463259162,14.881291684882227,1,0,146,142
16.928482004905582,17.11035565323706,16.899477536876105,16.6301522833929,16.00394426936069,15.155277463259162,1,0,147,141
16.504584980463967,16.928482004905582,17.11035565323706,16.899477536876105,16.6301522833929,16.00394426936069,1,0,148,140
15.200011406197602,16.504584980463967,16.928482004905582,17.11035565323706,16.899477536876105,16.6301522833929,1,0,149,139
14.758501195777196,15.200011406197602,16.504584980463967,16.928482004905582,17.11035565323706,16.899477536876105,1,0,150,138
14.705445758053465,14.758501195777196,15.200011406197602,16.504584980463967,16.928482004905582,17.11035565323706,1,0,151,137
14.854219444950708,14.705445758053465,14.758501195777196,15.200011406197602,16.504584980463967,16.928482004905582,1,0,152,136
15.500376593579261,14.854219444950708,14.705445758053465,14.758501195777196,15.200011406197602,16.504584980463967,1,0,153,135
16.94973870228325,15.500376593579261,14.854219444950708,14.705445758053465,14.758501195777196,15.200011406197602,1,0,154,134
17.948908677385692,16.94973870228325,15.500376593579261,14.854219444950708,14.705445758053465,14.758501195777196,1,0,155,133
18.430794572329415,17.948908677385692,16.94973870228325,15.500376593579261,14.854219444950708,14.705445758053465,1,0,156,132
19.222936492361686,18.430794572329415,17.948908677385692,16.94973870228325,15.500376593579261,14.854219444950708,1,0,157,131
19.448732881007608,19.222936492361686,18.430794572329415,17.948908677385692,16.94973870228325,15.500376593579261,1,0,158,130
19.3611156645322,19.448732881007608,19.222936492361686,18.430794572329415,17.948908677385692,16.94973870228325,1,0,159,129
19.25609600285492,19.3611156645322,19.448732881007608,19.222936492361686,18.430794572329415,17.948908677385692,1,0,160,128
19.815124469764317,19.25609600285492,19.3611156645322,19.448732881007608,19.222936492361686,18.430794572329415,1,0,161,127
19.647352012197164,19.815124469764317,19.25609600285492,19.3611156645322,19.448732881007608,19.222936492361686,1,0,162,126
19.26636042685625,19.647352012197164,19.815124469764317,19.25609600285492,19.3611156645322,19.448732881007608,1,0,163,125
19.141463230708844,19.26636042685625,19.647352012197164,19.815124469764317,19.25609600285492,19.3611156645322,1,0,164,124
19.91046534811127,19.141463230708844,19.26636042685625,19.647352012197164,19.815124469764317,19.25609600285492,1,0,165,123
20.13962811252702,19.91046534811127,19.141463230708844,19.26636042685625,19.647352012197164,19.815124469764317,1,0,166,122
20.208377519764234,20.13962811252702,19.91046534811127,19.141463230708844,19.26636042685625,19.647352012197164,1,0,167,121
20.237850413620606,20.208377519764234,20.13962811252702,19.91046534811127,19.141463230708844,19.26636042685625,1,0,168,120
19.638563758898464,20.237850413620606,20.208377519764234,20.13962811252702,19.91046534811127,19.141463230708844,1,0,169,119
17.99556932963152,19.638563758898464,20.237850413620606,20.208377519764234,20.13962811252702,19.91046534811127,1,0,170,118
17.273894665105555,17.99556932963152,19.638563758898464,20.237850413620606,20.208377519764234,20.13962811252702,1,0,171,117
16.386372885286416,17.273894665105555,17.99556932963152,19.638563758898464,20.237850413620606,20.208377519764234,1,0,172,116
15.851660900827595,16.386372885286416,17.273894665105555,17.99556932963152,19.638563758898464,20.237850413620606,1,0,173,115
15.440853687572572,15.851660900827595,16.386372885286416,17.273894665105555,17.99556932963152,19.638563758898464,1,0,174,114
15.524415826743972,15.440853687572572,15.851660900827595,16.386372885286416,17.273894665105555,17.99556932963152,1,0,175,113
16.32872921144677,15.524415826743972,15.440853687572572,15.851660900827595,16.386372885286416,17.273894665105555,1,0,176,112
16.821129021033705,16.32872921144677,15.524415826743972,15.440853687572572,15.851660900827595,16.386372885286416,1,0,177,111
17.19921030655347,16.821129021033705,16.32872921144677,15.524415826743972,15.440853687572572,15.851660900827595,1,0,178,110
17.409975854733684,17.19921030655347,16.821129021033705,16.32872921144677,15.524415826743972,15.440853687572572,1,0,179,109
17.643232180417904,17.409975854733684,17.19921030655347,16.821129021033705,16.32872921144677,15.524415826743972,1,0,180,108
18.28103944585032,17.643232180417904,17.409975854733684,17.19921030655347,16.821129021033705,16.32872921144677,1,0,181,107
18.886652416331092,18.28103944585032,17.643232180417904,17.409975854733684,17.19921030655347,16.821129021033705,1,0,182,106
19.314310963399805,18.886652416331092,18.28103944585032,17.643232180417904,17.409975854733684,17.19921030655347,1,0,183,105
20.154931246440224,19.314310963399805,18.886652416331092,18.28103944585032,17.643232180417904,17.409975854733684,1,0,184,104
20.745758791347313,20.154931246440224,19.314310963399805,18.886652416331092,18.28103944585032,17.643232180417904,1,0,185,103
21.369830854616954,20.745758791347313,20.154931246440224,19.314310963399805,18.886652416331092,18.28103944585032,1,0,186,102
22.39657666980862,21.369830854616954,20.745758791347313,20.154931246440224,19.314310963399805,18.886652416331092,1,0,187,101
22.931287773288084,22.39657666980862,21.369830854616954,20.745758791347313,20.154931246440224,19.314310963399805,1,0,188,100
22.60994739029738,22.931287773288084,22.39657666980862,21.369830854616954,20.745758791347313,20.154931246440224,1,0,189,99
22.668956565349337,22.60994739029738,22.931287773288084,22.39657666980862,21.369830854616954,20.745758791347313,1,0,190,98
21.55179371636997,22.668956565349337,22.60994739029738,22.931287773288084,22.39657666980862,21.369830854616954,1,0,191,97
20.322193347305156,21.55179371636997,22.668956565349337,22.60994739029738,22.931287773288084,22.39657666980862,1,0,192,96
19.50626349182968,20.322193347305156,21.55179371636997,22.668956565349337,22.60994739029738,22.931287773288084,1,0,193,95
18.987448675440028,19.50626349182968,20.322193347305156,21.55179371636997,22.668956565349337,22.60994739029738,1,0,194,94
18.811620238276387,18.987448675440028,19.50626349182968,20.322193347305156,21.55179371636997,22.668956565349337,1,0,195,93
19.334205850179174,18.811620238276387,18.987448675440028,19.50626349182968,20.322193347305156,21.55179371636997,1,0,196,92
20.102286287649143,19.334205850179174,18.811620238276387,18.987448675440028,19.50626349182968,20.322193347305156,1,0,197,91
20.605942619428763,20.102286287649143,19.334205850179174,18.811620238276387,18.987448675440028,19.50626349182968,1,0,198,90
20.917652287188616,20.605942619428763,20.102286287649143,19.334205850179174,18.811620238276387,18.987448675440028,1,0,199,89
21.15188690916054,20.917652287188616,20.605942619428763,20.102286287649143,19.334205850179174,18.811620238276387,1,0,200,88
20.626992608067628,21.15188690916054,20.917652287188616,20.605942619428763,20.102286287649143,19.334205850179174,1,0,201,87
19.029205189891794,20.626992608067628,21.15188690916054,20.917652287188616,20.605942619428763,20.102286287649143,1,0,202,86
16.69962560706105,19.029205189891794,20.626992608067628,21.15188690916054,20.917652287188616,20.605942619428763,1,0,203,85
14.755475593529278,16.69962560706105,19.029205189891794,20.626992608067628,21.15188690916054,20.917652287188616,1,0,204,84
13.424964678925733,14.755475593529278,16.69962560706105,19.029205189891794,20.626992608067628,21.15188690916054,1,0,205,83
12.804884330276455,13.424964678925733,14.755475593529278,16.69962560706105,19.029205189891794,20.626992608067628,1,0,206,82
13.540873873970725,12.804884330276455,13.424964678925733,14.755475593529278,16.69962560706105,19.029205189891794,1,0,207,81
15.087697720097552,13.540873873970725,12.804884330276455,13.424964678925733,14.755475593529278,16.69962560706105,1,0,208,80
16.2317512420034,15.087697720097552,13.540873873970725,12.804884330276455,13.424964678925733,14.755475593529278,1,0,209,79
17.469530272369802,16.2317512420034,15.087697720097552,13.540873873970725,12.804884330276455,13.424964678925733,1,0,210,78
18.15816960139976,17.469530272369802,16.2317512420034,15.087697720097552,13.540873873970725,12.804884330276455,1,0,211,77
18.928636413099962,18.15816960139976,17.469530272369802,16.2317512420034,15.087697720097552,13.540873873970725,1,0,212,76
20.108623212497907,18.928636413099962,18.15816960139976,17.469530272369802,16.2317512420034,15.087697720097552,1,0,213,75
20.73976553270468,20.108623212497907,18.928636413099962,18.15816960139976,17.469530272369802,16.2317512420034,1,0,214,74
21.365648787004385,20.73976553270468,20.108623212497907,18.928636413099962,18.15816960139976,17.469530272369802,1,0,215,73
22.02932673294563,21.365648787004385,20.73976553270468,20.108623212497907,18.928636413099962,18.15816960139976,1,0,216,72
22.151571621258892,22.02932673294563,21.365648787004385,20.73976553270468,20.108623212497907,18.928636413099962,1,0,217,71
21.532398118725173,22.151571621258892,22.02932673294563,21.365648787004385,20.73976553270468,20.108623212497907,1,0,218,70
21.05800461742232,21.532398118725173,22.151571621258892,22.02932673294563,21.365648787004385,20.73976553270468,1,0,219,69
20.978626351761203,21.05800461742232,21.532398118725173,22.151571621258892,22.02932673294563,21.365648787004385,1,0,220,68
21.13661769152473,20.978626351761203,21.05800461742232,21.532398118725173,22.151571621258892,22.02932673294563,1,0,221,67
21.148810467631094,21.13661769152473,20.978626351761203,21.05800461742232,21.532398118725173,22.151571621258892,1,0,222,66
20.82059427468804,21.148810467631094,21.13661769152473,20.978626351761203,21.05800461742232,21.532398118725173,1,0,223,65
20.967253152334084,20.82059427468804,21.148810467631094,21.13661769152473,20.978626351761203,21.05800461742232,1,0,224,64
21.410630662001275,20.967253152334084,20.82059427468804,21.148810467631094,21.13661769152473,20.978626351761203,1,0,225,63
21.456157948311464,21.410630662001275,20.967253152334084,20.82059427468804,21.148810467631094,21.13661769152473,1,0,226,62
23.088548521588766,21.456157948311464,21.410630662001275,20.967253152334084,20.82059427468804,21.148810467631094,1,0,227,61
24.028732473868576,23.088548521588766,21.456157948311464,21.410630662001275,20.967253152334084,20.82059427468804,1,0,228,60
24.972947838649663,24.028732473868576,23.088548521588766,21.456157948311464,21.410630662001275,20.967253152334084,1,0,229,59
25.641033007093736,24.972947838649663,24.028732473868576,23.088548521588766,21.456157948311464,21.410630662001275,1,0,230,58
26.1388566060359,25.641033007093736,24.972947838649663,24.028732473868576,23.088548521588766,21.456157948311464,1,0,231,57
26.08482244470931,26.1388566060359,25.641033007093736,24.972947838649663,24.028732473868576,23.088548521588766,1,0,232,56
26.21373650016675,26.08482244470931,26.1388566060359,25.641033007093736,24.972947838649663,24.028732473868576,1,0,233,55
26.19055267106134,26.21373650016675,26.08482244470931,26.1388566060359,25.641033007093736,24.972947838649663,1,0,234,54
25.72424844877479,26.19055267106134,26.21373650016675,26.08482244470931,26.1388566060359,25.641033007093736,1,0,235,53
24.462587106582962,25.72424844877479,26.19055267106134,26.21373650016675,26.08482244470931,26.1388566060359,1,0,236,52
23.544003048488662,24.462587106582962,25.72424844877479,26.19055267106134,26.21373650016675,26.08482244470931,1,0,237,51
22.083048959348282,23.544003048488662,24.462587106582962,25.72424844877479,26.19055267106134,26.21373650016675,1,0,238,50
20.926802795729564,22.083048959348282,23.544003048488662,24.462587106582962,25.72424844877479,26.19055267106134,1,0,239,49
19.617746602231705,20.926802795729564,22.083048959348282,23.544003048488662,24.462587106582962,25.72424844877479,1,0,240,48
18.870244432333536,19.617746602231705,20.926802795729564,22.083048959348282,23.544003048488662,24.462587106582962,1,0,241,47
18.126356430436772,18.870244432333536,19.617746602231705,20.926802795729564,22.083048959348282,23.544003048488662,1,0,242,46
17.71387101582578,18.126356430436772,18.870244432333536,19.617746602231705,20.926802795729564,22.083048959348282,1,0,243,45
17.57100321675365,17.71387101582578,18.126356430436772,18.870244432333536,19.617746602231705,20.926802795729564,1,0,244,44
17.69791773709981,17.57100321675365,17.71387101582578,18.126356430436772,18.870244432333536,19.617746602231705,1,0,245,43
17.841371007225437,17.69791773709981,17.57100321675365,17.71387101582578,18.126356430436772,18.870244432333536,1,0,246,42
17.591494169336926,17.841371007225437,17.69791773709981,17.57100321675365,17.71387101582578,18.126356430436772,1,0,247,41
17.479514166152583,17.591494169336926,17.841371007225437,17.69791773709981,17.57100321675365,17.71387101582578,1,0,248,40
16.658529106026407,17.479514166152583,17.591494169336926,17.841371007225437,17.69791773709981,17.57100321675365,1,0,249,39
16.43877373899556,16.658529106026407,17.479514166152583,17.591494169336926,17.841371007225437,17.69791773709981,1,0,250,38
16.45141893295613,16.43877373899556,16.658529106026407,17.479514166152583,17.591494169336926,17.841371007225437,1,0,251,37
15.452801162704406,16.45141893295613,16.43877373899556,16.658529106026407,17.479514166152583,17.591494169336926,1,0,252,36
15.884955070259826,15.452801162704406,16.45141893295613,16.43877373899556,16.658529106026407,17.479514166152583,1,0,253,35
16.4171900058109,15.884955070259826,15.452801162704406,16.45141893295613,16.43877373899556,16.658529106026407,1,0,254,34
17.369869913076247,16.4171900058109,15.884955070259826,15.452801162704406,16.45141893295613,16.43877373899556,1,0,255,33
18.168220906001242,17.369869913076247,16.4171900058109,15.884955070259826,15.452801162704406,16.45141893295613,1,0,256,32
18.83287476595544,18.168220906001242,17.369869913076247,16.4171900058109,15.884955070259826,15.452801162704406,1,0,257,31
19.05389898622543,18.83287476595544,18.168220906001242,17.369869913076247,16.4171900058109,15.884955070259826,1,0,258,30
18.931899417827033,19.05389898622543,18.83287476595544,18.168220906001242,17.369869913076247,16.4171900058109,1,0,259,29
18.706027816925676,18.931899417827033,19.05389898622543,18.83287476595544,18.168220906001242,17.369869913076247,1,0,260,28
18.20797782331231,18.706027816925676,18.931899417827033,19.05389898622543,18.83287476595544,18.168220906001242,1,0,261,27
18.37119003981498,18.20797782331231,18.706027816925676,18.931899417827033,19.05389898622543,18.83287476595544,1,0,262,26
18.5896934961467,18.37119003981498,18.20797782331231,18.706027816925676,18.931899417827033,19.05389898622543,1,0,263,25
18.874238527379784,18.5896934961467,18.37119003981498,18.20797782331231,18.706027816925676,18.931899417827033,1,0,264,24
19.247232892520046,18.874238527379784,18.5896934961467,18.37119003981498,18.20797782331231,18.706027816925676,1,0,265,23
18.81674510309648,19.247232892520046,18.874238527379784,18.5896934961467,18.37119003981498,18.20797782331231,1,0,266,22
18.96293394412124,18.81674510309648,19.247232892520046,18.874238527379784,18.5896934961467,18.37119003981498,1,0,267,21
18.147867514493246,18.96293394412124,18.81674510309648,19.247232892520046,18.874238527379784,18.5896934961467,1,0,268,20
17.21800993170851,18.147867514493246,18.96293394412124,18.81674510309648,19.247232892520046,18.874238527379784,1,0,269,19
16.35372880476212,17.21800993170851,18.147867514493246,18.96293394412124,18.81674510309648,19.247232892520046,1,0,270,18
15.064880484323862,16.35372880476212,17.21800993170851,18.147867514493246,18.96293394412124,18.81674510309648,1,0,271,17
14.40008801233257,15.064880484323862,16.35372880476212,17.21800993170851,18.147867514493246,18.96293394412124,1,0,272,16
13.95568574079829,14.40008801233257,15.064880484323862,16.35372880476212,17.21800993170851,18.147867514493246,1,0,273,15
13.695185795824525,13.95568574079829,14.40008801233257,15.064880484323862,16.35372880476212,17.21800993170851,1,0,274,14
14.025475578943244,13.695185795824525,13.95568574079829,14.40008801233257,15.064880484323862,16.35372880476212,1,0,275,13
14.301561253200124,14.025475578943244,13.695185795824525,13.95568574079829,14.40008801233257,15.064880484323862,1,0,276,12
14.665630256291113,14.301561253200124,14.025475578943244,13.695185795824525,13.95568574079829,14.40008801233257,1,0,277,11
14.012785456929292,14.665630256291113,14.301561253200124,14.025475578943244,13.695185795824525,13.95568574079829,1,0,278,10
12.749884373160276,14.012785456929292,14.665630256291113,14.301561253200124,14.025475578943244,13.695185795824525,1,0,279,9
10.941192471955612,12.749884373160276,14.012785456929292,14.665630256291113,14.301561253200124,14.025475578943244,1,0,280,8
9.599316602634184,10.941192471955612,12.749884373160276,14.012785456929292,14.665630256291113,14.301561253200124,1,0,281,7
8.898725005298358,9.599316602634184,10.941192471955612,12.749884373160276,14.012785456929292,14.665630256291113,1,0,282,6
8.574797304257594,8.898725005298358,9.599316602634184,10.941192471955612,12.749884373160276,14.012785456929292,1,1,283,5
8.37999376670304,8.574797304257594,8.898725005298358,9.599316602634184,10.941192471955612,12.749884373160276,1,1,284,4
8.609420333458761,8.37999376670304,8.574797304257594,8.898725005298358,9.599316602634184,10.941192471955612,1,1,285,3
8.5801738830502,8.609420333458761,8.37999376670304,8.574797304257594,8.898725005298358,9.599316602634184,1,1,286,2
8.628146550948845,8.5801738830502,8.609420333458761,8.37999376670304,8.574797304257594,8.898725005298358,1,1,287,1
8.989476854940737,8.628146550948845,8.5801738830502,8.609420333458761,8.37999376670304,8.574797304257594,2,1,0,0
9.404329848647587,8.989476854940737,8.628146550948845,8.5801738830502,8.609420333458761,8.37999376670304,2,1,1,201
9.984152011157947,9.404329848647587,8.989476854940737,8.628146550948845,8.5801738830502,8.609420333458761,2,1,2,200
8.176183839044755,9.984152011157947,9.404329848647587,8.989476854940737,8.628146550948845,8.5801738830502,2,1,3,199
7.8805615234621476,8.176183839044755,9.984152011157947,9.404329848647587,8.989476854940737,8.628146550948845,2,1,4,198
5.070190440652011,7.8805615234621476,8.176183839044755,9.984152011157947,9.404329848647587,8.989476854940737,2,0,5,197
6.649318847883126,5.070190440652011,7.8805615234621476,8.176183839044755,9.984152011157947,9.404329848647587,2,0,6,196
7.005876079307305,6.649318847883126,5.070190440652011,7.8805615234621476,8.176183839044755,9.984152011157947,2,0,7,195
9.450851241510026,7.005876079307305,6.649318847883126,5.070190440652011,7.8805615234621476,8.176183839044755,2,0,8,194
11.305428050113154,9.450851241510026,7.005876079307305,6.649318847883126,5.070190440652011,7.8805615234621476,2,0,9,193
11.01086014281547,11.305428050113154,9.450851241510026,7.005876079307305,6.649318847883126,5.070190440652011,2,0,10,192
9.482681751724076,11.01086014281547,11.305428050113154,9.450851241510026,7.005876079307305,6.649318847883126,2,0,11,191
8.296992931524308,9.482681751724076,11.01086014281547,11.305428050113154,9.450851241510026,7.005876079307305,2,0,12,190
9.088524186291131,8.296992931524308,9.482681751724076,11.01086014281547,11.305428050113154,9.450851241510026,2,0,13,189
8.796215909841443,9.088524186291131,8.296992931524308,9.482681751724076,11.01086014281547,11.305428050113154,2,0,14,188
8.275891511595145,8.796215909841443,9.088524186291131,8.296992931524308,9.482681751724076,11.01086014281547,2,0,15,187
6.752531814187304,8.275891511595145,8.796215909841443,9.088524186291131,8.296992931524308,9.482681751724076,2,0,16,186
8.618839401019763,6.752531814187304,8.275891511595145,8.796215909841443,9.088524186291131,8.296992931524308,2,0,17,185
7.336990413084969,8.618839401019763,6.752531814187304,8.275891511595145,8.796215909841443,9.088524186291131,2,0,18,184
9.809938809870761,7.336990413084969,8.618839401019763,6.752531814187304,8.275891511595145,8.796215909841443,2,0,19,183
9.193778000045212,9.809938809870761,7.336990413084969,8.618839401019763,6.752531814187304,8.275891511595145,2,0,20,182
11.359622794452667,9.193778000045212,9.809938809870761,7.336990413084969,8.618839401019763,6.752531814187304,2,0,21,181
11.162895553748902,11.359622794452667,9.193778000045212,9.809938809870761,7.336990413084969,8.618839401019763,2,0,22,180
12.260696905475811,11.162895553748902,11.359622794452667,9.193778000045212,9.809938809870761,7.336990413084969,2,0,23,179
11.342450748574796,12.260696905475811,11.162895553748902,11.359622794452667,9.193778000045212,9.809938809870761,2,0,24,178
11.981920921663647,11.342450748574796,12.260696905475811,11.162895553748902,11.359622794452667,9.193778000045212,2,0,25,177
12.288120042891057,11.981920921663647,11.342450748574796,12.260696905475811,11.162895553748902,11.359622794452667,2,0,26,176
11.949606036769163,12.288120042891057,11.981920921663647,11.342450748574796,12.260696905475811,11.162895553748902,2,0,27,175
8.456496307741382,11.949606036769163,12.288120042891057,11.981920921663647,11.342450748574796,12.260696905475811,2,0,28,174
8.494490126272488,8.456496307741382,11.949606036769163,12.288120042891057,11.981920921663647,11.342450748574796,2,0,29,173
6.722694107190597,8.494490126272488,8.456496307741382,11.949606036769163,12.288120042891057,11.981920921663647,2,0,30,172
7.630940165116232,6.722694107190597,8.494490126272488,8.456496307741382,11.949606036769163,12.288120042891057,2,0,31,171
9.084870267365321,7.630940165116232,6.722694107190597,8.494490126272488,8.456496307741382,11.949606036769163,2,0,32,170
9.600539084200284,9.084870267365321,7.630940165116232,6.722694107190597,8.494490126272488,8.456496307741382,2,0,33,169
10.45537012706329,9.600539084200284,9.084870267365321,7.630940165116232,6.722694107190597,8.494490126272488,2,0,34,168
11.62894779785507,10.45537012706329,9.600539084200284,9.084870267365321,7.630940165116232,6.722694107190597,2,0,35,167
11.21056703641345,11.62894779785507,10.45537012706329,9.600539084200284,9.084870267365321,7.630940165116232,2,0,36,166
10.113005487470325,11.21056703641345,11.62894779785507,10.45537012706329,9.600539084200284,9.084870267365321,2,0,37,165
8.889203525089325,10.113005487470325,11.21056703641345,11.62894779785507,10.45537012706329,9.600539084200284,2,0,38,164
8.807397327334746,8.889203525089325,10.113005487470325,11.21056703641345,11.62894779785507,10.45537012706329,2,0,39,163
9.027560268930252,8.807397327334746,8.889203525089325,10.113005487470325,11.21056703641345,11.62894779785507,2,0,40,162
8.684667374156161,9.027560268930252,8.807397327334746,8.889203525089325,10.113005487470325,11.21056703641345,2,0,41,161
8.004003588699382,8.684667374156161,9.027560268930252,8.807397327334746,8.889203525089325,10.113005487470325,2,0,42,160
8.336086355708787,8.004003588699382,8.684667374156161,9.027560268930252,8.807397327334746,8.889203525089325,2,0,43,159
7.182148523416516,8.336086355708787,8.004003588699382,8.684667374156161,9.027560268930252,8.807397327334746,2,0,44,158
8.700805227619217,7.182148523416516,8.336086355708787,8.004003588699382,8.684667374156161,9.027560268930252,2,0,45,157
9.357953888505326,8.700805227619217,7.182148523416516,8.336086355708787,8.004003588699382,8.684667374156161,2,0,46,156
7.994173028043523,9.357953888505326,8.700805227619217,7.182148523416516,8.336086355708787,8.004003588699382,2,0,47,155
8.872404563360469,7.994173028043523,9.357953888505326,8.700805227619217,7.182148523416516,8.336086355708787,2,0,48,154
9.923266506723506,8.872404563360469,7.994173028043523,9.357953888505326,8.700805227619217,7.182148523416516,2,0,49,153
11.079048266099743,9.923266506723506,8.872404563360469,7.994173028043523,9.357953888505326,8.700805227619217,2,0,50,152
12.38450817542897,11.079048266099743,9.923266506723506,8.872404563360469,7.994173028043523,9.357953888505326,2,0,51,151
16.596532664223474,12.38450817542897,11.079048266099743,9.923266506723506,8.872404563360469,7.994173028043523,2,0,52,150
16.807376745225643,16.596532664223474,12.38450817542897,11.079048266099743,9.923266506723506,8.872404563360469,2,0,53,149
17.64515437077621,16.807376745225643,16.596532664223474,12.38450817542897,11.079048266099743,9.923266506723506,2,0,54,148
18.585308539230365,17.64515437077621,16.807376745225643,16.596532664223474,12.38450817542897,11.079048266099743,2,0,55,147
19.133540013675265,18.585308539230365,17.64515437077621,16.807376745225643,16.596532664223474,12.38450817542897,2,0,56,146
18.416054946152936,19.133540013675265,18.585308539230365,17.64515437077621,16.807376745225643,16.596532664223474,2,0,57,145
16.01634678557345,18.416054946152936,19.133540013675265,18.585308539230365,17.64515437077621,16.807376745225643,2,0,58,144
16.07163242961174,16.01634678557345,18.416054946152936,19.133540013675265,18.585308539230365,17.64515437077621,2,0,59,143
15.302524776747394,16.07163242961174,16.01634678557345,18.416054946152936,19.133540013675265,18.585308539230365,2,0,60,142
16.12665065255118,15.302524776747394,16.07163242961174,16.01634678557345,18.416054946152936,19.133540013675265,2,0,61,141
16.829076130426998,16.12665065255118,15.302524776747394,16.07163242961174,16.01634678557345,18.416054946152936,2,0,62,140
14.121126372062978,16.829076130426998,16.12665065255118,15.302524776747394,16.07163242961174,16.01634678557345,2,0,63,139
16.803386266063484,14.121126372062978,16.829076130426998,16.12665065255118,15.302524776747394,16.07163242961174,2,0,64,138
14.826587521720095,16.803386266063484,14.121126372062978,16.829076130426998,16.12665065255118,15.302524776747394,2,0,65,137
12.271835628731406,14.826587521720095,16.803386266063484,14.121126372062978,16.829076130426998,16.12665065255118,2,0,66,136
12.449738894039806,12.271835628731406,14.826587521720095,16.803386266063484,14.121126372062978,16.829076130426998,2,0,67,135
11.724969519118018,12.449738894039806,12.271835628731406,14.826587521720095,16.803386266063484,14.121126372062978,2,0,68,134
8.378451365104919,11.724969519118018,12.449738894039806,12.271835628731406,14.826587521720095,16.803386266063484,2,0,69,133
9.931894973957684,8.378451365104919,11.724969519118018,12.449738894039806,12.271835628731406,14.826587521720095,2,0,70,132
10.647307497920663,9.931894973957684,8.378451365104919,11.724969519118018,12.449738894039806,12.271835628731406,2,0,71,131
8.751645317773395,10.647307497920663,9.931894973957684,8.378451365104919,11.724969519118018,12.449738894039806,2,0,72,130
9.922837066841497,8.751645317773395,10.647307497920663,9.931894973957684,8.378451365104919,11.724969519118018,2,0,73,129
7.2838094361018,9.922837066841497,8.751645317773395,10.647307497920663,9.931894973957684,8.378451365104919,2,0,74,128
6.974210186149926,7.2838094361018,9.922837066841497,8.751645317773395,10.647307497920663,9.931894973957684,2,0,75,127
4.622402449948903,6.974210186149926,7.2838094361018,9.922837066841497,8.751645317773395,10.647307497920663,2,0,76,126
4.514651267527949,4.622402449948903,6.974210186149926,7.2838094361018,9.922837066841497,8.751645317773395,2,0,77,125
5.725945376738137,4.514651267527949,4.622402449948903,6.974210186149926,7.2838094361018,9.922837066841497,2,0,78,124
6.879641998319969,5.725945376738137,4.514651267527949,4.622402449948903,6.974210186149926,7.2838094361018,2,0,79,123
3.8884433316627787,6.879641998319969,5.725945376738137,4.514651267527949,4.622402449948903,6.974210186149926,2,0,80,122
7.084750433436602,3.8884433316627787,6.879641998319969,5.725945376738137,4.514651267527949,4.622402449948903,2,0,81,121
7.458796215657961,7.084750433436602,3.8884433316627787,6.879641998319969,5.725945376738137,4.514651267527949,2,0,82,120
9.760554068950317,7.458796215657961,7.084750433436602,3.8884433316627787,6.879641998319969,5.725945376738137,2,0,83,119
7.439398033481924,9.760554068950317,7.458796215657961,7.084750433436602,3.8884433316627787,6.879641998319969,2,0,84,118
5.442195279659923,7.439398033481924,9.760554068950317,7.458796215657961,7.084750433436602,3.8884433316627787,2,0,85,117
6.727542420688608,5.442195279659923,7.439398033481924,9.760554068950317,7.458796215657961,7.084750433436602,2,0,86,116
2.658143685993212,6.727542420688608,5.442195279659923,7.439398033481924,9.760554068950317,7.458796215657961,2,0,87,115
3.808519071482841,2.658143685993212,6.727542420688608,5.442195279659923,7.439398033481924,9.760554068950317,2,0,88,114
4.770172813180855,3.808519071482841,2.658143685993212,6.727542420688608,5.442195279659923,7.439398033481924,2,0,89,113
4.44580535302224,4.770172813180855,3.808519071482841,2.658143685993212,6.727542420688608,5.442195279659923,2,0,90,112
3.156499496296088,4.44580535302224,4.770172813180855,3.808519071482841,2.658143685993212,6.727542420688608,2,0,91,111
2.723652601464231,3.156499496296088,4.44580535302224,4.770172813180855,3.808519071482841,2.658143685993212,2,0,92,110
4.137849610021727,2.723652601464231,3.156499496296088,4.44580535302224,4.770172813180855,3.808519071482841,2,0,93,109
3.387739748851174,4.137849610021727,2.723652601464231,3.156499496296088,4.44580535302224,4.770172813180855,2,0,94,108
4.76132462409535,3.387739748851174,4.137849610021727,2.723652601464231,3.156499496296088,4.44580535302224,2,0,95,107
6.945460544800582,4.76132462409535,3.387739748851174,4.137849610021727,2.723652601464231,3.156499496296088,2,0,96,106
7.966919045905742,6.945460544800582,4.76132462409535,3.387739748851174,4.137849610021727,2.723652601464231,2,0,97,105
8.345752252712877,7.966919045905742,6.945460544800582,4.76132462409535,3.387739748851174,4.137849610021727,2,0,98,104
10.41699313434196,8.345752252712877,7.966919045905742,6.945460544800582,4.76132462409535,3.387739748851174,2,0,99,103
10.37659563659733,10.41699313434196,8.345752252712877,7.966919045905742,6.945460544800582,4.76132462409535,2,0,100,102
9.245499558433034,10.37659563659733,10.41699313434196,8.345752252712877,7.966919045905742,6.945460544800582,2,0,101,101
9.543413402720011,9.245499558433034,10.37659563659733,10.41699313434196,8.345752252712877,7.966919045905742,2,0,102,100
9.020789575975014,9.543413402720011,9.245499558433034,10.37659563659733,10.41699313434196,8.345752252712877,2,0,103,99
7.812787796899946,9.020789575975014,9.543413402720011,9.245499558433034,10.37659563659733,10.41699313434196,2,0,104,98
7.903514385840481,7.812787796899946,9.020789575975014,9.543413402720011,9.245499558433034,10.37659563659733,2,0,105,97
5.266792838850639,7.903514385840481,7.812787796899946,9.020789575975014,9.543413402720011,9.245499558433034,2,0,106,96
5.0232664691841675,5.266792838850639,7.903514385840481,7.812787796899946,9.020789575975014,9.543413402720011,2,0,107,95
7.026434658370859,5.0232664691841675,5.266792838850639,7.903514385840481,7.812787796899946,9.020789575975014,2,0,108,94
7.804565261446303,7.026434658370859,5.0232664691841675,5.266792838850639,7.903514385840481,7.812787796899946,2,0,109,93
7.461981894583536,7.804565261446303,7.026434658370859,5.0232664691841675,5.266792838850639,7.903514385840481,2,0,110,92
10.105783851567573,7.461981894583536,7.804565261446303,7.026434658370859,5.0232664691841675,5.266792838850639,2,0,111,91
7.353481688677202,10.105783851567573,7.461981894583536,7.804565261446303,7.026434658370859,5.0232664691841675,2,0,112,90
7.565006303980223,7.353481688677202,10.105783851567573,7.461981894583536,7.804565261446303,7.026434658370859,2,0,113,89
8.181067936768612,7.565006303980223,7.353481688677202,10.105783851567573,7.461981894583536,7.804565261446303,2,0,114,88
7.911466224948785,8.181067936768612,7.565006303980223,7.353481688677202,10.105783851567573,7.461981894583536,2,0,115,87
6.53126024339596,7.911466224948785,8.181067936768612,7.565006303980223,7.353481688677202,10.105783851567573,2,0,116,86
6.244057422811473,6.53126024339596,7.911466224948785,8.181067936768612,7.565006303980223,7.353481688677202,2,0,117,85
7.173424264991442,6.244057422811473,6.53126024339596,7.911466224948785,8.181067936768612,7.565006303980223,2,0,118,84
8.333707051967865,7.173424264991442,6.244057422811473,6.53126024339596,7.911466224948785,8.181067936768612,2,0,119,83
7.205744023293483,8.333707051967865,7.173424264991442,6.244057422811473,6.53126024339596,7.911466224948785,2,0,120,82
9.364524938668422,7.205744023293483,8.333707051967865,7.173424264991442,6.244057422811473,6.53126024339596,2,0,121,81
9.926817041800836,9.364524938668422,7.205744023293483,8.333707051967865,7.173424264991442,6.244057422811473,2,0,122,80
7.815600708063407,9.926817041800836,9.364524938668422,7.205744023293483,8.333707051967865,7.173424264991442,2,0,123,79
7.610228451278832,7.815600708063407,9.926817041800836,9.364524938668422,7.205744023293483,8.333707051967865,2,0,124,78
5.795424350379182,7.610228451278832,7.815600708063407,9.926817041800836,9.364524938668422,7.205744023293483,2,0,125,77
6.819606161926238,5.795424350379182,7.610228451278832,7.815600708063407,9.926817041800836,9.364524938668422,2,0,126,76
8.995924431314048,6.819606161926238,5.795424350379182,7.610228451278832,7.815600708063407,9.926817041800836,2,0,127,75
8.31426721462083,8.995924431314048,6.819606161926238,5.795424350379182,7.610228451278832,7.815600708063407,2,0,128,74
6.3057466292585715,8.31426721462083,8.995924431314048,6.819606161926238,5.795424350379182,7.610228451278832,2,0,129,73
8.187506862203314,6.3057466292585715,8.31426721462083,8.995924431314048,6.819606161926238,5.795424350379182,2,0,130,72
10.731938283759488,8.187506862203314,6.3057466292585715,8.31426721462083,8.995924431314048,6.819606161926238,2,0,131,71
9.04295051059299,10.731938283759488,8.187506862203314,6.3057466292585715,8.31426721462083,8.995924431314048,2,0,132,70
10.264219748141869,9.04295051059299,10.731938283759488,8.187506862203314,6.3057466292585715,8.31426721462083,2,0,133,69
10.350818323392822,10.264219748141869,9.04295051059299,10.731938283759488,8.187506862203314,6.3057466292585715,2,0,134,68
12.23574981409362,10.350818323392822,10.264219748141869,9.04295051059299,10.731938283759488,8.187506862203314,2,0,135,67
11.821537958009287,12.23574981409362,10.350818323392822,10.264219748141869,9.04295051059299,10.731938283759488,2,0,136,66
12.34510516455334,11.821537958009287,12.23574981409362,10.350818323392822,10.264219748141869,9.04295051059299,2,0,137,65
14.138903627957141,12.34510516455334,11.821537958009287,12.23574981409362,10.350818323392822,10.264219748141869,2,0,138,64
15.910451535775598,14.138903627957141,12.34510516455334,11.821537958009287,12.23574981409362,10.350818323392822,2,0,139,63
15.822436889903786,15.910451535775598,14.138903627957141,12.34510516455334,11.821537958009287,12.23574981409362,2,0,140,62
15.323169687089136,15.822436889903786,15.910451535775598,14.138903627957141,12.34510516455334,11.821537958009287,2,0,141,61
14.355774072148785,15.323169687089136,15.822436889903786,15.910451535775598,14.138903627957141,12.34510516455334,2,0,142,60
11.819208265218204,14.355774072148785,15.323169687089136,15.822436889903786,15.910451535775598,14.138903627957141,2,0,143,59
11.644852620068512,11.819208265218204,14.355774072148785,15.323169687089136,15.822436889903786,15.910451535775598,2,0,144,58
12.646236638245373,11.644852620068512,11.819208265218204,14.355774072148785,15.323169687089136,15.822436889903786,2,0,145,57
10.011821188577173,12.646236638245373,11.644852620068512,11.819208265218204,14.355774072148785,15.323169687089136,2,0,146,56
12.217873119291909,10.011821188577173,12.646236638245373,11.644852620068512,11.819208265218204,14.355774072148785,2,0,147,55
11.745762770196105,12.217873119291909,10.011821188577173,12.646236638245373,11.644852620068512,11.819208265218204,2,0,148,54
11.065096419500263,11.745762770196105,12.217873119291909,10.011821188577173,12.646236638245373,11.644852620068512,2,0,149,53
9.494479782402687,11.065096419500263,11.745762770196105,12.217873119291909,10.011821188577173,12.646236638245373,2,0,150,52
7.695212935352005,9.494479782402687,11.065096419500263,11.745762770196105,12.217873119291909,10.011821188577173,2,0,151,51
5.9474525234192175,7.695212935352005,9.494479782402687,11.065096419500263,11.745762770196105,12.217873119291909,2,0,152,50
4.602801740256412,5.9474525234192175,7.695212935352005,9.494479782402687,11.065096419500263,11.745762770196105,2,0,153,49
6.012810439296201,4.602801740256412,5.9474525234192175,7.695212935352005,9.494479782402687,11.065096419500263,2,0,154,48
5.211268276646353,6.012810439296201,4.602801740256412,5.9474525234192175,7.695212935352005,9.494479782402687,2,0,155,47
6.302502194402497,5.211268276646353,6.012810439296201,4.602801740256412,5.9474525234192175,7.695212935352005,2,0,156,46
5.553327603249396,6.302502194402497,5.211268276646353,6.012810439296201,4.602801740256412,5.9474525234192175,2,0,157,45
5.136455852447124,5.553327603249396,6.302502194402497,5.211268276646353,6.012810439296201,4.602801740256412,2,0,158,44
6.268947217402438,5.136455852447124,5.553327603249396,6.302502194402497,5.211268276646353,6.012810439296201,2,0,159,43
6.441433762428786,6.268947217402438,5.136455852447124,5.553327603249396,6.302502194402497,5.211268276646353,2,0,160,42
8.474510473993359,6.441433762428786,6.268947217402438,5.136455852447124,5.553327603249396,6.302502194402497,2,0,161,41
9.131794745771053,8.474510473993359,6.441433762428786,6.268947217402438,5.136455852447124,5.553327603249396,2,0,162,40
11.07261387890326,9.131794745771053,8.474510473993359,6.441433762428786,6.268947217402438,5.136455852447124,2,0,163,39
8.194823688862288,11.07261387890326,9.131794745771053,8.474510473993359,6.441433762428786,6.268947217402438,2,0,164,38
10.248596173071702,8.194823688862288,11.07261387890326,9.131794745771053,8.474510473993359,6.441433762428786,2,0,165,37
11.85978512609751,10.248596173071702,8.194823688862288,11.07261387890326,9.131794745771053,8.474510473993359,2,0,166,36
9.419311504250318,11.85978512609751,10.248596173071702,8.194823688862288,11.07261387890326,9.131794745771053,2,0,167,35
11.747643123832773,9.419311504250318,11.85978512609751,10.248596173071702,8.194823688862288,11.07261387890326,2,0,168,34
12.748183082389803,11.747643123832773,9.419311504250318,11.85978512609751,10.248596173071702,8.194823688862288,2,0,169,33
11.027980881776184,12.748183082389803,11.747643123832773,9.419311504250318,11.85978512609751,10.248596173071702,2,0,170,32
13.024812235401665,11.027980881776184,12.748183082389803,11.747643123832773,9.419311504250318,11.85978512609751,2,0,171,31
11.468108270644706,13.024812235401665,11.027980881776184,12.748183082389803,11.747643123832773,9.419311504250318,2,0,172,30
12.837643666745088,11.468108270644706,13.024812235401665,11.027980881776184,12.748183082389803,11.747643123832773,2,0,173,29
12.163482934176916,12.837643666745088,11.468108270644706,13.024812235401665,11.027980881776184,12.748183082389803,2,0,174,28
12.626576557182755,12.163482934176916,12.837643666745088,11.468108270644706,13.024812235401665,11.027980881776184,2,0,175,27
12.61726203985143,12.626576557182755,12.163482934176916,12.837643666745088,11.468108270644706,13.024812235401665,2,0,176,26
10.818463768645245,12.61726203985143,12.626576557182755,12.163482934176916,12.837643666745088,11.468108270644706,2,0,177,25
10.979894704334768,10.818463768645245,12.61726203985143,12.626576557182755,12.163482934176916,12.837643666745088,2,0,178,24
10.461259473518185,10.979894704334768,10.818463768645245,12.61726203985143,12.626576557182755,12.163482934176916,2,0,179,23
12.019504595340393,10.461259473518185,10.979894704334768,10.818463768645245,12.61726203985143,12.626576557182755,2,0,180,22
12.188580002254989,12.019504595340393,10.461259473518185,10.979894704334768,10.818463768645245,12.61726203985143,2,0,181,21
11.314211141761598,12.188580002254989,12.019504595340393,10.461259473518185,10.979894704334768,10.818463768645245,2,0,182,20
9.026539659257393,11.314211141761598,12.188580002254989,12.019504595340393,10.461259473518185,10.979894704334768,2,0,183,19
7.498593951630893,9.026539659257393,11.314211141761598,12.188580002254989,12.019504595340393,10.461259473518185,2,0,184,18
7.426046618503714,7.498593951630893,9.026539659257393,11.314211141761598,12.188580002254989,12.019504595340393,2,0,185,17
4.000252485615702,7.426046618503714,7.498593951630893,9.026539659257393,11.314211141761598,12.188580002254989,2,0,186,16
8.135990343710894,4.000252485615702,7.426046618503714,7.498593951630893,9.026539659257393,11.314211141761598,2,0,187,15
7.778358443176511,8.135990343710894,4.000252485615702,7.426046618503714,7.498593951630893,9.026539659257393,2,0,188,14
9.015757964156657,7.778358443176511,8.135990343710894,4.000252485615702,7.426046618503714,7.498593951630893,2,0,189,13
8.179518259636428,9.015757964156657,7.778358443176511,8.135990343710894,4.000252485615702,7.426046618503714,2,0,190,12
7.985864803501106,8.179518259636428,9.015757964156657,7.778358443176511,8.135990343710894,4.000252485615702,2,0,191,11
9.058150720047433,7.985864803501106,8.179518259636428,9.015757964156657,7.778358443176511,8.135990343710894,2,0,192,10
7.125543846576593,9.058150720047433,7.985864803501106,8.179518259636428,9.015757964156657,7.778358443176511,2,0,193,9
7.405014990336718,7.125543846576593,9.058150720047433,7.985864803501106,8.179518259636428,9.015757964156657,2,0,194,8
6.098262574108342,7.405014990336718,7.125543846576593,9.058150720047433,7.985864803501106,8.179518259636428,2,0,195,7
4.087354719087025,6.098262574108342,7.405014990336718,7.125543846576593,9.058150720047433,7.985864803501106,2,0,196,6
5.252496254823657,4.087354719087025,6.098262574108342,7.405014990336718,7.125543846576593,9.058150720047433,2,1,197,5
6.83265174424365,5.252496254823657,4.087354719087025,6.098262574108342,7.405014990336718,7.125543846576593,2,1,198,4
4.780930203324328,6.83265174424365,5.252496254823657,4.087354719087025,6.098262574108342,7.405014990336718,2,1,199,3
4.653401301632628,4.780930203324328,6.83265174424365,5.252496254823657,4.087354719087025,6.098262574108342,2,1,200,2
6.634412469978338,4.653401301632628,4.780930203324328,6.83265174424365,5.252496254823657,4.087354719087025,2,1,201,1
2.0296388812621386,6.634412469978338,4.653401301632628,4.780930203324328,6.83265174424365,5.252496254823657,3,1,0,0
7.443220275769125,2.0296388812621386,6.634412469978338,4.653401301632628,4.780930203324328,6.83265174424365,3,1,1,222
-3.4002925471398604,7.443220275769125,2.0296388812621386,6.634412469978338,4.653401301632628,4.780930203324328,3,1,2,221
-0.981408976003058,-3.4002925471398604,7.443220275769125,2.0296388812621386,6.634412469978338,4.653401301632628,3,1,3,220
3.385960744706488,-0.981408976003058,-3.4002925471398604,7.443220275769125,2.0296388812621386,6.634412469978338,3,1,4,219
-5.524391170342054,3.385960744706488,-0.981408976003058,-3.4002925471398604,7.443220275769125,2.0296388812621386,3,0,5,218
0.7599220129044091,-5.524391170342054,3.385960744706488,-0.981408976003058,-3.4002925471398604,7.443220275769125,3,0,6,217
-9.110753319150245,0.7599220129044091,-5.524391170342054,3.385960744706488,-0.981408976003058,-3.4002925471398604,3,0,7,216
-0.3447981564738778,-9.110753319150245,0.7599220129044091,-5.524391170342054,3.385960744706488,-0.981408976003058,3,0,8,215
1.6479030834019093,-0.3447981564738778,-9.110753319150245,0.7599220129044091,-5.524391170342054,3.385960744706488,3,0,9,214
-1.2392996729554935,1.6479030834019093,-0.3447981564738778,-9.110753319150245,0.7599220129044091,-5.524391170342054,3,0,10,213
2.518982022907799,-1.2392996729554935,1.6479030834019093,-0.3447981564738778,-9.110753319150245,0.7599220129044091,3,0,11,212
0.35016335863841297,2.518982022907799,-1.2392996729554935,1.6479030834019093,-0.3447981564738778,-9.110753319150245,3,0,12,211
-0.12182230075518063,0.35016335863841297,2.518982022907799,-1.2392996729554935,1.6479030834019093,-0.3447981564738778,3,0,13,210
1.384521831092513,-0.12182230075518063,0.35016335863841297,2.518982022907799,-1.2392996729554935,1.6479030834019093,3,0,14,209
0.6640527221110313,1.384521831092513,-0.12182230075518063,0.35016335863841297,2.518982022907799,-1.2392996729554935,3,0,15,208
-0.37537357465696797,0.6640527221110313,1.384521831092513,-0.12182230075518063,0.35016335863841297,2.518982022907799,3,0,16,207
-1.5499145785642434,-0.37537357465696797,0.6640527221110313,1.384521831092513,-0.12182230075518063,0.35016335863841297,3,0,17,206
-1.3280094026355242,-1.5499145785642434,-0.37537357465696797,0.6640527221110313,1.384521831092513,-0.12182230075518063,3,0,18,205
-6.8544844624297205,-1.3280094026355242,-1.5499145785642434,-0.37537357465696797,0.6640527221110313,1.384521831092513,3,0,19,204
3.0035304766618434,-6.8544844624297205,-1.3280094026355242,-1.5499145785642434,-0.37537357465696797,0.6640527221110313,3,0,20,203
-6.863509919122329,3.0035304766618434,-6.8544844624297205,-1.3280094026355242,-1.5499145785642434,-0.37537357465696797,3,0,21,202
-3.7991022392398763,-6.863509919122329,3.0035304766618434,-6.8544844624297205,-1.3280094026355242,-1.5499145785642434,3,0,22,201
1.2038313736571113,-3.7991022392398763,-6.863509919122329,3.0035304766618434,-6.8544844624297205,-1.3280094026355242,3,0,23,200
-4.279238160909279,1.2038313736571113,-3.7991022392398763,-6.863509919122329,3.0035304766618434,-6.8544844624297205,3,0,24,199
0.15770534057673435,-4.279238160909279,1.2038313736571113,-3.7991022392398763,-6.863509919122329,3.0035304766618434,3,0,25,198
-2.0089649031240446,0.15770534057673435,-4.279238160909279,1.2038313736571113,-3.7991022392398763,-6.863509919122329,3,0,26,197
-6.327534992386592,-2.0089649031240446,0.15770534057673435,-4.279238160909279,1.2038313736571113,-3.7991022392398763,3,0,27,196
-4.408549718536965,-6.327534992386592,-2.0089649031240446,0.15770534057673435,-4.279238160909279,1.2038313736571113,3,0,28,195
-0.57087176511485,-4.408549718536965,-6.327534992386592,-2.0089649031240446,0.15770534057673435,-4.279238160909279,3,0,29,194
-0.18822284510778498,-0.57087176511485,-4.408549718536965,-6.327534992386592,-2.0089649031240446,0.15770534057673435,3,0,30,193
1.5520610071032839,-0.18822284510778498,-0.57087176511485,-4.408549718536965,-6.327534992386592,-2.0089649031240446,3,0,31,192
2.557819062933651,1.5520610071032839,-0.18822284510778498,-0.57087176511485,-4.408549718536965,-6.327534992386592,3,0,32,191
4.46782193163283,2.557819062933651,1.5520610071032839,-0.18822284510778498,-0.57087176511485,-4.408549718536965,3,0,33,190
7.162979558985367,4.46782193163283,2.557819062933651,1.5520610071032839,-0.18822284510778498,-0.57087176511485,3,0,34,189
8.509204895852857,7.162979558985367,4.46782193163283,2.557819062933651,1.5520610071032839,-0.18822284510778498,3,0,35,188
2.853142298424185,8.509204895852857,7.162979558985367,4.46782193163283,2.557819062933651,1.5520610071032839,3,0,36,187
16.86722547312074,2.853142298424185,8.509204895852857,7.162979558985367,4.46782193163283,2.557819062933651,3,0,37,186
-3.312808944327142,16.86722547312074,2.853142298424185,8.509204895852857,7.162979558985367,4.46782193163283,3,0,38,185
-4.020855528121762,-3.312808944327142,16.86722547312074,2.853142298424185,8.509204895852857,7.162979558985367,3,0,39,184
-1.4898579989789629,-4.020855528121762,-3.312808944327142,16.86722547312074,2.853142298424185,8.509204895852857,3,0,40,183
-0.38035263862147484,-1.4898579989789629,-4.020855528121762,-3.312808944327142,16.86722547312074,2.853142298424185,3,0,41,182
-2.5272815421342596,-0.38035263862147484,-1.4898579989789629,-4.020855528121762,-3.312808944327142,16.86722547312074,3,0,42,181
-1.0950084698067057,-2.5272815421342596,-0.38035263862147484,-1.4898579989789629,-4.020855528121762,-3.312808944327142,3,0,43,180
-0.8017422852822726,-1.0950084698067057,-2.5272815421342596,-0.38035263862147484,-1.4898579989789629,-4.020855528121762,3,0,44,179
1.5219524802617586,-0.8017422852822726,-1.0950084698067057,-2.5272815421342596,-0.38035263862147484,-1.4898579989789629,3,0,45,178
-4.455108727168518,1.5219524802617586,-0.8017422852822726,-1.0950084698067057,-2.5272815421342596,-0.38035263862147484,3,0,46,177
-5.029052196127056,-4.455108727168518,1.5219524802617586,-0.8017422852822726,-1.0950084698067057,-2.5272815421342596,3,0,47,176
-3.3579907565528337,-5.029052196127056,-4.455108727168518,1.5219524802617586,-0.8017422852822726,-1.0950084698067057,3,0,48,175
-0.1528642247457176,-3.3579907565528337,-5.029052196127056,-4.455108727168518,1.5219524802617586,-0.8017422852822726,3,0,49,174
-1.0951218204465256,-0.1528642247457176,-3.3579907565528337,-5.029052196127056,-4.455108727168518,1.5219524802617586,3,0,50,173
-0.19206364412924418,-1.0951218204465256,-0.1528642247457176,-3.3579907565528337,-5.029052196127056,-4.455108727168518,3,0,51,172
1.6402059620001086,-0.19206364412924418,-1.0951218204465256,-0.1528642247457176,-3.3579907565528337,-5.029052196127056,3,0,52,171
-3.0191271870638983,1.6402059620001086,-0.19206364412924418,-1.0951218204465256,-0.1528642247457176,-3.3579907565528337,3,0,53,170
-2.6851786201827323,-3.0191271870638983,1.6402059620001086,-0.19206364412924418,-1.0951218204465256,-0.1528642247457176,3,0,54,169
-2.5416714726289857,-2.6851786201827323,-3.0191271870638983,1.6402059620001086,-0.19206364412924418,-1.0951218204465256,3,0,55,168
2.059816704561128,-2.5416714726289857,-2.6851786201827323,-3.0191271870638983,1.6402059620001086,-0.19206364412924418,3,0,56,167
-2.257476501625868,2.059816704561128,-2.5416714726289857,-2.6851786201827323,-3.0191271870638983,1.6402059620001086,3,0,57,166
1.0883534052331083,-2.257476501625868,2.059816704561128,-2.5416714726289857,-2.6851786201827323,-3.0191271870638983,3,0,58,165
-1.5952196599359045,1.0883534052331083,-2.257476501625868,2.059816704561128,-2.5416714726289857,-2.6851786201827323,3,0,59,164
-4.75488336531274,-1.5952196599359045,1.0883534052331083,-2.257476501625868,2.059816704561128,-2.5416714726289857,3,0,60,163
-0.3316970697133963,-4.75488336531274,-1.5952196599359045,1.0883534052331083,-2.257476501625868,2.059816704561128,3,0,61,162
2.0159560238998657,-0.3316970697133963,-4.75488336531274,-1.5952196599359045,1.0883534052331083,-2.257476501625868,3,0,62,161
-5.641580072419136,2.0159560238998657,-0.3316970697133963,-4.75488336531274,-1.5952196599359045,1.0883534052331083,3,0,63,160
-2.665730717726406,-5.641580072419136,2.0159560238998657,-0.3316970697133963,-4.75488336531274,-1.5952196599359045,3,0,64,159
2.320520350358389,-2.665730717726406,-5.641580072419136,2.0159560238998657,-0.3316970697133963,-4.75488336531274,3,0,65,158
-3.87038781387166,2.320520350358389,-2.665730717726406,-5.641580072419136,2.0159560238998657,-0.3316970697133963,3,0,66,157
4.220691700431719,-3.87038781387166,2.320520350358389,-2.665730717726406,-5.641580072419136,2.0159560238998657,3,0,67,156
-4.332212171105354,4.220691700431719,-3.87038781387166,2.320520350358389,-2.665730717726406,-5.641580072419136,3,0,68,155
-2.4224615315245948,-4.332212171105354,4.220691700431719,-3.87038781387166,2.320520350358389,-2.665730717726406,3,0,69,154
1.2551880748035216,-2.4224615315245948,-4.332212171105354,4.220691700431719,-3.87038781387166,2.320520350358389,3,0,70,153
-6.664782728501996,1.2551880748035216,-2.4224615315245948,-4.332212171105354,4.220691700431719,-3.87038781387166,3,0,71,152
1.5968372779720899,-6.664782728501996,1.2551880748035216,-2.4224615315245948,-4.332212171105354,4.220691700431719,3,0,72,151
-5.190293709580818,1.5968372779720899,-6.664782728501996,1.2551880748035216,-2.4224615315245948,-4.332212171105354,3,0,73,150
0.017811540978659002,-5.190293709580818,1.5968372779720899,-6.664782728501996,1.2551880748035216,-2.4224615315245948,3,0,74,149
-47.356083488429626,0.017811540978659002,-5.190293709580818,1.5968372779720899,-6.664782728501996,1.2551880748035216,3,0,75,148
-8.073436946394537,-47.356083488429626,0.017811540978659002,-5.190293709580818,1.5968372779720899,-6.664782728501996,3,0,76,147
11.885729887488804,-8.073436946394537,-47.356083488429626,0.017811540978659002,-5.190293709580818,1.5968372779720899,3,0,77,146
-10.838968126013562,11.885729887488804,-8.073436946394537,-47.356083488429626,0.017811540978659002,-5.190293709580818,3,0,78,145
-8.979688853562374,-10.838968126013562,11.885729887488804,-8.073436946394537,-47.356083488429626,0.017811540978659002,3,0,79,144
1.0176786313399226,-8.979688853562374,-10.838968126013562,11.885729887488804,-8.073436946394537,-47.356083488429626,3,0,80,143
-9.509482190383036,1.0176786313399226,-8.979688853562374,-10.838968126013562,11.885729887488804,-8.073436946394537,3,0,81,142
-2.919067347995048,-9.509482190383036,1.0176786313399226,-8.979688853562374,-10.838968126013562,11.885729887488804,3,0,82,141
4.904373180274083,-2.919067347995048,-9.509482190383036,1.0176786313399226,-8.979688853562374,-10.838968126013562,3,0,83,140
-5.8376859660110725,4.904373180274083,-2.919067347995048,-9.509482190383036,1.0176786313399226,-8.979688853562374,3,0,84,139
-5.446157712484414,-5.8376859660110725,4.904373180274083,-2.919067347995048,-9.509482190383036,1.0176786313399226,3,0,85,138
2.61735041042437,-5.446157712484414,-5.8376859660110725,4.904373180274083,-2.919067347995048,-9.509482190383036,3,0,86,137
-5.110879357787283,2.61735041042437,-5.446157712484414,-5.8376859660110725,4.904373180274083,-2.919067347995048,3,0,87,136
-3.7573569654800654,-5.110879357787283,2.61735041042437,-5.446157712484414,-5.8376859660110725,4.904373180274083,3,0,88,135
6.794655906530148,-3.7573569654800654,-5.110879357787283,2.61735041042437,-5.446157712484414,-5.8376859660110725,3,0,89,134
-7.655024106526107,6.794655906530148,-3.7573569654800654,-5.110879357787283,2.61735041042437,-5.446157712484414,3,0,90,133
-2.0224630667245265,-7.655024106526107,6.794655906530148,-3.7573569654800654,-5.110879357787283,2.61735041042437,3,0,91,132
4.244594097763077,-2.0224630667245265,-7.655024106526107,6.794655906530148,-3.7573569654800654,-5.110879357787283,3,0,92,131
-6.225826642350237,4.244594097763077,-2.0224630667245265,-7.655024106526107,6.794655906530148,-3.7573569654800654,3,0,93,130
0.7950469993052369,-6.225826642350237,4.244594097763077,-2.0224630667245265,-7.655024106526107,6.794655906530148,3,0,94,129
-4.8454965595693995,0.7950469993052369,-6.225826642350237,4.244594097763077,-2.0224630667245265,-7.655024106526107,3,0,95,128
-2.983266780376793,-4.8454965595693995,0.7950469993052369,-6.225826642350237,4.244594097763077,-2.0224630667245265,3,0,96,127
-0.5517988890497779,-2.983266780376793,-4.8454965595693995,0.7950469993052369,-6.225826642350237,4.244594097763077,3,0,97,126
0.3180244482341155,-0.5517988890497779,-2.983266780376793,-4.8454965595693995,0.7950469993052369,-6.225826642350237,3,0,98,125
-0.15246268405842578,0.3180244482341155,-0.5517988890497779,-2.983266780376793,-4.8454965595693995,0.7950469993052369,3,0,99,124
4.079420544950528,-0.15246268405842578,0.3180244482341155,-0.5517988890497779,-2.983266780376793,-4.8454965595693995,3,0,100,123
-2.529829652120652,4.079420544950528,-0.15246268405842578,0.3180244482341155,-0.5517988890497779,-2.983266780376793,3,0,101,122
-2.6166084945981605,-2.529829652120652,4.079420544950528,-0.15246268405842578,0.3180244482341155,-0.5517988890497779,3,0,102,121
-0.7061227738431006,-2.6166084945981605,-2.529829652120652,4.079420544950528,-0.15246268405842578,0.3180244482341155,3,0,103,120
-1.5434257220967726,-0.7061227738431006,-2.6166084945981605,-2.529829652120652,4.079420544950528,-0.15246268405842578,3,0,104,119
-5.184979068038338,-1.5434257220967726,-0.7061227738431006,-2.6166084945981605,-2.529829652120652,4.079420544950528,3,0,105,118
-2.2066811012114567,-5.184979068038338,-1.5434257220967726,-0.7061227738431006,-2.6166084945981605,-2.529829652120652,3,0,106,117
3.17047745453739,-2.2066811012114567,-5.184979068038338,-1.5434257220967726,-0.7061227738431006,-2.6166084945981605,3,0,107,116
-8.188591114899559,3.17047745453739,-2.2066811012114567,-5.184979068038338,-1.5434257220967726,-0.7061227738431006,3,0,108,115
0.23385148788870191,-8.188591114899559,3.17047745453739,-2.2066811012114567,-5.184979068038338,-1.5434257220967726,3,0,109,114
-15.320674304674206,0.23385148788870191,-8.188591114899559,3.17047745453739,-2.2066811012114567,-5.184979068038338,3,0,110,113
-3.304385981200891,-15.320674304674206,0.23385148788870191,-8.188591114899559,3.17047745453739,-2.2066811012114567,3,0,111,112
7.8881457835194055,-3.304385981200891,-15.320674304674206,0.23385148788870191,-8.188591114899559,3.17047745453739,3,0,112,111
-9.840750432060343,7.8881457835194055,-3.304385981200891,-15.320674304674206,0.23385148788870191,-8.188591114899559,3,0,113,110
-3.2797831406796294,-9.840750432060343,7.8881457835194055,-3.304385981200891,-15.320674304674206,0.23385148788870191,3,0,114,109
2.1658505312368566,-3.2797831406796294,-9.840750432060343,7.8881457835194055,-3.304385981200891,-15.320674304674206,3,0,115,108
-3.981458255035847,2.1658505312368566,-3.2797831406796294,-9.840750432060343,7.8881457835194055,-3.304385981200891,3,0,116,107
1.538665099586533,-3.981458255035847,2.1658505312368566,-3.2797831406796294,-9.840750432060343,7.8881457835194055,3,0,117,106
-6.685871267924409,1.538665099586533,-3.981458255035847,2.1658505312368566,-3.2797831406796294,-9.840750432060343,3,0,118,105
-2.57957534750234,-6.685871267924409,1.538665099586533,-3.981458255035847,2.1658505312368566,-3.2797831406796294,3,0,119,104
2.967388273464925,-2.57957534750234,-6.685871267924409,1.538665099586533,-3.981458255035847,2.1658505312368566,3,0,120,103
-4.245357699497945,2.967388273464925,-2.57957534750234,-6.685871267924409,1.538665099586533,-3.981458255035847,3,0,121,102
-4.797918340880684,-4.245357699497945,2.967388273464925,-2.57957534750234,-6.685871267924409,1.538665099586533,3,0,122,101
-2.0707423490910246,-4.797918340880684,-4.245357699497945,2.967388273464925,-2.57957534750234,-6.685871267924409,3,0,123,100
-0.9798615432493989,-2.0707423490910246,-4.797918340880684,-4.245357699497945,2.967388273464925,-2.57957534750234,3,0,124,99
2.4368834781579967,-0.9798615432493989,-2.0707423490910246,-4.797918340880684,-4.245357699497945,2.967388273464925,3,0,125,98
-0.6403931685021973,2.4368834781579967,-0.9798615432493989,-2.0707423490910246,-4.797918340880684,-4.245357699497945,3,0,126,97
2.2860050185622516,-0.6403931685021973,2.4368834781579967,-0.9798615432493989,-2.0707423490910246,-4.797918340880684,3,0,127,96
-2.466138608509699,2.2860050185622516,-0.6403931685021973,2.4368834781579967,-0.9798615432493989,-2.0707423490910246,3,0,128,95
2.8987364897619354,-2.466138608509699,2.2860050185622516,-0.6403931685021973,2.4368834781579967,-0.9798615432493989,3,0,129,94
-1.9372785352529958,2.8987364897619354,-2.466138608509699,2.2860050185622516,-0.6403931685021973,2.4368834781579967,3,0,130,93
3.267917401782255,-1.9372785352529958,2.8987364897619354,-2.466138608509699,2.2860050185622516,-0.6403931685021973,3,0,131,92
-2.664280524057711,3.267917401782255,-1.9372785352529958,2.8987364897619354,-2.466138608509699,2.2860050185622516,3,0,132,91
-4.151519508819802,-2.664280524057711,3.267917401782255,-1.9372785352529958,2.8987364897619354,-2.466138608509699,3,0,133,90
-3.692710261091527,-4.151519508819802,-2.664280524057711,3.267917401782255,-1.9372785352529958,2.8987364897619354,3,0,134,89
1.3712985274739466,-3.692710261091527,-4.151519508819802,-2.664280524057711,3.267917401782255,-1.9372785352529958,3,0,135,88
-0.7305848115066884,1.3712985274739466,-3.692710261091527,-4.151519508819802,-2.664280524057711,3.267917401782255,3,0,136,87
-0.34964514887947806,-0.7305848115066884,1.3712985274739466,-3.692710261091527,-4.151519508819802,-2.664280524057711,3,0,137,86
-4.657672716768339,-0.34964514887947806,-0.7305848115066884,1.3712985274739466,-3.692710261091527,-4.151519508819802,3,0,138,85
5.357182071519421,-4.657672716768339,-0.34964514887947806,-0.7305848115066884,1.3712985274739466,-3.692710261091527,3,0,139,84
-7.877670399862897,5.357182071519421,-4.657672716768339,-0.34964514887947806,-0.7305848115066884,1.3712985274739466,3,0,140,83
-4.058409399226254,-7.877670399862897,5.357182071519421,-4.657672716768339,-0.34964514887947806,-0.7305848115066884,3,0,141,82
2.7258215752348427,-4.058409399226254,-7.877670399862897,5.357182071519421,-4.657672716768339,-0.34964514887947806,3,0,142,81
-5.479155145844323,2.7258215752348427,-4.058409399226254,-7.877670399862897,5.357182071519421,-4.657672716768339,3,0,143,80
2.673926823916496,-5.479155145844323,2.7258215752348427,-4.058409399226254,-7.877670399862897,5.357182071519421,3,0,144,79
-9.190523035755952,2.673926823916496,-5.479155145844323,2.7258215752348427,-4.058409399226254,-7.877670399862897,3,0,145,78
-4.241558816497974,-9.190523035755952,2.673926823916496,-5.479155145844323,2.7258215752348427,-4.058409399226254,3,0,146,77
5.073950877438493,-4.241558816497974,-9.190523035755952,2.673926823916496,-5.479155145844323,2.7258215752348427,3,0,147,76
-4.319051219130214,5.073950877438493,-4.241558816497974,-9.190523035755952,2.673926823916496,-5.479155145844323,3,0,148,75
-3.420604292976639,-4.319051219130214,5.073950877438493,-4.241558816497974,-9.190523035755952,2.673926823916496,3,0,149,74
-1.645628890612119,-3.420604292976639,-4.319051219130214,5.073950877438493,-4.241558816497974,-9.190523035755952,3,0,150,73
0.32879747368324913,-1.645628890612119,-3.420604292976639,-4.319051219130214,5.073950877438493,-4.241558816497974,3,0,151,72
-1.6251425564611441,0.32879747368324913,-1.645628890612119,-3.420604292976639,-4.319051219130214,5.073950877438493,3,0,152,71
-0.6304808022893371,-1.6251425564611441,0.32879747368324913,-1.645628890612119,-3.420604292976639,-4.319051219130214,3,0,153,70
5.050207872911138,-0.6304808022893371,-1.6251425564611441,0.32879747368324913,-1.645628890612119,-3.420604292976639,3,0,154,69
-1.5898561231489208,5.050207872911138,-0.6304808022893371,-1.6251425564611441,0.32879747368324913,-1.645628890612119,3,0,155,68
-1.4294490745694144,-1.5898561231489208,5.050207872911138,-0.6304808022893371,-1.6251425564611441,0.32879747368324913,3,0,156,67
1.2630819341440136,-1.4294490745694144,-1.5898561231489208,5.050207872911138,-0.6304808022893371,-1.6251425564611441,3,0,157,66
-3.7670577915835435,1.2630819341440136,-1.4294490745694144,-1.5898561231489208,5.050207872911138,-0.6304808022893371,3,0,158,65
-0.9120819836248292,-3.7670577915835435,1.2630819341440136,-1.4294490745694144,-1.5898561231489208,5.050207872911138,3,0,159,64
0.07699042957537539,-0.9120819836248292,-3.7670577915835435,1.2630819341440136,-1.4294490745694144,-1.5898561231489208,3,0,160,63
-4.629151469950997,0.07699042957537539,-0.9120819836248292,-3.7670577915835435,1.2630819341440136,-1.4294490745694144,3,0,161,62
1.600321722622357,-4.629151469950997,0.07699042957537539,-0.9120819836248292,-3.7670577915835435,1.2630819341440136,3,0,162,61
-4.099556152702216,1.600321722622357,-4.629151469950997,0.07699042957537539,-0.9120819836248292,-3.7670577915835435,3,0,163,60
0.2970259726613762,-4.099556152702216,1.600321722622357,-4.629151469950997,0.07699042957537539,-0.9120819836248292,3,0,164,59
-3.6230015420123722,0.2970259726613762,-4.099556152702216,1.600321722622357,-4.629151469950997,0.07699042957537539,3,0,165,58
-4.084796882852708,-3.6230015420123722,0.2970259726613762,-4.099556152702216,1.600321722622357,-4.629151469950997,3,0,166,57
-0.9165092054994555,-4.084796882852708,-3.6230015420123722,0.2970259726613762,-4.099556152702216,1.600321722622357,3,0,167,56
-4.513191231516606,-0.9165092054994555,-4.084796882852708,-3.6230015420123722,0.2970259726613762,-4.099556152702216,3,0,168,55
-4.386557377340221,-4.513191231516606,-0.9165092054994555,-4.084796882852708,-3.6230015420123722,0.2970259726613762,3,0,169,54
-2.717260973347498,-4.386557377340221,-4.513191231516606,-0.9165092054994555,-4.084796882852708,-3.6230015420123722,3,0,170,53
1.6226426004373946,-2.717260973347498,-4.386557377340221,-4.513191231516606,-0.9165092054994555,-4.084796882852708,3,0,171,52
-0.5885972812794469,1.6226426004373946,-2.717260973347498,-4.386557377340221,-4.513191231516606,-0.9165092054994555,3,0,172,51
-2.052946905406954,-0.5885972812794469,1.6226426004373946,-2.717260973347498,-4.386557377340221,-4.513191231516606,3,0,173,50
-0.6373336396948599,-2.052946905406954,-0.5885972812794469,1.6226426004373946,-2.717260973347498,-4.386557377340221,3,0,174,49
2.074910141278667,-0.6373336396948599,-2.052946905406954,-0.5885972812794469,1.6226426004373946,-2.717260973347498,3,0,175,48
-6.31550213885372,2.074910141278667,-0.6373336396948599,-2.052946905406954,-0.5885972812794469,1.6226426004373946,3,0,176,47
2.0779676571654266,-6.31550213885372,2.074910141278667,-0.6373336396948599,-2.052946905406954,-0.5885972812794469,3,0,177,46
-13.194583195866585,2.0779676571654266,-6.31550213885372,2.074910141278667,-0.6373336396948599,-2.052946905406954,3,0,178,45
-8.280516849656777,-13.194583195866585,2.0779676571654266,-6.31550213885372,2.074910141278667,-0.6373336396948599,3,0,179,44
0.6208123266599281,-8.280516849656777,-13.194583195866585,2.0779676571654266,-6.31550213885372,2.074910141278667,3,0,180,43
-9.297027682491972,0.6208123266599281,-8.280516849656777,-13.194583195866585,2.0779676571654266,-6.31550213885372,3,0,181,42
-4.0920152750723835,-9.297027682491972,0.6208123266599281,-8.280516849656777,-13.194583195866585,2.0779676571654266,3,0,182,41
6.038443264909211,-4.0920152750723835,-9.297027682491972,0.6208123266599281,-8.280516849656777,-13.194583195866585,3,0,183,40
-6.493435364022957,6.038443264909211,-4.0920152750723835,-9.297027682491972,0.6208123266599281,-8.280516849656777,3,0,184,39
-0.5328040632738986,-6.493435364022957,6.038443264909211,-4.0920152750723835,-9.297027682491972,0.6208123266599281,3,0,185,38
3.75303826895935,-0.5328040632738986,-6.493435364022957,6.038443264909211,-4.0920152750723835,-9.297027682491972,3,0,186,37
1.449572622105005,3.75303826895935,-0.5328040632738986,-6.493435364022957,6.038443264909211,-4.0920152750723835,3,0,187,36
2.046609294281835,1.449572622105005,3.75303826895935,-0.5328040632738986,-6.493435364022957,6.038443264909211,3,0,188,35
-1.7968117296416124,2.046609294281835,1.449572622105005,3.75303826895935,-0.5328040632738986,-6.493435364022957,3,0,189,34
-0.1426519142093403,-1.7968117296416124,2.046609294281835,1.449572622105005,3.75303826895935,-0.5328040632738986,3,0,190,33
3.9522984229838176,-0.1426519142093403,-1.7968117296416124,2.046609294281835,1.449572622105005,3.75303826895935,3,0,191,32
-0.7987188954255833,3.9522984229838176,-0.1426519142093403,-1.7968117296416124,2.046609294281835,1.449572622105005,3,0,192,31
-0.45788148540258267,-0.7987188954255833,3.9522984229838176,-0.1426519142093403,-1.7968117296416124,2.046609294281835,3,0,193,30
1.3920313820139194,-0.45788148540258267,-0.7987188954255833,3.9522984229838176,-0.1426519142093403,-1.7968117296416124,3,0,194,29
-2.744012114416301,1.3920313820139194,-0.45788148540258267,-0.7987188954255833,3.9522984229838176,-0.1426519142093403,3,0,195,28
-1.0983992761076316,-2.744012114416301,1.3920313820139194,-0.45788148540258267,-0.7987188954255833,3.9522984229838176,3,0,196,27
-4.255025236125473,-1.0983992761076316,-2.744012114416301,1.3920313820139194,-0.45788148540258267,-0.7987188954255833,3,0,197,26
1.1536672655312779,-4.255025236125473,-1.0983992761076316,-2.744012114416301,1.3920313820139194,-0.45788148540258267,3,0,198,25
-10.404568621425756,1.1536672655312779,-4.255025236125473,-1.0983992761076316,-2.744012114416301,1.3920313820139194,3,0,199,24
5.854337228720747,-10.404568621425756,1.1536672655312779,-4.255025236125473,-1.0983992761076316,-2.744012114416301,3,0,200,23
3.162258058884486,5.854337228720747,-10.404568621425756,1.1536672655312779,-4.255025236125473,-1.0983992761076316,3,0,201,22
0.5773663869218577,3.162258058884486,5.854337228720747,-10.404568621425756,1.1536672655312779,-4.255025236125473,3,0,202,21
5.39745821419594,0.5773663869218577,3.162258058884486,5.854337228720747,-10.404568621425756,1.1536672655312779,3,0,203,20
3.432828976873592,5.39745821419594,0.5773663869218577,3.162258058884486,5.854337228720747,-10.404568621425756,3,0,204,19
3.632905117568672,3.432828976873592,5.39745821419594,0.5773663869218577,3.162258058884486,5.854337228720747,3,0,205,18
-1.2235290674298565,3.632905117568672,3.432828976873592,5.39745821419594,0.5773663869218577,3.162258058884486,3,0,206,17
6.611977442943559,-1.2235290674298565,3.632905117568672,3.432828976873592,5.39745821419594,0.5773663869218577,3,0,207,16
2.259020094233209,6.611977442943559,-1.2235290674298565,3.632905117568672,3.432828976873592,5.39745821419594,3,0,208,15
-2.5513675719236026,2.259020094233209,6.611977442943559,-1.2235290674298565,3.632905117568672,3.432828976873592,3,0,209,14
6.777686016519703,-2.5513675719236026,2.259020094233209,6.611977442943559,-1.2235290674298565,3.632905117568672,3,0,210,13
5.38247823324879,6.777686016519703,-2.5513675719236026,2.259020094233209,6.611977442943559,-1.2235290674298565,3,0,211,12
4.68813311524418,5.38247823324879,6.777686016519703,-2.5513675719236026,2.259020094233209,6.611977442943559,3,0,212,11
5.596902865010981,4.68813311524418,5.38247823324879,6.777686016519703,-2.5513675719236026,2.259020094233209,3,0,213,10
9.412991414341791,5.596902865010981,4.68813311524418,5.38247823324879,6.777686016519703,-2.5513675719236026,3,0,214,9
3.276989059669882,9.412991414341791,5.596902865010981,4.68813311524418,5.38247823324879,6.777686016519703,3,0,215,8
2.5671850707124335,3.276989059669882,9.412991414341791,5.596902865010981,4.68813311524418,5.38247823324879,3,0,216,7
4.835701121069892,2.5671850707124335,3.276989059669882,9.412991414341791,5.596902865010981,4.68813311524418,3,0,217,6
4.934009809435294,4.835701121069892,2.5671850707124335,3.276989059669882,9.412991414341791,5.596902865010981,3,1,218,5
3.591544203772985,4.934009809435294,4.835701121069892,2.5671850707124335,3.276989059669882,9.412991414341791,3,1,219,4
1.438002743506079,3.591544203772985,4.934009809435294,4.835701121069892,2.5671850707124335,3.276989059669882,3,1,220,3
7.031858248816081,1.438002743506079,3.591544203772985,4.934009809435294,4.835701121069892,2.5671850707124335,3,1,221,2
6.768841551091532,7.031858248816081,1.438002743506079,3.591544203772985,4.934009809435294,4.835701121069892,3,1,222,1
8.403907243380452,6.768841551091532,7.031858248816081,1.438002743506079,3.591544203772985,4.934009809435294,4,1,0,0
10.244675186700505,8.403907243380452,6.768841551091532,7.031858248816081,1.438002743506079,3.591544203772985,4,1,1,275
8.636365579667133,10.244675186700505,8.403907243380452,6.768841551091532,7.031858248816081,1.438002743506079,4,1,2,274
5.051010828149811,8.636365579667133,10.244675186700505,8.403907243380452,6.768841551091532,7.031858248816081,4,1,3,273
4.044960944863247,5.051010828149811,8.636365579667133,10.244675186700505,8.403907243380452,6.768841551091532,4,1,4,272
7.61659730073659,4.044960944863247,5.051010828149811,8.636365579667133,10.244675186700505,8.403907243380452,4,0,5,271
7.488347700833815,7.61659730073659,4.044960944863247,5.051010828149811,8.636365579667133,10.244675186700505,4,0,6,270
10.614784856510777,7.488347700833815,7.61659730073659,4.044960944863247,5.051010828149811,8.636365579667133,4,0,7,269
12.229921228466413,10.614784856510777,7.488347700833815,7.61659730073659,4.044960944863247,5.051010828149811,4,0,8,268
14.07400779270217,12.229921228466413,10.614784856510777,7.488347700833815,7.61659730073659,4.044960944863247,4,0,9,267
7.298989470416694,14.07400779270217,12.229921228466413,10.614784856510777,7.488347700833815,7.61659730073659,4,0,10,266
8.465457773543482,7.298989470416694,14.07400779270217,12.229921228466413,10.614784856510777,7.488347700833815,4,0,11,265
10.851781606020317,8.465457773543482,7.298989470416694,14.07400779270217,12.229921228466413,10.614784856510777,4,0,12,264
7.46023448460738,10.851781606020317,8.465457773543482,7.298989470416694,14.07400779270217,12.229921228466413,4,0,13,263
10.45831061603998,7.46023448460738,10.851781606020317,8.465457773543482,7.298989470416694,14.07400779270217,4,0,14,262
7.71696255362656,10.45831061603998,7.46023448460738,10.851781606020317,8.465457773543482,7.298989470416694,4,0,15,261
2.5604471851801325,7.71696255362656,10.45831061603998,7.46023448460738,10.851781606020317,8.465457773543482,4,0,16,260
5.952198102643088,2.5604471851801325,7.71696255362656,10.45831061603998,7.46023448460738,10.851781606020317,4,0,17,259
8.618192864434109,5.952198102643088,2.5604471851801325,7.71696255362656,10.45831061603998,7.46023448460738,4,0,18,258
13.963968496693461,8.618192864434109,5.952198102643088,2.5604471851801325,7.71696255362656,10.45831061603998,4,0,19,257
13.911157492242646,13.963968496693461,8.618192864434109,5.952198102643088,2.5604471851801325,7.71696255362656,4,0,20,256
10.80103422190853,13.911157492242646,13.963968496693461,8.618192864434109,5.952198102643088,2.5604471851801325,4,0,21,255
9.89927137230226,10.80103422190853,13.911157492242646,13.963968496693461,8.618192864434109,5.952198102643088,4,0,22,254
10.973550899951723,9.89927137230226,10.80103422190853,13.911157492242646,13.963968496693461,8.618192864434109,4,0,23,253
16.863650516903725,10.973550899951723,9.89927137230226,10.80103422190853,13.911157492242646,13.963968496693461,4,0,24,252
14.229536604441487,16.863650516903725,10.973550899951723,9.89927137230226,10.80103422190853,13.911157492242646,4,0,25,251
14.176655502965776,14.229536604441487,16.863650516903725,10.973550899951723,9.89927137230226,10.80103422190853,4,0,26,250
19.54389715469519,14.176655502965776,14.229536604441487,16.863650516903725,10.973550899951723,9.89927137230226,4,0,27,249
16.22000836008522,19.54389715469519,14.176655502965776,14.229536604441487,16.863650516903725,10.973550899951723,4,0,28,248
12.846375483157757,16.22000836008522,19.54389715469519,14.176655502965776,14.229536604441487,16.863650516903725,4,0,29,247
17.316519830689032,12.846375483157757,16.22000836008522,19.54389715469519,14.176655502965776,14.229536604441487,4,0,30,246
17.542878714157965,17.316519830689032,12.846375483157757,16.22000836008522,19.54389715469519,14.176655502965776,4,0,31,245
16.953536573147023,17.542878714157965,17.316519830689032,12.846375483157757,16.22000836008522,19.54389715469519,4,0,32,244
16.900869673173972,16.953536573147023,17.542878714157965,17.316519830689032,12.846375483157757,16.22000836008522,4,0,33,243
19.195187246396685,16.900869673173972,16.953536573147023,17.542878714157965,17.316519830689032,12.846375483157757,4,0,34,242
15.334218367296009,19.195187246396685,16.900869673173972,16.953536573147023,17.542878714157965,17.316519830689032,4,0,35,241
15.819804101329073,15.334218367296009,19.195187246396685,16.900869673173972,16.953536573147023,17.542878714157965,4,0,36,240
10.861820516717335,15.819804101329073,15.334218367296009,19.195187246396685,16.900869673173972,16.953536573147023,4,0,37,239
12.303394839048861,10.861820516717335,15.819804101329073,15.334218367296009,19.195187246396685,16.900869673173972,4,0,38,238
12.88699788495361,12.303394839048861,10.861820516717335,15.819804101329073,15.334218367296009,19.195187246396685,4,0,39,237
16.015943732960306,12.88699788495361,12.303394839048861,10.861820516717335,15.819804101329073,15.334218367296009,4,0,40,236
14.897857304994394,16.015943732960306,12.88699788495361,12.303394839048861,10.861820516717335,15.819804101329073,4,0,41,235
9.018986654754038,14.897857304994394,16.015943732960306,12.88699788495361,12.303394839048861,10.861820516717335,4,0,42,234
11.146464763495608,9.018986654754038,14.897857304994394,16.015943732960306,12.88699788495361,12.303394839048861,4,0,43,233
3.355477826044286,11.146464763495608,9.018986654754038,14.897857304994394,16.015943732960306,12.88699788495361,4,0,44,232
2.592024207404269,3.355477826044286,11.146464763495608,9.018986654754038,14.897857304994394,16.015943732960306,4,0,45,231
1.9435837687602784,2.592024207404269,3.355477826044286,11.146464763495608,9.018986654754038,14.897857304994394,4,0,46,230
1.5773283461776875,1.9435837687602784,2.592024207404269,3.355477826044286,11.146464763495608,9.018986654754038,4,0,47,229
1.7910745770588485,1.5773283461776875,1.9435837687602784,2.592024207404269,3.355477826044286,11.146464763495608,4,0,48,228
6.535037874747347,1.7910745770588485,1.5773283461776875,1.9435837687602784,2.592024207404269,3.355477826044286,4,0,49,227
4.257405674854422,6.535037874747347,1.7910745770588485,1.5773283461776875,1.9435837687602784,2.592024207404269,4,0,50,226
9.231310172076267,4.257405674854422,6.535037874747347,1.7910745770588485,1.5773283461776875,1.9435837687602784,4,0,51,225
11.291028619737904,9.231310172076267,4.257405674854422,6.535037874747347,1.7910745770588485,1.5773283461776875,4,0,52,224
8.463356992369583,11.291028619737904,9.231310172076267,4.257405674854422,6.535037874747347,1.7910745770588485,4,0,53,223
1.1776255835577558,8.463356992369583,11.291028619737904,9.231310172076267,4.257405674854422,6.535037874747347,4,0,54,222
-2.395602575203803,1.1776255835577558,8.463356992369583,11.291028619737904,9.231310172076267,4.257405674854422,4,0,55,221
1.247505820268041,-2.395602575203803,1.1776255835577558,8.463356992369583,11.291028619737904,9.231310172076267,4,0,56,220
-3.2715212702093797,1.247505820268041,-2.395602575203803,1.1776255835577558,8.463356992369583,11.291028619737904,4,0,57,219
3.1224583318974615,-3.2715212702093797,1.247505820268041,-2.395602575203803,1.1776255835577558,8.463356992369583,4,0,58,218
-0.5542501948794778,3.1224583318974615,-3.2715212702093797,1.247505820268041,-2.395602575203803,1.1776255835577558,4,0,59,217
0.40032582432133945,-0.5542501948794778,3.1224583318974615,-3.2715212702093797,1.247505820268041,-2.395602575203803,4,0,60,216
-0.41024327694597307,0.40032582432133945,-0.5542501948794778,3.1224583318974615,-3.2715212702093797,1.247505820268041,4,0,61,215
1.5917390092752801,-0.41024327694597307,0.40032582432133945,-0.5542501948794778,3.1224583318974615,-3.2715212702093797,4,0,62,214
-2.195060416597416,1.5917390092752801,-0.41024327694597307,0.40032582432133945,-0.5542501948794778,3.1224583318974615,4,0,63,213
2.8127833403392724,-2.195060416597416,1.5917390092752801,-0.41024327694597307,0.40032582432133945,-0.5542501948794778,4,0,64,212
4.242514494903578,2.8127833403392724,-2.195060416597416,1.5917390092752801,-0.41024327694597307,0.40032582432133945,4,0,65,211
-1.7763095147508912,4.242514494903578,2.8127833403392724,-2.195060416597416,1.5917390092752801,-0.41024327694597307,4,0,66,210
-1.665399905302325,-1.7763095147508912,4.242514494903578,2.8127833403392724,-2.195060416597416,1.5917390092752801,4,0,67,209
4.236831117766734,-1.665399905302325,-1.7763095147508912,4.242514494903578,2.8127833403392724,-2.195060416597416,4,0,68,208
1.8911801171788898,4.236831117766734,-1.665399905302325,-1.7763095147508912,4.242514494903578,2.8127833403392724,4,0,69,207
4.973852418127063,1.8911801171788898,4.236831117766734,-1.665399905302325,-1.7763095147508912,4.242514494903578,4,0,70,206
-0.009951784920330553,4.973852418127063,1.8911801171788898,4.236831117766734,-1.665399905302325,-1.7763095147508912,4,0,71,205
8.687210095652675,-0.009951784920330553,4.973852418127063,1.8911801171788898,4.236831117766734,-1.665399905302325,4,0,72,204
5.054420661845389,8.687210095652675,-0.009951784920330553,4.973852418127063,1.8911801171788898,4.236831117766734,4,0,73,203
4.211531658899327,5.054420661845389,8.687210095652675,-0.009951784920330553,4.973852418127063,1.8911801171788898,4,0,74,202
10.008792051053629,4.211531658899327,5.054420661845389,8.687210095652675,-0.009951784920330553,4.973852418127063,4,0,75,201
8.426656570038995,10.008792051053629,4.211531658899327,5.054420661845389,8.687210095652675,-0.009951784920330553,4,0,76,200
10.52960688908396,8.426656570038995,10.008792051053629,4.211531658899327,5.054420661845389,8.687210095652675,4,0,77,199
8.887283251585993,10.52960688908396,8.426656570038995,10.008792051053629,4.211531658899327,5.054420661845389,4,0,78,198
12.0367890401242,8.887283251585993,10.52960688908396,8.426656570038995,10.008792051053629,4.211531658899327,4,0,79,197
9.008096627157723,12.0367890401242,8.887283251585993,10.52960688908396,8.426656570038995,10.008792051053629,4,0,80,196
8.576536819216352,9.008096627157723,12.0367890401242,8.887283251585993,10.52960688908396,8.426656570038995,4,0,81,195
15.854085995729703,8.576536819216352,9.008096627157723,12.0367890401242,8.887283251585993,10.52960688908396,4,0,82,194
12.285242026618228,15.854085995729703,8.576536819216352,9.008096627157723,12.0367890401242,8.887283251585993,4,0,83,193
18.958564059952927,12.285242026618228,15.854085995729703,8.576536819216352,9.008096627157723,12.0367890401242,4,0,84,192
15.461236133545984,18.958564059952927,12.285242026618228,15.854085995729703,8.576536819216352,9.008096627157723,4,0,85,191
19.561286829307445,15.461236133545984,18.958564059952927,12.285242026618228,15.854085995729703,8.576536819216352,4,0,86,190
18.294741679511873,19.561286829307445,15.461236133545984,18.958564059952927,12.285242026618228,15.854085995729703,4,0,87,189
20.3278234384521,18.294741679511873,19.561286829307445,15.461236133545984,18.958564059952927,12.285242026618228,4,0,88,188
18.034101789437422,20.3278234384521,18.294741679511873,19.561286829307445,15.461236133545984,18.958564059952927,4,0,89,187
15.305553695209452,18.034101789437422,20.3278234384521,18.294741679511873,19.561286829307445,15.461236133545984,4,0,90,186
18.818972116302923,15.305553695209452,18.034101789437422,20.3278234384521,18.294741679511873,19.561286829307445,4,0,91,185
24.592818079763262,18.818972116302923,15.305553695209452,18.034101789437422,20.3278234384521,18.294741679511873,4,0,92,184
20.338932797060462,24.592818079763262,18.818972116302923,15.305553695209452,18.034101789437422,20.3278234384521,4,0,93,183
19.267141556087555,20.338932797060462,24.592818079763262,18.818972116302923,15.305553695209452,18.034101789437422,4,0,94,182
23.080995023712614,19.267141556087555,20.338932797060462,24.592818079763262,18.818972116302923,15.305553695209452,4,0,95,181
20.016557405399357,23.080995023712614,19.267141556087555,20.338932797060462,24.592818079763262,18.818972116302923,4,0,96,180
17.585626383919397,20.016557405399357,23.080995023712614,19.267141556087555,20.338932797060462,24.592818079763262,4,0,97,179
25.753884784247184,17.585626383919397,20.016557405399357,23.080995023712614,19.267141556087555,20.338932797060462,4,0,98,178
23.912567160679284,25.753884784247184,17.585626383919397,20.016557405399357,23.080995023712614,19.267141556087555,4,0,99,177
23.48198647041027,23.912567160679284,25.753884784247184,17.585626383919397,20.016557405399357,23.080995023712614,4,0,100,176
28.95426042694661,23.48198647041027,23.912567160679284,25.753884784247184,17.585626383919397,20.016557405399357,4,0,101,175
25.813861421111906,28.95426042694661,23.48198647041027,23.912567160679284,25.753884784247184,17.585626383919397,4,0,102,174
27.872736133014048,25.813861421111906,28.95426042694661,23.48198647041027,23.912567160679284,25.753884784247184,4,0,103,173
29.62046953164631,27.872736133014048,25.813861421111906,28.95426042694661,23.48198647041027,23.912567160679284,4,0,104,172
30.289471077222018,29.62046953164631,27.872736133014048,25.813861421111906,28.95426042694661,23.48198647041027,4,0,105,171
31.557393085027662,30.289471077222018,29.62046953164631,27.872736133014048,25.813861421111906,28.95426042694661,4,0,106,170
32.41071021342851,31.557393085027662,30.289471077222018,29.62046953164631,27.872736133014048,25.813861421111906,4,0,107,169
32.94477497964205,32.41071021342851,31.557393085027662,30.289471077222018,29.62046953164631,27.872736133014048,4,0,108,168
32.429948157336575,32.94477497964205,32.41071021342851,31.557393085027662,30.289471077222018,29.62046953164631,4,0,109,167
31.422953026411527,32.429948157336575,32.94477497964205,32.41071021342851,31.557393085027662,30.289471077222018,4,0,110,166
29.29363282658389,31.422953026411527,32.429948157336575,32.94477497964205,32.41071021342851,31.557393085027662,4,0,111,165
30.364329228043314,29.29363282658389,31.422953026411527,32.429948157336575,32.94477497964205,32.41071021342851,4,0,112,164
32.36547386570261,30.364329228043314,29.29363282658389,31.422953026411527,32.429948157336575,32.94477497964205,4,0,113,163
34.35131920081679,32.36547386570261,30.364329228043314,29.29363282658389,31.422953026411527,32.429948157336575,4,0,114,162
37.96472531799264,34.35131920081679,32.36547386570261,30.364329228043314,29.29363282658389,31.422953026411527,4,0,115,161
42.75203412588994,37.96472531799264,34.35131920081679,32.36547386570261,30.364329228043314,29.29363282658389,4,0,116,160
46.73737956507323,42.75203412588994,37.96472531799264,34.35131920081679,32.36547386570261,30.364329228043314,4,0,117,159
46.224629262073904,46.73737956507323,42.75203412588994,37.96472531799264,34.35131920081679,32.36547386570261,4,0,118,158
45.291348438999016,46.224629262073904,46.73737956507323,42.75203412588994,37.96472531799264,34.35131920081679,4,0,119,157
48.40301987182998,45.291348438999016,46.224629262073904,46.73737956507323,42.75203412588994,37.96472531799264,4,0,120,156
53.35883251611055,48.40301987182998,45.291348438999016,46.224629262073904,46.73737956507323,42.75203412588994,4,0,121,155
49.09867976343193,53.35883251611055,48.40301987182998,45.291348438999016,46.224629262073904,46.73737956507323,4,0,122,154
53.161937822253186,49.09867976343193,53.35883251611055,48.40301987182998,45.291348438999016,46.224629262073904,4,0,123,153
58.03083343291578,53.161937822253186,49.09867976343193,53.35883251611055,48.40301987182998,45.291348438999016,4,0,124,152
58.29713958666263,58.03083343291578,53.161937822253186,49.09867976343193,53.35883251611055,48.40301987182998,4,0,125,151
54.94347093983163,58.29713958666263,58.03083343291578,53.161937822253186,49.09867976343193,53.35883251611055,4,0,126,150
53.78340533780649,54.94347093983163,58.29713958666263,58.03083343291578,53.161937822253186,49.09867976343193,4,0,127,149
52.14266562028977,53.78340533780649,54.94347093983163,58.29713958666263,58.03083343291578,53.161937822253186,4,0,128,148
58.42089655647244,52.14266562028977,53.78340533780649,54.94347093983163,58.29713958666263,58.03083343291578,4,0,129,147
53.57286835908131,58.42089655647244,52.14266562028977,53.78340533780649,54.94347093983163,58.29713958666263,4,0,130,146
59.96601068612454,53.57286835908131,58.42089655647244,52.14266562028977,53.78340533780649,54.94347093983163,4,0,131,145
60.453173466340964,59.96601068612454,53.57286835908131,58.42089655647244,52.14266562028977,53.78340533780649,4,0,132,144
60.23700201621556,60.453173466340964,59.96601068612454,53.57286835908131,58.42089655647244,52.14266562028977,4,0,133,143
64.90793798359537,60.23700201621556,60.453173466340964,59.96601068612454,53.57286835908131,58.42089655647244,4,0,134,142
64.6664579922749,64.90793798359537,60.23700201621556,60.453173466340964,59.96601068612454,53.57286835908131,4,0,135,141
59.73298692241161,64.6664579922749,64.90793798359537,60.23700201621556,60.453173466340964,59.96601068612454,4,0,136,140
56.787969298856844,59.73298692241161,64.6664579922749,64.90793798359537,60.23700201621556,60.453173466340964,4,0,137,139
51.401071248218194,56.787969298856844,59.73298692241161,64.6664579922749,64.90793798359537,60.23700201621556,4,0,138,138
53.81596534020372,51.401071248218194,56.787969298856844,59.73298692241161,64.6664579922749,64.90793798359537,4,0,139,137
55.330060496997476,53.81596534020372,51.401071248218194,56.787969298856844,59.73298692241161,64.6664579922749,4,0,140,136
49.46708475773799,55.330060496997476,53.81596534020372,51.401071248218194,56.787969298856844,59.73298692241161,4,0,141,135
53.977502771695725,49.46708475773799,55.330060496997476,53.81596534020372,51.401071248218194,56.787969298856844,4,0,142,134
55.943169804114504,53.977502771695725,49.46708475773799,55.330060496997476,53.81596534020372,51.401071248218194,4,0,143,133
50.40502436722545,55.943169804114504,53.977502771695725,49.46708475773799,55.330060496997476,53.81596534020372,4,0,144,132
52.63742318593525,50.40502436722545,55.943169804114504,53.977502771695725,49.46708475773799,55.330060496997476,4,0,145,131
53.66665883385104,52.63742318593525,50.40502436722545,55.943169804114504,53.977502771695725,49.46708475773799,4,0,146,130
52.52584808838446,53.66665883385104,52.63742318593525,50.40502436722545,55.943169804114504,53.977502771695725,4,0,147,129
51.77442203944809,52.52584808838446,53.66665883385104,52.63742318593525,50.40502436722545,55.943169804114504,4,0,148,128
54.19354710423892,51.77442203944809,52.52584808838446,53.66665883385104,52.63742318593525,50.40502436722545,4,0,149,127
51.379821707861105,54.19354710423892,51.77442203944809,52.52584808838446,53.66665883385104,52.63742318593525,4,0,150,126
57.97187883195637,51.379821707861105,54.19354710423892,51.77442203944809,52.52584808838446,53.66665883385104,4,0,151,125
53.09986936381337,57.97187883195637,51.379821707861105,54.19354710423892,51.77442203944809,52.52584808838446,4,0,152,124
59.938846984065414,53.09986936381337,57.97187883195637,51.379821707861105,54.19354710423892,51.77442203944809,4,0,153,123
60.24077147399101,59.938846984065414,53.09986936381337,57.97187883195637,51.379821707861105,54.19354710423892,4,0,154,122
57.25074698603271,60.24077147399101,59.938846984065414,53.09986936381337,57.97187883195637,51.379821707861105,4,0,155,121
59.009532749037035,57.25074698603271,60.24077147399101,59.938846984065414,53.09986936381337,57.97187883195637,4,0,156,120
61.97358197975754,59.009532749037035,57.25074698603271,60.24077147399101,59.938846984065414,53.09986936381337,4,0,157,119
63.394213499301216,61.97358197975754,59.009532749037035,57.25074698603271,60.24077147399101,59.938846984065414,4,0,158,118
62.577392614573974,63.394213499301216,61.97358197975754,59.009532749037035,57.25074698603271,60.24077147399101,4,0,159,117
62.59302616989969,62.577392614573974,63.394213499301216,61.97358197975754,59.009532749037035,57.25074698603271,4,0,160,116
66.04222426575787,62.59302616989969,62.577392614573974,63.394213499301216,61.97358197975754,59.009532749037035,4,0,161,115
65.6253156286069,66.04222426575787,62.59302616989969,62.577392614573974,63.394213499301216,61.97358197975754,4,0,162,114
71.49717730507803,65.6253156286069,66.04222426575787,62.59302616989969,62.577392614573974,63.394213499301216,4,0,163,113
65.1182102712818,71.49717730507803,65.6253156286069,66.04222426575787,62.59302616989969,62.577392614573974,4,0,164,112
68.86108726602282,65.1182102712818,71.49717730507803,65.6253156286069,66.04222426575787,62.59302616989969,4,0,165,111
64.18573957119254,68.86108726602282,65.1182102712818,71.49717730507803,65.6253156286069,66.04222426575787,4,0,166,110
62.38285955110433,64.18573957119254,68.86108726602282,65.1182102712818,71.49717730507803,65.6253156286069,4,0,167,109
58.66949092238428,62.38285955110433,64.18573957119254,68.86108726602282,65.1182102712818,71.49717730507803,4,0,168,108
62.130125508424,58.66949092238428,62.38285955110433,64.18573957119254,68.86108726602282,65.1182102712818,4,0,169,107
62.305443473659615,62.130125508424,58.66949092238428,62.38285955110433,64.18573957119254,68.86108726602282,4,0,170,106
63.635343526112216,62.305443473659615,62.130125508424,58.66949092238428,62.38285955110433,64.18573957119254,4,0,171,105
62.708975146608715,63.635343526112216,62.305443473659615,62.130125508424,58.66949092238428,62.38285955110433,4,0,172,104
60.512606054087605,62.708975146608715,63.635343526112216,62.305443473659615,62.130125508424,58.66949092238428,4,0,173,103
65.6181632155315,60.512606054087605,62.708975146608715,63.635343526112216,62.305443473659615,62.130125508424,4,0,174,102
59.943424158287065,65.6181632155315,60.512606054087605,62.708975146608715,63.635343526112216,62.305443473659615,4,0,175,101
62.79037589763136,59.943424158287065,65.6181632155315,60.512606054087605,62.708975146608715,63.635343526112216,4,0,176,100
